350	5	32
0	1	0.05067 0.00000 0.00000 0.00000 0.15469 0.00000 0.08093 0.00000 0.07488 0.00000 0.23119 0.00000 0.12439 0.00000 0.08093 0.00000 0.01998 0.00000 0.18234 0.00000 0.00000 0.00000 0.00000 0.00000 0.00000 0.00000 0.00000 0.00000 0.00000 0.00000 0.00000 0.00000 
1	1	0.00695 0.00000 0.00000 0.00000 0.02780 0.00000 0.12343 0.00000 0.03712 0.00000 0.35357 0.00000 0.02473 0.00000 0.12343 0.00000 0.02415 0.00000 0.27882 0.00000 0.00000 0.00000 0.00000 0.00000 0.00000 0.00000 0.00000 0.00000 0.00000 0.00000 0.00000 0.00000 
2	1	0.05770 0.00000 0.00000 0.00000 0.17733 0.00000 0.07147 0.00000 0.09154 0.00000 0.20089 0.00000 0.14321 0.00000 0.07147 0.00000 0.02743 0.00000 0.15897 0.00000 0.00000 0.00000 0.00000 0.00000 0.00000 0.00000 0.00000 0.00000 0.00000 0.00000 0.00000 0.00000 
3	1	0.03912 0.00000 0.00000 0.00000 0.15530 0.00000 0.05981 0.00000 0.16523 0.00000 0.15964 0.00000 0.13233 0.00000 0.05981 0.00000 0.10049 0.00000 0.12828 0.00000 0.00000 0.00000 0.00000 0.00000 0.00000 0.00000 0.00000 0.00000 0.00000 0.00000 0.00000 0.00000 
4	1	0.05260 0.00000 0.00000 0.00000 0.15093 0.00000 0.08406 0.00000 0.07157 0.00000 0.23400 0.00000 0.12166 0.00000 0.08406 0.00000 0.01544 0.00000 0.18568 0.00000 0.00000 0.00000 0.00000 0.00000 0.00000 0.00000 0.00000 0.00000 0.00000 0.00000 0.00000 0.00000 
5	1	0.02810 0.00000 0.00000 0.00000 0.08099 0.00000 0.11154 0.00000 0.03551 0.00000 0.31331 0.00000 0.06446 0.00000 0.11154 0.00000 0.00623 0.00000 0.24833 0.00000 0.00000 0.00000 0.00000 0.00000 0.00000 0.00000 0.00000 0.00000 0.00000 0.00000 0.00000 0.00000 
6	1	0.02869 0.00000 0.00000 0.00000 0.08280 0.00000 0.11116 0.00000 0.03783 0.00000 0.30909 0.00000 0.06624 0.00000 0.11116 0.00000 0.00765 0.00000 0.24538 0.00000 0.00000 0.00000 0.00000 0.00000 0.00000 0.00000 0.00000 0.00000 0.00000 0.00000 0.00000 0.00000 
7	1	0.04685 0.00000 0.00000 0.00000 0.15081 0.00000 0.07441 0.00000 0.10610 0.00000 0.20951 0.00000 0.12472 0.00000 0.07441 0.00000 0.04794 0.00000 0.16524 0.00000 0.00000 0.00000 0.00000 0.00000 0.00000 0.00000 0.00000 0.00000 0.00000 0.00000 0.00000 0.00000 
8	1	0.09683 0.00000 0.00000 0.00000 0.29575 0.00000 0.02367 0.00000 0.16223 0.00000 0.05920 0.00000 0.23880 0.00000 0.02367 0.00000 0.05229 0.00000 0.04758 0.00000 0.00000 0.00000 0.00000 0.00000 0.00000 0.00000 0.00000 0.00000 0.00000 0.00000 0.00000 0.00000 
9	1	0.04445 0.00000 0.00000 0.00000 0.13711 0.00000 0.08443 0.00000 0.08254 0.00000 0.23714 0.00000 0.11167 0.00000 0.08443 0.00000 0.03089 0.00000 0.18733 0.00000 0.00000 0.00000 0.00000 0.00000 0.00000 0.00000 0.00000 0.00000 0.00000 0.00000 0.00000 0.00000 
10	1	0.04443 0.00000 0.00467 0.00000 0.12924 0.00000 0.09705 0.00000 0.06148 0.00000 0.25279 0.00000 0.10429 0.00000 0.09607 0.00000 0.01407 0.00000 0.19591 0.00000 0.00000 0.00000 0.00000 0.00000 0.00000 0.00000 0.00000 0.00000 0.00000 0.00000 0.00000 0.00000 
11	1	0.04481 0.00000 0.00000 0.00000 0.16167 0.00000 0.06085 0.00000 0.14964 0.00000 0.16943 0.00000 0.13508 0.00000 0.06085 0.00000 0.08330 0.00000 0.13436 0.00000 0.00000 0.00000 0.00000 0.00000 0.00000 0.00000 0.00000 0.00000 0.00000 0.00000 0.00000 0.00000 
12	1	0.03721 0.00000 0.00000 0.00000 0.12901 0.00000 0.07860 0.00000 0.11389 0.00000 0.22016 0.00000 0.10803 0.00000 0.07860 0.00000 0.06099 0.00000 0.17350 0.00000 0.00000 0.00000 0.00000 0.00000 0.00000 0.00000 0.00000 0.00000 0.00000 0.00000 0.00000 0.00000 
13	1	0.05785 0.00000 0.00000 0.00000 0.17390 0.00000 0.07117 0.00000 0.09371 0.00000 0.20068 0.00000 0.14209 0.00000 0.07117 0.00000 0.03015 0.00000 0.15927 0.00000 0.00000 0.00000 0.00000 0.00000 0.00000 0.00000 0.00000 0.00000 0.00000 0.00000 0.00000 0.00000 
14	1	0.13190 0.00000 0.00000 0.00000 0.38203 0.00000 0.00638 0.00000 0.13737 0.00000 0.01622 0.00000 0.30189 0.00000 0.00638 0.00000 0.00464 0.00000 0.01318 0.00000 0.00000 0.00000 0.00000 0.00000 0.00000 0.00000 0.00000 0.00000 0.00000 0.00000 0.00000 0.00000 
15	1	0.05281 0.00000 0.00000 0.00000 0.16996 0.00000 0.06406 0.00000 0.12165 0.00000 0.18565 0.00000 0.14038 0.00000 0.06406 0.00000 0.05557 0.00000 0.14586 0.00000 0.00000 0.00000 0.00000 0.00000 0.00000 0.00000 0.00000 0.00000 0.00000 0.00000 0.00000 0.00000 
16	1	0.04182 0.00000 0.00000 0.00000 0.19510 0.00000 0.02234 0.00000 0.26321 0.00000 0.06092 0.00000 0.17080 0.00000 0.02234 0.00000 0.17480 0.00000 0.04865 0.00000 0.00000 0.00000 0.00000 0.00000 0.00000 0.00000 0.00000 0.00000 0.00000 0.00000 0.00000 0.00000 
17	1	0.04681 0.00000 0.00001 0.00000 0.15791 0.00000 0.06736 0.00000 0.12197 0.00000 0.19427 0.00000 0.13110 0.00000 0.06736 0.00000 0.06016 0.00000 0.15305 0.00000 0.00000 0.00000 0.00000 0.00000 0.00000 0.00000 0.00000 0.00000 0.00000 0.00000 0.00000 0.00000 
18	1	0.05023 0.00000 0.00000 0.00000 0.15179 0.00000 0.08014 0.00000 0.07908 0.00000 0.23020 0.00000 0.12299 0.00000 0.08014 0.00000 0.02405 0.00000 0.18138 0.00000 0.00000 0.00000 0.00000 0.00000 0.00000 0.00000 0.00000 0.00000 0.00000 0.00000 0.00000 0.00000 
19	1	0.05492 0.00000 0.00012 0.00000 0.23419 0.00000 0.00844 0.00000 0.27664 0.00000 0.02211 0.00000 0.20139 0.00000 0.00844 0.00000 0.17598 0.00000 0.01775 0.00000 0.00000 0.00000 0.00000 0.00000 0.00000 0.00000 0.00000 0.00000 0.00000 0.00000 0.00000 0.00000 
20	1	0.08900 0.00000 0.00018 0.00000 0.29782 0.00000 0.00962 0.00000 0.20974 0.00000 0.02456 0.00000 0.24387 0.00000 0.00963 0.00000 0.09581 0.00000 0.01977 0.00000 0.00000 0.00000 0.00000 0.00000 0.00000 0.00000 0.00000 0.00000 0.00000 0.00000 0.00000 0.00000 
21	1	0.07111 0.00000 0.00209 0.00000 0.21725 0.00000 0.05378 0.00000 0.13405 0.00000 0.13466 0.00000 0.17785 0.00000 0.05322 0.00000 0.04999 0.00000 0.10599 0.00000 0.00000 0.00000 0.00000 0.00000 0.00000 0.00000 0.00000 0.00000 0.00000 0.00000 0.00000 0.00000 
22	1	0.03284 0.00000 0.00005 0.00000 0.19245 0.00000 0.00393 0.00000 0.33523 0.00000 0.01017 0.00000 0.17522 0.00000 0.00393 0.00000 0.23797 0.00000 0.00821 0.00000 0.00000 0.00000 0.00000 0.00000 0.00000 0.00000 0.00000 0.00000 0.00000 0.00000 0.00000 0.00000 
23	1	0.03397 0.00000 0.00001 0.00000 0.19755 0.00000 0.00279 0.00000 0.33557 0.00000 0.00636 0.00000 0.17884 0.00000 0.00279 0.00000 0.23678 0.00000 0.00535 0.00000 0.00000 0.00000 0.00000 0.00000 0.00000 0.00000 0.00000 0.00000 0.00000 0.00000 0.00000 0.00000 
24	1	0.02661 0.00000 0.00001 0.00000 0.17874 0.00000 0.00764 0.00000 0.33591 0.00000 0.01964 0.00000 0.16455 0.00000 0.00764 0.00000 0.24327 0.00000 0.01598 0.00000 0.00000 0.00000 0.00000 0.00000 0.00000 0.00000 0.00000 0.00000 0.00000 0.00000 0.00000 0.00000 
25	1	0.04978 0.00000 0.00000 0.00000 0.13991 0.00000 0.09367 0.00000 0.04978 0.00000 0.25763 0.00000 0.11067 0.00000 0.09367 0.00000 0.00000 0.00000 0.20488 0.00000 0.00000 0.00000 0.00000 0.00000 0.00000 0.00000 0.00000 0.00000 0.00000 0.00000 0.00000 0.00000 
26	1	0.05015 0.00000 0.00537 0.00000 0.14784 0.00000 0.09336 0.00000 0.06738 0.00000 0.23241 0.00000 0.11819 0.00000 0.09153 0.00000 0.01422 0.00000 0.17954 0.00000 0.00000 0.00000 0.00000 0.00000 0.00000 0.00000 0.00000 0.00000 0.00000 0.00000 0.00000 0.00000 
27	1	0.06769 0.00000 0.00000 0.00000 0.20882 0.00000 0.05824 0.00000 0.11062 0.00000 0.16303 0.00000 0.16851 0.00000 0.05824 0.00000 0.03528 0.00000 0.12957 0.00000 0.00000 0.00000 0.00000 0.00000 0.00000 0.00000 0.00000 0.00000 0.00000 0.00000 0.00000 0.00000 
28	1	0.01817 0.00000 0.00004 0.00000 0.08181 0.00000 0.09043 0.00000 0.11617 0.00000 0.25254 0.00000 0.07266 0.00000 0.09042 0.00000 0.07785 0.00000 0.19990 0.00000 0.00000 0.00000 0.00000 0.00000 0.00000 0.00000 0.00000 0.00000 0.00000 0.00000 0.00000 0.00000 
29	1	0.01579 0.00000 0.00010 0.00000 0.05245 0.00000 0.11501 0.00000 0.04812 0.00000 0.32607 0.00000 0.04455 0.00000 0.11500 0.00000 0.02612 0.00000 0.25679 0.00000 0.00000 0.00000 0.00000 0.00000 0.00000 0.00000 0.00000 0.00000 0.00000 0.00000 0.00000 0.00000 
30	1	0.01034 0.00000 0.00005 0.00000 0.02526 0.00000 0.13077 0.00000 0.01060 0.00000 0.37592 0.00000 0.02081 0.00000 0.13077 0.00000 0.00021 0.00000 0.29526 0.00000 0.00000 0.00000 0.00000 0.00000 0.00000 0.00000 0.00000 0.00000 0.00000 0.00000 0.00000 0.00000 
31	1	0.01080 0.00000 0.00002 0.00000 0.02729 0.00000 0.12930 0.00000 0.01294 0.00000 0.37265 0.00000 0.02237 0.00000 0.12931 0.00000 0.00180 0.00000 0.29351 0.00000 0.00000 0.00000 0.00000 0.00000 0.00000 0.00000 0.00000 0.00000 0.00000 0.00000 0.00000 0.00000 
32	1	0.03063 0.00000 0.00000 0.00000 0.09882 0.00000 0.09625 0.00000 0.07124 0.00000 0.27567 0.00000 0.08162 0.00000 0.09625 0.00000 0.03232 0.00000 0.21720 0.00000 0.00000 0.00000 0.00000 0.00000 0.00000 0.00000 0.00000 0.00000 0.00000 0.00000 0.00000 0.00000 
33	1	0.08235 0.00000 0.00149 0.00000 0.25080 0.00000 0.04654 0.00000 0.12075 0.00000 0.12409 0.00000 0.20068 0.00000 0.04587 0.00000 0.03119 0.00000 0.09623 0.00000 0.00000 0.00000 0.00000 0.00000 0.00000 0.00000 0.00000 0.00000 0.00000 0.00000 0.00000 0.00000 
34	1	0.04202 0.00000 0.00280 0.00000 0.18448 0.00000 0.03680 0.00000 0.23466 0.00000 0.08571 0.00000 0.16027 0.00000 0.03545 0.00000 0.15199 0.00000 0.06582 0.00000 0.00000 0.00000 0.00000 0.00000 0.00000 0.00000 0.00000 0.00000 0.00000 0.00000 0.00000 0.00000 
35	1	0.03415 0.00000 0.02485 0.00000 0.11573 0.00000 0.13216 0.00000 0.09471 0.00000 0.19728 0.00000 0.09694 0.00000 0.11770 0.00000 0.04910 0.00000 0.13739 0.00000 0.00000 0.00000 0.00000 0.00000 0.00000 0.00000 0.00000 0.00000 0.00000 0.00000 0.00000 0.00000 
36	1	0.01811 0.00000 0.01328 0.00000 0.07653 0.00000 0.11896 0.00000 0.09909 0.00000 0.24527 0.00000 0.06744 0.00000 0.11193 0.00000 0.06482 0.00000 0.18456 0.00000 0.00000 0.00000 0.00000 0.00000 0.00000 0.00000 0.00000 0.00000 0.00000 0.00000 0.00000 0.00000 
37	1	0.06984 0.00000 0.00000 0.00000 0.19617 0.00000 0.07156 0.00000 0.06995 0.00000 0.20410 0.00000 0.15596 0.00000 0.07156 0.00000 0.00010 0.00000 0.16074 0.00000 0.00000 0.00000 0.00000 0.00000 0.00000 0.00000 0.00000 0.00000 0.00000 0.00000 0.00000 0.00000 
38	1	0.03497 0.00000 0.00494 0.00000 0.08981 0.00000 0.11499 0.00000 0.04018 0.00000 0.29496 0.00000 0.07267 0.00000 0.11353 0.00000 0.00434 0.00000 0.22962 0.00000 0.00000 0.00000 0.00000 0.00000 0.00000 0.00000 0.00000 0.00000 0.00000 0.00000 0.00000 0.00000 
39	1	0.09104 0.00000 0.00310 0.00000 0.25953 0.00000 0.05170 0.00000 0.10665 0.00000 0.12232 0.00000 0.20682 0.00000 0.05080 0.00000 0.01298 0.00000 0.09504 0.00000 0.00000 0.00000 0.00000 0.00000 0.00000 0.00000 0.00000 0.00000 0.00000 0.00000 0.00000 0.00000 
40	1	0.03901 0.00000 0.00791 0.00000 0.10725 0.00000 0.11446 0.00000 0.04324 0.00000 0.27589 0.00000 0.08590 0.00000 0.11099 0.00000 0.00354 0.00000 0.21181 0.00000 0.00000 0.00000 0.00000 0.00000 0.00000 0.00000 0.00000 0.00000 0.00000 0.00000 0.00000 0.00000 
41	1	0.05123 0.00000 0.00882 0.00000 0.18229 0.00000 0.06561 0.00000 0.16101 0.00000 0.13200 0.00000 0.15293 0.00000 0.06134 0.00000 0.08731 0.00000 0.09745 0.00000 0.00000 0.00000 0.00000 0.00000 0.00000 0.00000 0.00000 0.00000 0.00000 0.00000 0.00000 0.00000 
42	1	0.05373 0.00000 0.00109 0.00000 0.23064 0.00000 0.00785 0.00000 0.28641 0.00000 0.01692 0.00000 0.20001 0.00000 0.00764 0.00000 0.18279 0.00000 0.01292 0.00000 0.00000 0.00000 0.00000 0.00000 0.00000 0.00000 0.00000 0.00000 0.00000 0.00000 0.00000 0.00000 
43	1	0.02062 0.00000 0.00000 0.00000 0.07497 0.00000 0.10166 0.00000 0.07459 0.00000 0.28989 0.00000 0.06444 0.00000 0.10166 0.00000 0.04405 0.00000 0.22812 0.00000 0.00000 0.00000 0.00000 0.00000 0.00000 0.00000 0.00000 0.00000 0.00000 0.00000 0.00000 0.00000 
44	1	0.00905 0.00000 0.00000 0.00000 0.06305 0.00000 0.09538 0.00000 0.11657 0.00000 0.26545 0.00000 0.05882 0.00000 0.09538 0.00000 0.08593 0.00000 0.21037 0.00000 0.00000 0.00000 0.00000 0.00000 0.00000 0.00000 0.00000 0.00000 0.00000 0.00000 0.00000 0.00000 
45	1	0.06305 0.00000 0.00000 0.00000 0.18487 0.00000 0.07144 0.00000 0.08571 0.00000 0.19868 0.00000 0.14858 0.00000 0.07144 0.00000 0.01843 0.00000 0.15780 0.00000 0.00000 0.00000 0.00000 0.00000 0.00000 0.00000 0.00000 0.00000 0.00000 0.00000 0.00000 0.00000 
46	1	0.03748 0.00000 0.00000 0.00000 0.12388 0.00000 0.08525 0.00000 0.08690 0.00000 0.24641 0.00000 0.10149 0.00000 0.08525 0.00000 0.03945 0.00000 0.19389 0.00000 0.00000 0.00000 0.00000 0.00000 0.00000 0.00000 0.00000 0.00000 0.00000 0.00000 0.00000 0.00000 
47	1	0.03220 0.00000 0.00000 0.00000 0.12587 0.00000 0.07448 0.00000 0.12857 0.00000 0.21293 0.00000 0.10666 0.00000 0.07448 0.00000 0.07669 0.00000 0.16812 0.00000 0.00000 0.00000 0.00000 0.00000 0.00000 0.00000 0.00000 0.00000 0.00000 0.00000 0.00000 0.00000 
48	1	0.06431 0.00000 0.00000 0.00000 0.19752 0.00000 0.05970 0.00000 0.11594 0.00000 0.16795 0.00000 0.16070 0.00000 0.05970 0.00000 0.04124 0.00000 0.13294 0.00000 0.00000 0.00000 0.00000 0.00000 0.00000 0.00000 0.00000 0.00000 0.00000 0.00000 0.00000 0.00000 
49	1	0.01862 0.00000 0.00000 0.00000 0.09947 0.00000 0.07535 0.00000 0.15140 0.00000 0.21539 0.00000 0.08873 0.00000 0.07535 0.00000 0.10582 0.00000 0.16986 0.00000 0.00000 0.00000 0.00000 0.00000 0.00000 0.00000 0.00000 0.00000 0.00000 0.00000 0.00000 0.00000 
50	1	0.01817 0.00000 0.00000 0.00000 0.10372 0.00000 0.06972 0.00000 0.17028 0.00000 0.19735 0.00000 0.09370 0.00000 0.06972 0.00000 0.12089 0.00000 0.15644 0.00000 0.00000 0.00000 0.00000 0.00000 0.00000 0.00000 0.00000 0.00000 0.00000 0.00000 0.00000 0.00000 
51	1	0.02421 0.00000 0.00000 0.00000 0.07250 0.00000 0.11201 0.00000 0.03844 0.00000 0.31855 0.00000 0.05894 0.00000 0.11201 0.00000 0.01184 0.00000 0.25151 0.00000 0.00000 0.00000 0.00000 0.00000 0.00000 0.00000 0.00000 0.00000 0.00000 0.00000 0.00000 0.00000 
52	1	0.02078 0.00000 0.00000 0.00000 0.06145 0.00000 0.11701 0.00000 0.03042 0.00000 0.33281 0.00000 0.04993 0.00000 0.11701 0.00000 0.00827 0.00000 0.26232 0.00000 0.00000 0.00000 0.00000 0.00000 0.00000 0.00000 0.00000 0.00000 0.00000 0.00000 0.00000 0.00000 
53	1	0.01629 0.00000 0.00000 0.00000 0.04751 0.00000 0.11913 0.00000 0.03551 0.00000 0.33938 0.00000 0.04010 0.00000 0.11913 0.00000 0.01539 0.00000 0.26756 0.00000 0.00000 0.00000 0.00000 0.00000 0.00000 0.00000 0.00000 0.00000 0.00000 0.00000 0.00000 0.00000 
54	1	0.00963 0.00000 0.00000 0.00000 0.02317 0.00000 0.13053 0.00000 0.01024 0.00000 0.37885 0.00000 0.01910 0.00000 0.13053 0.00000 0.00057 0.00000 0.29738 0.00000 0.00000 0.00000 0.00000 0.00000 0.00000 0.00000 0.00000 0.00000 0.00000 0.00000 0.00000 0.00000 
55	1	0.01035 0.00000 0.00000 0.00000 0.08921 0.00000 0.06677 0.00000 0.19612 0.00000 0.18856 0.00000 0.08552 0.00000 0.06677 0.00000 0.14718 0.00000 0.14952 0.00000 0.00000 0.00000 0.00000 0.00000 0.00000 0.00000 0.00000 0.00000 0.00000 0.00000 0.00000 0.00000 
56	1	0.00621 0.00000 0.00000 0.00000 0.09350 0.00000 0.05590 0.00000 0.23227 0.00000 0.15854 0.00000 0.09185 0.00000 0.05590 0.00000 0.18031 0.00000 0.12552 0.00000 0.00000 0.00000 0.00000 0.00000 0.00000 0.00000 0.00000 0.00000 0.00000 0.00000 0.00000 0.00000 
57	1	0.05034 0.00000 0.00000 0.00000 0.22579 0.00000 0.00910 0.00000 0.28361 0.00000 0.02389 0.00000 0.19509 0.00000 0.00910 0.00000 0.18372 0.00000 0.01934 0.00000 0.00000 0.00000 0.00000 0.00000 0.00000 0.00000 0.00000 0.00000 0.00000 0.00000 0.00000 0.00000 
58	1	0.06167 0.00000 0.00000 0.00000 0.22888 0.00000 0.02825 0.00000 0.20582 0.00000 0.07929 0.00000 0.19087 0.00000 0.02825 0.00000 0.11416 0.00000 0.06281 0.00000 0.00000 0.00000 0.00000 0.00000 0.00000 0.00000 0.00000 0.00000 0.00000 0.00000 0.00000 0.00000 
59	1	0.06573 0.00000 0.00000 0.00000 0.18693 0.00000 0.07190 0.00000 0.07958 0.00000 0.20206 0.00000 0.15009 0.00000 0.07190 0.00000 0.01178 0.00000 0.16003 0.00000 0.00000 0.00000 0.00000 0.00000 0.00000 0.00000 0.00000 0.00000 0.00000 0.00000 0.00000 0.00000 
60	1	0.06777 0.00000 0.00000 0.00000 0.22761 0.00000 0.04076 0.00000 0.15859 0.00000 0.11557 0.00000 0.18583 0.00000 0.04076 0.00000 0.07171 0.00000 0.09140 0.00000 0.00000 0.00000 0.00000 0.00000 0.00000 0.00000 0.00000 0.00000 0.00000 0.00000 0.00000 0.00000 
61	1	0.06106 0.00000 0.00000 0.00000 0.24901 0.00000 0.00657 0.00000 0.27119 0.00000 0.01517 0.00000 0.21189 0.00000 0.00657 0.00000 0.16572 0.00000 0.01281 0.00000 0.00000 0.00000 0.00000 0.00000 0.00000 0.00000 0.00000 0.00000 0.00000 0.00000 0.00000 0.00000 
62	1	0.09181 0.00000 0.00000 0.00000 0.30949 0.00000 0.00404 0.00000 0.21935 0.00000 0.00970 0.00000 0.25306 0.00000 0.00404 0.00000 0.10038 0.00000 0.00813 0.00000 0.00000 0.00000 0.00000 0.00000 0.00000 0.00000 0.00000 0.00000 0.00000 0.00000 0.00000 0.00000 
63	1	0.08037 0.00000 0.00000 0.00000 0.28839 0.00000 0.00244 0.00000 0.24631 0.00000 0.00552 0.00000 0.23951 0.00000 0.00244 0.00000 0.13039 0.00000 0.00460 0.00000 0.00000 0.00000 0.00000 0.00000 0.00000 0.00000 0.00000 0.00000 0.00000 0.00000 0.00000 0.00000 
64	1	0.09295 0.00000 0.00000 0.00000 0.27221 0.00000 0.04619 0.00000 0.09402 0.00000 0.13056 0.00000 0.21356 0.00000 0.04619 0.00000 0.00091 0.00000 0.10343 0.00000 0.00000 0.00000 0.00000 0.00000 0.00000 0.00000 0.00000 0.00000 0.00000 0.00000 0.00000 0.00000 
65	1	0.08694 0.00000 0.00000 0.00000 0.27899 0.00000 0.02802 0.00000 0.15652 0.00000 0.07838 0.00000 0.22458 0.00000 0.02802 0.00000 0.05606 0.00000 0.06249 0.00000 0.00000 0.00000 0.00000 0.00000 0.00000 0.00000 0.00000 0.00000 0.00000 0.00000 0.00000 0.00000 
66	1	0.06141 0.00000 0.00000 0.00000 0.24033 0.00000 0.01704 0.00000 0.23882 0.00000 0.04556 0.00000 0.20253 0.00000 0.01704 0.00000 0.14057 0.00000 0.03669 0.00000 0.00000 0.00000 0.00000 0.00000 0.00000 0.00000 0.00000 0.00000 0.00000 0.00000 0.00000 0.00000 
67	1	0.08744 0.00000 0.00000 0.00000 0.27234 0.00000 0.03340 0.00000 0.13992 0.00000 0.09714 0.00000 0.21822 0.00000 0.03340 0.00000 0.04203 0.00000 0.07612 0.00000 0.00000 0.00000 0.00000 0.00000 0.00000 0.00000 0.00000 0.00000 0.00000 0.00000 0.00000 0.00000 
68	1	0.03442 0.00000 0.00000 0.00000 0.15114 0.00000 0.05508 0.00000 0.18466 0.00000 0.15010 0.00000 0.13045 0.00000 0.05508 0.00000 0.11921 0.00000 0.11987 0.00000 0.00000 0.00000 0.00000 0.00000 0.00000 0.00000 0.00000 0.00000 0.00000 0.00000 0.00000 0.00000 
69	1	0.05651 0.00000 0.00000 0.00000 0.17558 0.00000 0.06978 0.00000 0.09816 0.00000 0.19807 0.00000 0.14217 0.00000 0.06978 0.00000 0.03329 0.00000 0.15666 0.00000 0.00000 0.00000 0.00000 0.00000 0.00000 0.00000 0.00000 0.00000 0.00000 0.00000 0.00000 0.00000 
70	2	0.12895 0.00000 0.00000 0.00000 0.37281 0.00000 0.00976 0.00000 0.13576 0.00000 0.02368 0.00000 0.29456 0.00000 0.00976 0.00000 0.00566 0.00000 0.01906 0.00000 0.00000 0.00000 0.00000 0.00000 0.00000 0.00000 0.00000 0.00000 0.00000 0.00000 0.00000 0.00000 
71	2	0.12726 0.00000 0.00000 0.00000 0.37172 0.00000 0.01096 0.00000 0.13358 0.00000 0.02614 0.00000 0.29268 0.00000 0.01096 0.00000 0.00533 0.00000 0.02136 0.00000 0.00000 0.00000 0.00000 0.00000 0.00000 0.00000 0.00000 0.00000 0.00000 0.00000 0.00000 0.00000 
72	2	0.12384 0.00000 0.00000 0.00000 0.36063 0.00000 0.01337 0.00000 0.13274 0.00000 0.03539 0.00000 0.28514 0.00000 0.01337 0.00000 0.00736 0.00000 0.02816 0.00000 0.00000 0.00000 0.00000 0.00000 0.00000 0.00000 0.00000 0.00000 0.00000 0.00000 0.00000 0.00000 
73	2	0.12700 0.00000 0.00000 0.00000 0.36851 0.00000 0.01139 0.00000 0.13569 0.00000 0.02626 0.00000 0.29107 0.00000 0.01139 0.00000 0.00707 0.00000 0.02163 0.00000 0.00000 0.00000 0.00000 0.00000 0.00000 0.00000 0.00000 0.00000 0.00000 0.00000 0.00000 0.00000 
74	2	0.11859 0.00000 0.00000 0.00000 0.34516 0.00000 0.01950 0.00000 0.12430 0.00000 0.05333 0.00000 0.27242 0.00000 0.01950 0.00000 0.00489 0.00000 0.04231 0.00000 0.00000 0.00000 0.00000 0.00000 0.00000 0.00000 0.00000 0.00000 0.00000 0.00000 0.00000 0.00000 
75	2	0.00248 0.00000 0.00001 0.00000 0.00828 0.00000 0.13392 0.00000 0.01004 0.00000 0.39073 0.00000 0.00773 0.00000 0.13392 0.00000 0.00653 0.00000 0.30634 0.00000 0.00000 0.00000 0.00000 0.00000 0.00000 0.00000 0.00000 0.00000 0.00000 0.00000 0.00000 0.00000 
76	2	0.00079 0.00000 0.00001 0.00000 0.00586 0.00000 0.13349 0.00000 0.01140 0.00000 0.39279 0.00000 0.00572 0.00000 0.13349 0.00000 0.00897 0.00000 0.30748 0.00000 0.00000 0.00000 0.00000 0.00000 0.00000 0.00000 0.00000 0.00000 0.00000 0.00000 0.00000 0.00000 
77	2	0.00342 0.00000 0.00000 0.00000 0.06113 0.00000 0.08476 0.00000 0.15406 0.00000 0.24199 0.00000 0.05983 0.00000 0.08476 0.00000 0.11918 0.00000 0.19087 0.00000 0.00000 0.00000 0.00000 0.00000 0.00000 0.00000 0.00000 0.00000 0.00000 0.00000 0.00000 0.00000 
78	2	0.02850 0.00000 0.00000 0.00000 0.09183 0.00000 0.10145 0.00000 0.05426 0.00000 0.29500 0.00000 0.07472 0.00000 0.10145 0.00000 0.02115 0.00000 0.23166 0.00000 0.00000 0.00000 0.00000 0.00000 0.00000 0.00000 0.00000 0.00000 0.00000 0.00000 0.00000 0.00000 
79	2	0.02140 0.00000 0.00000 0.00000 0.08014 0.00000 0.09997 0.00000 0.07154 0.00000 0.29061 0.00000 0.06735 0.00000 0.09997 0.00000 0.04093 0.00000 0.22809 0.00000 0.00000 0.00000 0.00000 0.00000 0.00000 0.00000 0.00000 0.00000 0.00000 0.00000 0.00000 0.00000 
80	2	0.06447 0.00000 0.00000 0.00000 0.24948 0.00000 0.00698 0.00000 0.27067 0.00000 0.01436 0.00000 0.21284 0.00000 0.00698 0.00000 0.16236 0.00000 0.01185 0.00000 0.00000 0.00000 0.00000 0.00000 0.00000 0.00000 0.00000 0.00000 0.00000 0.00000 0.00000 0.00000 
81	2	0.01419 0.00000 0.00001 0.00000 0.04797 0.00000 0.11774 0.00000 0.03830 0.00000 0.33800 0.00000 0.04028 0.00000 0.11773 0.00000 0.01943 0.00000 0.26637 0.00000 0.00000 0.00000 0.00000 0.00000 0.00000 0.00000 0.00000 0.00000 0.00000 0.00000 0.00000 0.00000 
82	2	0.03252 0.00000 0.00000 0.00000 0.15979 0.00000 0.04218 0.00000 0.22700 0.00000 0.11181 0.00000 0.14147 0.00000 0.04218 0.00000 0.15378 0.00000 0.08927 0.00000 0.00000 0.00000 0.00000 0.00000 0.00000 0.00000 0.00000 0.00000 0.00000 0.00000 0.00000 0.00000 
83	2	0.02786 0.00000 0.00000 0.00000 0.13221 0.00000 0.05921 0.00000 0.18018 0.00000 0.17017 0.00000 0.11638 0.00000 0.05921 0.00000 0.12084 0.00000 0.13394 0.00000 0.00000 0.00000 0.00000 0.00000 0.00000 0.00000 0.00000 0.00000 0.00000 0.00000 0.00000 0.00000 
84	2	0.01885 0.00000 0.00000 0.00000 0.15532 0.00000 0.01756 0.00000 0.32151 0.00000 0.04717 0.00000 0.14563 0.00000 0.01756 0.00000 0.23851 0.00000 0.03790 0.00000 0.00000 0.00000 0.00000 0.00000 0.00000 0.00000 0.00000 0.00000 0.00000 0.00000 0.00000 0.00000 
85	2	0.01877 0.00000 0.00000 0.00000 0.12608 0.00000 0.04904 0.00000 0.22994 0.00000 0.13557 0.00000 0.11663 0.00000 0.04904 0.00000 0.16737 0.00000 0.10757 0.00000 0.00000 0.00000 0.00000 0.00000 0.00000 0.00000 0.00000 0.00000 0.00000 0.00000 0.00000 0.00000 
86	2	0.02943 0.00000 0.00000 0.00000 0.15097 0.00000 0.04492 0.00000 0.22176 0.00000 0.12311 0.00000 0.13430 0.00000 0.04492 0.00000 0.15241 0.00000 0.09819 0.00000 0.00000 0.00000 0.00000 0.00000 0.00000 0.00000 0.00000 0.00000 0.00000 0.00000 0.00000 0.00000 
87	2	0.03535 0.00000 0.00000 0.00000 0.15832 0.00000 0.04847 0.00000 0.20000 0.00000 0.13406 0.00000 0.13808 0.00000 0.04847 0.00000 0.13068 0.00000 0.10658 0.00000 0.00000 0.00000 0.00000 0.00000 0.00000 0.00000 0.00000 0.00000 0.00000 0.00000 0.00000 0.00000 
88	2	0.03515 0.00000 0.00000 0.00000 0.16795 0.00000 0.03938 0.00000 0.22528 0.00000 0.10788 0.00000 0.14778 0.00000 0.03938 0.00000 0.15122 0.00000 0.08597 0.00000 0.00000 0.00000 0.00000 0.00000 0.00000 0.00000 0.00000 0.00000 0.00000 0.00000 0.00000 0.00000 
89	2	0.05944 0.00000 0.00000 0.00000 0.19365 0.00000 0.06197 0.00000 0.10914 0.00000 0.17764 0.00000 0.15600 0.00000 0.06197 0.00000 0.04060 0.00000 0.13960 0.00000 0.00000 0.00000 0.00000 0.00000 0.00000 0.00000 0.00000 0.00000 0.00000 0.00000 0.00000 0.00000 
90	2	0.02842 0.00000 0.00000 0.00000 0.12248 0.00000 0.07159 0.00000 0.14117 0.00000 0.20744 0.00000 0.10512 0.00000 0.07159 0.00000 0.08941 0.00000 0.16278 0.00000 0.00000 0.00000 0.00000 0.00000 0.00000 0.00000 0.00000 0.00000 0.00000 0.00000 0.00000 0.00000 
91	2	0.00325 0.00000 0.00000 0.00000 0.13996 0.00000 0.00289 0.00000 0.39340 0.00000 0.00741 0.00000 0.13890 0.00000 0.00289 0.00000 0.30562 0.00000 0.00568 0.00000 0.00000 0.00000 0.00000 0.00000 0.00000 0.00000 0.00000 0.00000 0.00000 0.00000 0.00000 0.00000 
92	2	0.09836 0.00000 0.00002 0.00000 0.28553 0.00000 0.03684 0.00000 0.11540 0.00000 0.10334 0.00000 0.22790 0.00000 0.03684 0.00000 0.01410 0.00000 0.08166 0.00000 0.00000 0.00000 0.00000 0.00000 0.00000 0.00000 0.00000 0.00000 0.00000 0.00000 0.00000 0.00000 
93	2	0.11694 0.00000 0.00000 0.00000 0.33362 0.00000 0.02199 0.00000 0.12712 0.00000 0.05844 0.00000 0.26499 0.00000 0.02199 0.00000 0.00836 0.00000 0.04655 0.00000 0.00000 0.00000 0.00000 0.00000 0.00000 0.00000 0.00000 0.00000 0.00000 0.00000 0.00000 0.00000 
94	2	0.10340 0.00000 0.00000 0.00000 0.29430 0.00000 0.03612 0.00000 0.11135 0.00000 0.09950 0.00000 0.23366 0.00000 0.03612 0.00000 0.00680 0.00000 0.07874 0.00000 0.00000 0.00000 0.00000 0.00000 0.00000 0.00000 0.00000 0.00000 0.00000 0.00000 0.00000 0.00000 
95	2	0.07793 0.00000 0.00000 0.00000 0.23456 0.00000 0.04527 0.00000 0.14381 0.00000 0.11297 0.00000 0.19456 0.00000 0.04527 0.00000 0.05427 0.00000 0.09137 0.00000 0.00000 0.00000 0.00000 0.00000 0.00000 0.00000 0.00000 0.00000 0.00000 0.00000 0.00000 0.00000 
96	2	0.10403 0.00000 0.00000 0.00000 0.29673 0.00000 0.03498 0.00000 0.11389 0.00000 0.09492 0.00000 0.23654 0.00000 0.03498 0.00000 0.00842 0.00000 0.07550 0.00000 0.00000 0.00000 0.00000 0.00000 0.00000 0.00000 0.00000 0.00000 0.00000 0.00000 0.00000 0.00000 
97	2	0.11829 0.00000 0.00004 0.00000 0.33589 0.00000 0.02320 0.00000 0.12065 0.00000 0.06139 0.00000 0.26601 0.00000 0.02319 0.00000 0.00203 0.00000 0.04932 0.00000 0.00000 0.00000 0.00000 0.00000 0.00000 0.00000 0.00000 0.00000 0.00000 0.00000 0.00000 0.00000 
98	2	0.10060 0.00000 0.00000 0.00000 0.30339 0.00000 0.02392 0.00000 0.14962 0.00000 0.06410 0.00000 0.24429 0.00000 0.02392 0.00000 0.03907 0.00000 0.05108 0.00000 0.00000 0.00000 0.00000 0.00000 0.00000 0.00000 0.00000 0.00000 0.00000 0.00000 0.00000 0.00000 
99	2	0.10352 0.00000 0.00000 0.00000 0.29974 0.00000 0.03281 0.00000 0.12302 0.00000 0.08510 0.00000 0.23870 0.00000 0.03281 0.00000 0.01602 0.00000 0.06828 0.00000 0.00000 0.00000 0.00000 0.00000 0.00000 0.00000 0.00000 0.00000 0.00000 0.00000 0.00000 0.00000 
100	2	0.11022 0.00000 0.00002 0.00000 0.31630 0.00000 0.02907 0.00000 0.11393 0.00000 0.08267 0.00000 0.25040 0.00000 0.02907 0.00000 0.00331 0.00000 0.06501 0.00000 0.00000 0.00000 0.00000 0.00000 0.00000 0.00000 0.00000 0.00000 0.00000 0.00000 0.00000 0.00000 
101	2	0.10627 0.00000 0.00001 0.00000 0.30412 0.00000 0.03315 0.00000 0.11149 0.00000 0.09304 0.00000 0.24069 0.00000 0.03315 0.00000 0.00449 0.00000 0.07359 0.00000 0.00000 0.00000 0.00000 0.00000 0.00000 0.00000 0.00000 0.00000 0.00000 0.00000 0.00000 0.00000 
102	2	0.13538 0.00000 0.00000 0.00000 0.38715 0.00000 0.00379 0.00000 0.14508 0.00000 0.00628 0.00000 0.30579 0.00000 0.00379 0.00000 0.00755 0.00000 0.00521 0.00000 0.00000 0.00000 0.00000 0.00000 0.00000 0.00000 0.00000 0.00000 0.00000 0.00000 0.00000 0.00000 
103	2	0.08697 0.00000 0.00000 0.00000 0.25642 0.00000 0.04694 0.00000 0.10534 0.00000 0.13298 0.00000 0.20429 0.00000 0.04694 0.00000 0.01543 0.00000 0.10469 0.00000 0.00000 0.00000 0.00000 0.00000 0.00000 0.00000 0.00000 0.00000 0.00000 0.00000 0.00000 0.00000 
104	2	0.10193 0.00000 0.00000 0.00000 0.29938 0.00000 0.03100 0.00000 0.12559 0.00000 0.08497 0.00000 0.23903 0.00000 0.03100 0.00000 0.01981 0.00000 0.06729 0.00000 0.00000 0.00000 0.00000 0.00000 0.00000 0.00000 0.00000 0.00000 0.00000 0.00000 0.00000 0.00000 
105	2	0.10881 0.00000 0.00002 0.00000 0.31145 0.00000 0.03121 0.00000 0.11209 0.00000 0.08707 0.00000 0.24632 0.00000 0.03120 0.00000 0.00286 0.00000 0.06897 0.00000 0.00000 0.00000 0.00000 0.00000 0.00000 0.00000 0.00000 0.00000 0.00000 0.00000 0.00000 0.00000 
106	2	0.11219 0.00000 0.00000 0.00000 0.32101 0.00000 0.02704 0.00000 0.11741 0.00000 0.07611 0.00000 0.25458 0.00000 0.02704 0.00000 0.00456 0.00000 0.06007 0.00000 0.00000 0.00000 0.00000 0.00000 0.00000 0.00000 0.00000 0.00000 0.00000 0.00000 0.00000 0.00000 
107	2	0.09440 0.00000 0.00000 0.00000 0.28275 0.00000 0.03323 0.00000 0.13447 0.00000 0.09054 0.00000 0.22717 0.00000 0.03323 0.00000 0.03228 0.00000 0.07193 0.00000 0.00000 0.00000 0.00000 0.00000 0.00000 0.00000 0.00000 0.00000 0.00000 0.00000 0.00000 0.00000 
108	2	0.09902 0.00000 0.00000 0.00000 0.28284 0.00000 0.03957 0.00000 0.10841 0.00000 0.11008 0.00000 0.22525 0.00000 0.03957 0.00000 0.00813 0.00000 0.08713 0.00000 0.00000 0.00000 0.00000 0.00000 0.00000 0.00000 0.00000 0.00000 0.00000 0.00000 0.00000 0.00000 
109	2	0.09353 0.00000 0.00000 0.00000 0.26928 0.00000 0.04431 0.00000 0.10355 0.00000 0.12496 0.00000 0.21335 0.00000 0.04431 0.00000 0.00822 0.00000 0.09849 0.00000 0.00000 0.00000 0.00000 0.00000 0.00000 0.00000 0.00000 0.00000 0.00000 0.00000 0.00000 0.00000 
110	2	0.07873 0.00000 0.00022 0.00000 0.21822 0.00000 0.06221 0.00000 0.08348 0.00000 0.17713 0.00000 0.17461 0.00000 0.06217 0.00000 0.00403 0.00000 0.13921 0.00000 0.00000 0.00000 0.00000 0.00000 0.00000 0.00000 0.00000 0.00000 0.00000 0.00000 0.00000 0.00000 
111	2	0.11537 0.00000 0.00000 0.00000 0.32527 0.00000 0.02526 0.00000 0.12596 0.00000 0.06328 0.00000 0.25983 0.00000 0.02526 0.00000 0.00894 0.00000 0.05083 0.00000 0.00000 0.00000 0.00000 0.00000 0.00000 0.00000 0.00000 0.00000 0.00000 0.00000 0.00000 0.00000 
112	2	0.10297 0.00000 0.00004 0.00000 0.29946 0.00000 0.03062 0.00000 0.12651 0.00000 0.08427 0.00000 0.23942 0.00000 0.03062 0.00000 0.01911 0.00000 0.06697 0.00000 0.00000 0.00000 0.00000 0.00000 0.00000 0.00000 0.00000 0.00000 0.00000 0.00000 0.00000 0.00000 
113	2	0.13477 0.00000 0.00000 0.00000 0.39191 0.00000 0.00331 0.00000 0.14207 0.00000 0.00602 0.00000 0.30777 0.00000 0.00331 0.00000 0.00581 0.00000 0.00504 0.00000 0.00000 0.00000 0.00000 0.00000 0.00000 0.00000 0.00000 0.00000 0.00000 0.00000 0.00000 0.00000 
114	2	0.13382 0.00000 0.00000 0.00000 0.38424 0.00000 0.00527 0.00000 0.14332 0.00000 0.00907 0.00000 0.30387 0.00000 0.00527 0.00000 0.00747 0.00000 0.00768 0.00000 0.00000 0.00000 0.00000 0.00000 0.00000 0.00000 0.00000 0.00000 0.00000 0.00000 0.00000 0.00000 
115	2	0.13461 0.00000 0.00000 0.00000 0.38720 0.00000 0.00276 0.00000 0.14741 0.00000 0.00444 0.00000 0.30663 0.00000 0.00276 0.00000 0.01041 0.00000 0.00378 0.00000 0.00000 0.00000 0.00000 0.00000 0.00000 0.00000 0.00000 0.00000 0.00000 0.00000 0.00000 0.00000 
116	2	0.10666 0.00000 0.00000 0.00000 0.33883 0.00000 0.00245 0.00000 0.19695 0.00000 0.00410 0.00000 0.27335 0.00000 0.00245 0.00000 0.07175 0.00000 0.00346 0.00000 0.00000 0.00000 0.00000 0.00000 0.00000 0.00000 0.00000 0.00000 0.00000 0.00000 0.00000 0.00000 
117	2	0.10041 0.00000 0.00117 0.00000 0.30765 0.00000 0.02234 0.00000 0.15888 0.00000 0.05235 0.00000 0.24732 0.00000 0.02179 0.00000 0.04707 0.00000 0.04101 0.00000 0.00000 0.00000 0.00000 0.00000 0.00000 0.00000 0.00000 0.00000 0.00000 0.00000 0.00000 0.00000 
118	2	0.06442 0.00000 0.00112 0.00000 0.22464 0.00000 0.03480 0.00000 0.19001 0.00000 0.09147 0.00000 0.18783 0.00000 0.03433 0.00000 0.09973 0.00000 0.07165 0.00000 0.00000 0.00000 0.00000 0.00000 0.00000 0.00000 0.00000 0.00000 0.00000 0.00000 0.00000 0.00000 
119	2	0.04727 0.00000 0.00000 0.00000 0.21962 0.00000 0.00928 0.00000 0.29057 0.00000 0.02215 0.00000 0.19141 0.00000 0.00928 0.00000 0.19194 0.00000 0.01848 0.00000 0.00000 0.00000 0.00000 0.00000 0.00000 0.00000 0.00000 0.00000 0.00000 0.00000 0.00000 0.00000 
120	2	0.08125 0.00000 0.00000 0.00000 0.28187 0.00000 0.00718 0.00000 0.23435 0.00000 0.01692 0.00000 0.23532 0.00000 0.00718 0.00000 0.12183 0.00000 0.01409 0.00000 0.00000 0.00000 0.00000 0.00000 0.00000 0.00000 0.00000 0.00000 0.00000 0.00000 0.00000 0.00000 
121	2	0.05396 0.00000 0.00000 0.00000 0.23367 0.00000 0.00499 0.00000 0.29248 0.00000 0.01134 0.00000 0.20210 0.00000 0.00499 0.00000 0.18693 0.00000 0.00953 0.00000 0.00000 0.00000 0.00000 0.00000 0.00000 0.00000 0.00000 0.00000 0.00000 0.00000 0.00000 0.00000 
122	2	0.09297 0.00000 0.00000 0.00000 0.26905 0.00000 0.04535 0.00000 0.09848 0.00000 0.12934 0.00000 0.21248 0.00000 0.04535 0.00000 0.00488 0.00000 0.10210 0.00000 0.00000 0.00000 0.00000 0.00000 0.00000 0.00000 0.00000 0.00000 0.00000 0.00000 0.00000 0.00000 
123	2	0.03665 0.00000 0.00000 0.00000 0.20036 0.00000 0.00155 0.00000 0.33814 0.00000 0.00291 0.00000 0.18034 0.00000 0.00155 0.00000 0.23613 0.00000 0.00238 0.00000 0.00000 0.00000 0.00000 0.00000 0.00000 0.00000 0.00000 0.00000 0.00000 0.00000 0.00000 0.00000 
124	2	0.10115 0.00000 0.00000 0.00000 0.31311 0.00000 0.01828 0.00000 0.16319 0.00000 0.04672 0.00000 0.25150 0.00000 0.01828 0.00000 0.05003 0.00000 0.03773 0.00000 0.00000 0.00000 0.00000 0.00000 0.00000 0.00000 0.00000 0.00000 0.00000 0.00000 0.00000 0.00000 
125	2	0.11987 0.00000 0.00000 0.00000 0.34833 0.00000 0.01781 0.00000 0.12905 0.00000 0.04685 0.00000 0.27512 0.00000 0.01781 0.00000 0.00767 0.00000 0.03749 0.00000 0.00000 0.00000 0.00000 0.00000 0.00000 0.00000 0.00000 0.00000 0.00000 0.00000 0.00000 0.00000 
126	2	0.08010 0.00000 0.00000 0.00000 0.27507 0.00000 0.01197 0.00000 0.22755 0.00000 0.02691 0.00000 0.22810 0.00000 0.01197 0.00000 0.11647 0.00000 0.02184 0.00000 0.00000 0.00000 0.00000 0.00000 0.00000 0.00000 0.00000 0.00000 0.00000 0.00000 0.00000 0.00000 
127	2	0.13318 0.00000 0.00000 0.00000 0.38238 0.00000 0.00435 0.00000 0.14856 0.00000 0.00720 0.00000 0.30179 0.00000 0.00435 0.00000 0.01208 0.00000 0.00612 0.00000 0.00000 0.00000 0.00000 0.00000 0.00000 0.00000 0.00000 0.00000 0.00000 0.00000 0.00000 0.00000 
128	2	0.03746 0.00000 0.00000 0.00000 0.20468 0.00000 0.00269 0.00000 0.32935 0.00000 0.00635 0.00000 0.18288 0.00000 0.00269 0.00000 0.22867 0.00000 0.00521 0.00000 0.00000 0.00000 0.00000 0.00000 0.00000 0.00000 0.00000 0.00000 0.00000 0.00000 0.00000 0.00000 
129	2	0.04662 0.00000 0.00000 0.00000 0.21937 0.00000 0.00622 0.00000 0.30109 0.00000 0.01623 0.00000 0.19168 0.00000 0.00622 0.00000 0.19949 0.00000 0.01307 0.00000 0.00000 0.00000 0.00000 0.00000 0.00000 0.00000 0.00000 0.00000 0.00000 0.00000 0.00000 0.00000 
130	2	0.02864 0.00000 0.00000 0.00000 0.18745 0.00000 0.00421 0.00000 0.34066 0.00000 0.01060 0.00000 0.17083 0.00000 0.00421 0.00000 0.24491 0.00000 0.00850 0.00000 0.00000 0.00000 0.00000 0.00000 0.00000 0.00000 0.00000 0.00000 0.00000 0.00000 0.00000 0.00000 
131	2	0.06659 0.00000 0.00000 0.00000 0.23048 0.00000 0.02847 0.00000 0.20814 0.00000 0.07395 0.00000 0.19321 0.00000 0.02847 0.00000 0.11203 0.00000 0.05866 0.00000 0.00000 0.00000 0.00000 0.00000 0.00000 0.00000 0.00000 0.00000 0.00000 0.00000 0.00000 0.00000 
132	2	0.06613 0.00000 0.00000 0.00000 0.20571 0.00000 0.05538 0.00000 0.12539 0.00000 0.15506 0.00000 0.16670 0.00000 0.05538 0.00000 0.04778 0.00000 0.12247 0.00000 0.00000 0.00000 0.00000 0.00000 0.00000 0.00000 0.00000 0.00000 0.00000 0.00000 0.00000 0.00000 
133	2	0.12756 0.00000 0.00000 0.00000 0.37063 0.00000 0.00724 0.00000 0.15146 0.00000 0.01276 0.00000 0.29360 0.00000 0.00724 0.00000 0.01908 0.00000 0.01042 0.00000 0.00000 0.00000 0.00000 0.00000 0.00000 0.00000 0.00000 0.00000 0.00000 0.00000 0.00000 0.00000 
134	2	0.04673 0.00000 0.00000 0.00000 0.21953 0.00000 0.00364 0.00000 0.31131 0.00000 0.00808 0.00000 0.19312 0.00000 0.00364 0.00000 0.20721 0.00000 0.00673 0.00000 0.00000 0.00000 0.00000 0.00000 0.00000 0.00000 0.00000 0.00000 0.00000 0.00000 0.00000 0.00000 
135	2	0.03396 0.00000 0.00000 0.00000 0.16713 0.00000 0.03596 0.00000 0.24161 0.00000 0.09509 0.00000 0.14888 0.00000 0.03596 0.00000 0.16510 0.00000 0.07633 0.00000 0.00000 0.00000 0.00000 0.00000 0.00000 0.00000 0.00000 0.00000 0.00000 0.00000 0.00000 0.00000 
136	2	0.04185 0.00000 0.00000 0.00000 0.16665 0.00000 0.05346 0.00000 0.17256 0.00000 0.14798 0.00000 0.14192 0.00000 0.05346 0.00000 0.10466 0.00000 0.11745 0.00000 0.00000 0.00000 0.00000 0.00000 0.00000 0.00000 0.00000 0.00000 0.00000 0.00000 0.00000 0.00000 
137	2	0.05446 0.00000 0.00000 0.00000 0.23560 0.00000 0.00365 0.00000 0.29467 0.00000 0.00839 0.00000 0.20403 0.00000 0.00365 0.00000 0.18878 0.00000 0.00677 0.00000 0.00000 0.00000 0.00000 0.00000 0.00000 0.00000 0.00000 0.00000 0.00000 0.00000 0.00000 0.00000 
138	2	0.10662 0.00000 0.00000 0.00000 0.33727 0.00000 0.00480 0.00000 0.18951 0.00000 0.01023 0.00000 0.27210 0.00000 0.00480 0.00000 0.06622 0.00000 0.00844 0.00000 0.00000 0.00000 0.00000 0.00000 0.00000 0.00000 0.00000 0.00000 0.00000 0.00000 0.00000 0.00000 
139	2	0.12916 0.00000 0.00000 0.00000 0.37453 0.00000 0.00822 0.00000 0.14215 0.00000 0.01718 0.00000 0.29532 0.00000 0.00822 0.00000 0.01057 0.00000 0.01466 0.00000 0.00000 0.00000 0.00000 0.00000 0.00000 0.00000 0.00000 0.00000 0.00000 0.00000 0.00000 0.00000 
140	3	0.11675 0.00000 0.00109 0.00000 0.33728 0.00000 0.02380 0.00000 0.12128 0.00000 0.05911 0.00000 0.26688 0.00000 0.02343 0.00000 0.00399 0.00000 0.04640 0.00000 0.00000 0.00000 0.00000 0.00000 0.00000 0.00000 0.00000 0.00000 0.00000 0.00000 0.00000 0.00000 
141	3	0.08284 0.00000 0.00051 0.00000 0.24008 0.00000 0.05049 0.00000 0.10971 0.00000 0.13930 0.00000 0.19467 0.00000 0.05044 0.00000 0.02223 0.00000 0.10973 0.00000 0.00000 0.00000 0.00000 0.00000 0.00000 0.00000 0.00000 0.00000 0.00000 0.00000 0.00000 0.00000 
142	3	0.12450 0.00000 0.00002 0.00000 0.36193 0.00000 0.01186 0.00000 0.13602 0.00000 0.03192 0.00000 0.28668 0.00000 0.01186 0.00000 0.00961 0.00000 0.02561 0.00000 0.00000 0.00000 0.00000 0.00000 0.00000 0.00000 0.00000 0.00000 0.00000 0.00000 0.00000 0.00000 
143	3	0.11279 0.00000 0.00057 0.00000 0.32738 0.00000 0.02153 0.00000 0.13558 0.00000 0.05602 0.00000 0.26108 0.00000 0.02149 0.00000 0.01881 0.00000 0.04475 0.00000 0.00000 0.00000 0.00000 0.00000 0.00000 0.00000 0.00000 0.00000 0.00000 0.00000 0.00000 0.00000 
144	3	0.11756 0.00000 0.00002 0.00000 0.34238 0.00000 0.01983 0.00000 0.13647 0.00000 0.04169 0.00000 0.27156 0.00000 0.01983 0.00000 0.01549 0.00000 0.03516 0.00000 0.00000 0.00000 0.00000 0.00000 0.00000 0.00000 0.00000 0.00000 0.00000 0.00000 0.00000 0.00000 
145	3	0.09676 0.00000 0.00001 0.00000 0.29764 0.00000 0.02326 0.00000 0.16923 0.00000 0.04964 0.00000 0.24054 0.00000 0.02326 0.00000 0.05837 0.00000 0.04129 0.00000 0.00000 0.00000 0.00000 0.00000 0.00000 0.00000 0.00000 0.00000 0.00000 0.00000 0.00000 0.00000 
146	3	0.09860 0.00000 0.00001 0.00000 0.28276 0.00000 0.03581 0.00000 0.13367 0.00000 0.08788 0.00000 0.22629 0.00000 0.03581 0.00000 0.02811 0.00000 0.07106 0.00000 0.00000 0.00000 0.00000 0.00000 0.00000 0.00000 0.00000 0.00000 0.00000 0.00000 0.00000 0.00000 
147	3	0.11109 0.00000 0.00026 0.00000 0.31367 0.00000 0.02975 0.00000 0.12355 0.00000 0.07107 0.00000 0.25126 0.00000 0.02974 0.00000 0.01105 0.00000 0.05856 0.00000 0.00000 0.00000 0.00000 0.00000 0.00000 0.00000 0.00000 0.00000 0.00000 0.00000 0.00000 0.00000 
148	3	0.08127 0.00000 0.00264 0.00000 0.23664 0.00000 0.05692 0.00000 0.10793 0.00000 0.13771 0.00000 0.19048 0.00000 0.05582 0.00000 0.02216 0.00000 0.10844 0.00000 0.00000 0.00000 0.00000 0.00000 0.00000 0.00000 0.00000 0.00000 0.00000 0.00000 0.00000 0.00000 
149	3	0.06027 0.00000 0.00097 0.00000 0.17027 0.00000 0.08296 0.00000 0.06235 0.00000 0.22425 0.00000 0.13528 0.00000 0.08289 0.00000 0.00185 0.00000 0.17890 0.00000 0.00000 0.00000 0.00000 0.00000 0.00000 0.00000 0.00000 0.00000 0.00000 0.00000 0.00000 0.00000 
150	3	0.04993 0.00000 0.00115 0.00000 0.13881 0.00000 0.09278 0.00000 0.05276 0.00000 0.25596 0.00000 0.11084 0.00000 0.09265 0.00000 0.00244 0.00000 0.20267 0.00000 0.00000 0.00000 0.00000 0.00000 0.00000 0.00000 0.00000 0.00000 0.00000 0.00000 0.00000 0.00000 
151	3	0.04851 0.00000 0.00229 0.00000 0.13480 0.00000 0.09549 0.00000 0.05300 0.00000 0.25665 0.00000 0.10832 0.00000 0.09486 0.00000 0.00385 0.00000 0.20223 0.00000 0.00000 0.00000 0.00000 0.00000 0.00000 0.00000 0.00000 0.00000 0.00000 0.00000 0.00000 0.00000 
152	3	0.06658 0.00000 0.00338 0.00000 0.18742 0.00000 0.07962 0.00000 0.06927 0.00000 0.20400 0.00000 0.14897 0.00000 0.07852 0.00000 0.00238 0.00000 0.15987 0.00000 0.00000 0.00000 0.00000 0.00000 0.00000 0.00000 0.00000 0.00000 0.00000 0.00000 0.00000 0.00000 
153	3	0.11788 0.00000 0.00015 0.00000 0.33392 0.00000 0.02292 0.00000 0.12962 0.00000 0.05167 0.00000 0.26694 0.00000 0.02292 0.00000 0.01071 0.00000 0.04328 0.00000 0.00000 0.00000 0.00000 0.00000 0.00000 0.00000 0.00000 0.00000 0.00000 0.00000 0.00000 0.00000 
154	3	0.10952 0.00000 0.00030 0.00000 0.30356 0.00000 0.03070 0.00000 0.12903 0.00000 0.07311 0.00000 0.24602 0.00000 0.03069 0.00000 0.01711 0.00000 0.05996 0.00000 0.00000 0.00000 0.00000 0.00000 0.00000 0.00000 0.00000 0.00000 0.00000 0.00000 0.00000 0.00000 
155	3	0.04957 0.00000 0.03327 0.00000 0.13266 0.00000 0.15431 0.00000 0.04957 0.00000 0.20436 0.00000 0.10728 0.00000 0.13362 0.00000 0.00000 0.00000 0.13537 0.00000 0.00000 0.00000 0.00000 0.00000 0.00000 0.00000 0.00000 0.00000 0.00000 0.00000 0.00000 0.00000 
156	3	0.09204 0.00000 0.02675 0.00000 0.25643 0.00000 0.09569 0.00000 0.09204 0.00000 0.09662 0.00000 0.20370 0.00000 0.08172 0.00000 0.00000 0.00000 0.05501 0.00000 0.00000 0.00000 0.00000 0.00000 0.00000 0.00000 0.00000 0.00000 0.00000 0.00000 0.00000 0.00000 
157	3	0.07727 0.00000 0.04454 0.00000 0.22095 0.00000 0.14368 0.00000 0.07727 0.00000 0.09949 0.00000 0.17463 0.00000 0.11801 0.00000 0.00000 0.00000 0.04417 0.00000 0.00000 0.00000 0.00000 0.00000 0.00000 0.00000 0.00000 0.00000 0.00000 0.00000 0.00000 0.00000 
158	3	0.05101 0.00000 0.08913 0.00000 0.13478 0.00000 0.25686 0.00000 0.05101 0.00000 0.09750 0.00000 0.10880 0.00000 0.20302 0.00000 0.00000 0.00000 0.00789 0.00000 0.00000 0.00000 0.00000 0.00000 0.00000 0.00000 0.00000 0.00000 0.00000 0.00000 0.00000 0.00000 
159	3	0.07403 0.00000 0.06461 0.00000 0.20711 0.00000 0.18392 0.00000 0.07403 0.00000 0.07554 0.00000 0.16423 0.00000 0.14698 0.00000 0.00000 0.00000 0.00956 0.00000 0.00000 0.00000 0.00000 0.00000 0.00000 0.00000 0.00000 0.00000 0.00000 0.00000 0.00000 0.00000 
160	3	0.01316 0.00000 0.12559 0.00000 0.03272 0.00000 0.36581 0.00000 0.01316 0.00000 0.13034 0.00000 0.02685 0.00000 0.28776 0.00000 0.00000 0.00000 0.00462 0.00000 0.00000 0.00000 0.00000 0.00000 0.00000 0.00000 0.00000 0.00000 0.00000 0.00000 0.00000 0.00000 
161	3	0.12107 0.00000 0.01864 0.00000 0.34847 0.00000 0.05287 0.00000 0.12107 0.00000 0.01983 0.00000 0.27489 0.00000 0.04211 0.00000 0.00000 0.00000 0.00105 0.00000 0.00000 0.00000 0.00000 0.00000 0.00000 0.00000 0.00000 0.00000 0.00000 0.00000 0.00000 0.00000 
162	3	0.03527 0.00000 0.00000 0.00000 0.13967 0.00000 0.06400 0.00000 0.15877 0.00000 0.17595 0.00000 0.12248 0.00000 0.06400 0.00000 0.09973 0.00000 0.14014 0.00000 0.00000 0.00000 0.00000 0.00000 0.00000 0.00000 0.00000 0.00000 0.00000 0.00000 0.00000 0.00000 
163	3	0.09537 0.00000 0.04106 0.00000 0.26577 0.00000 0.12415 0.00000 0.09537 0.00000 0.05563 0.00000 0.21134 0.00000 0.09932 0.00000 0.00000 0.00000 0.01198 0.00000 0.00000 0.00000 0.00000 0.00000 0.00000 0.00000 0.00000 0.00000 0.00000 0.00000 0.00000 0.00000 
164	3	0.08352 0.00000 0.04726 0.00000 0.23213 0.00000 0.14390 0.00000 0.08352 0.00000 0.08094 0.00000 0.18492 0.00000 0.11657 0.00000 0.00000 0.00000 0.02724 0.00000 0.00000 0.00000 0.00000 0.00000 0.00000 0.00000 0.00000 0.00000 0.00000 0.00000 0.00000 0.00000 
165	3	0.10851 0.00000 0.00001 0.00000 0.31574 0.00000 0.02583 0.00000 0.13538 0.00000 0.06233 0.00000 0.25274 0.00000 0.02583 0.00000 0.02228 0.00000 0.05135 0.00000 0.00000 0.00000 0.00000 0.00000 0.00000 0.00000 0.00000 0.00000 0.00000 0.00000 0.00000 0.00000 
166	3	0.12800 0.00000 0.00000 0.00000 0.36050 0.00000 0.01527 0.00000 0.12978 0.00000 0.03422 0.00000 0.28671 0.00000 0.01527 0.00000 0.00153 0.00000 0.02872 0.00000 0.00000 0.00000 0.00000 0.00000 0.00000 0.00000 0.00000 0.00000 0.00000 0.00000 0.00000 0.00000 
167	3	0.12772 0.00000 0.00000 0.00000 0.36384 0.00000 0.01427 0.00000 0.12965 0.00000 0.03292 0.00000 0.28798 0.00000 0.01427 0.00000 0.00177 0.00000 0.02759 0.00000 0.00000 0.00000 0.00000 0.00000 0.00000 0.00000 0.00000 0.00000 0.00000 0.00000 0.00000 0.00000 
168	3	0.10668 0.00000 0.00000 0.00000 0.30428 0.00000 0.03369 0.00000 0.10980 0.00000 0.09336 0.00000 0.24149 0.00000 0.03369 0.00000 0.00269 0.00000 0.07433 0.00000 0.00000 0.00000 0.00000 0.00000 0.00000 0.00000 0.00000 0.00000 0.00000 0.00000 0.00000 0.00000 
169	3	0.11756 0.00000 0.00001 0.00000 0.34057 0.00000 0.02129 0.00000 0.12184 0.00000 0.05856 0.00000 0.26864 0.00000 0.02129 0.00000 0.00360 0.00000 0.04665 0.00000 0.00000 0.00000 0.00000 0.00000 0.00000 0.00000 0.00000 0.00000 0.00000 0.00000 0.00000 0.00000 
170	3	0.10798 0.00000 0.00000 0.00000 0.31514 0.00000 0.02240 0.00000 0.14843 0.00000 0.05225 0.00000 0.25496 0.00000 0.02240 0.00000 0.03336 0.00000 0.04307 0.00000 0.00000 0.00000 0.00000 0.00000 0.00000 0.00000 0.00000 0.00000 0.00000 0.00000 0.00000 0.00000 
171	3	0.06410 0.00000 0.00000 0.00000 0.17941 0.00000 0.07552 0.00000 0.07929 0.00000 0.20513 0.00000 0.14452 0.00000 0.07552 0.00000 0.01280 0.00000 0.16371 0.00000 0.00000 0.00000 0.00000 0.00000 0.00000 0.00000 0.00000 0.00000 0.00000 0.00000 0.00000 0.00000 
172	3	0.06531 0.00000 0.00001 0.00000 0.18950 0.00000 0.07160 0.00000 0.08936 0.00000 0.18732 0.00000 0.15303 0.00000 0.07160 0.00000 0.02045 0.00000 0.15183 0.00000 0.00000 0.00000 0.00000 0.00000 0.00000 0.00000 0.00000 0.00000 0.00000 0.00000 0.00000 0.00000 
173	3	0.11824 0.00000 0.00012 0.00000 0.34345 0.00000 0.01728 0.00000 0.13724 0.00000 0.04157 0.00000 0.27374 0.00000 0.01729 0.00000 0.01670 0.00000 0.03437 0.00000 0.00000 0.00000 0.00000 0.00000 0.00000 0.00000 0.00000 0.00000 0.00000 0.00000 0.00000 0.00000 
174	3	0.12241 0.00000 0.00000 0.00000 0.34596 0.00000 0.02019 0.00000 0.12806 0.00000 0.04519 0.00000 0.27513 0.00000 0.02019 0.00000 0.00499 0.00000 0.03788 0.00000 0.00000 0.00000 0.00000 0.00000 0.00000 0.00000 0.00000 0.00000 0.00000 0.00000 0.00000 0.00000 
175	3	0.11254 0.00000 0.00000 0.00000 0.31786 0.00000 0.02623 0.00000 0.13041 0.00000 0.06247 0.00000 0.25672 0.00000 0.02623 0.00000 0.01559 0.00000 0.05193 0.00000 0.00000 0.00000 0.00000 0.00000 0.00000 0.00000 0.00000 0.00000 0.00000 0.00000 0.00000 0.00000 
176	3	0.11288 0.00000 0.00000 0.00000 0.32309 0.00000 0.02698 0.00000 0.12725 0.00000 0.06132 0.00000 0.25767 0.00000 0.02698 0.00000 0.01244 0.00000 0.05138 0.00000 0.00000 0.00000 0.00000 0.00000 0.00000 0.00000 0.00000 0.00000 0.00000 0.00000 0.00000 0.00000 
177	3	0.11259 0.00000 0.00000 0.00000 0.32222 0.00000 0.02766 0.00000 0.12188 0.00000 0.06786 0.00000 0.25612 0.00000 0.02766 0.00000 0.00821 0.00000 0.05581 0.00000 0.00000 0.00000 0.00000 0.00000 0.00000 0.00000 0.00000 0.00000 0.00000 0.00000 0.00000 0.00000 
178	3	0.12410 0.00000 0.00000 0.00000 0.36158 0.00000 0.01110 0.00000 0.14100 0.00000 0.02758 0.00000 0.28698 0.00000 0.01110 0.00000 0.01418 0.00000 0.02237 0.00000 0.00000 0.00000 0.00000 0.00000 0.00000 0.00000 0.00000 0.00000 0.00000 0.00000 0.00000 0.00000 
179	3	0.11617 0.00000 0.00001 0.00000 0.34032 0.00000 0.01768 0.00000 0.14088 0.00000 0.04105 0.00000 0.27149 0.00000 0.01768 0.00000 0.02063 0.00000 0.03409 0.00000 0.00000 0.00000 0.00000 0.00000 0.00000 0.00000 0.00000 0.00000 0.00000 0.00000 0.00000 0.00000 
180	3	0.11587 0.00000 0.00000 0.00000 0.34284 0.00000 0.01310 0.00000 0.15434 0.00000 0.02918 0.00000 0.27529 0.00000 0.01310 0.00000 0.03174 0.00000 0.02453 0.00000 0.00000 0.00000 0.00000 0.00000 0.00000 0.00000 0.00000 0.00000 0.00000 0.00000 0.00000 0.00000 
181	3	0.11846 0.00000 0.00000 0.00000 0.35754 0.00000 0.00412 0.00000 0.17107 0.00000 0.00812 0.00000 0.28671 0.00000 0.00412 0.00000 0.04287 0.00000 0.00699 0.00000 0.00000 0.00000 0.00000 0.00000 0.00000 0.00000 0.00000 0.00000 0.00000 0.00000 0.00000 0.00000 
182	3	0.08647 0.00000 0.00000 0.00000 0.25503 0.00000 0.04272 0.00000 0.13984 0.00000 0.09955 0.00000 0.20823 0.00000 0.04272 0.00000 0.04356 0.00000 0.08188 0.00000 0.00000 0.00000 0.00000 0.00000 0.00000 0.00000 0.00000 0.00000 0.00000 0.00000 0.00000 0.00000 
183	3	0.11748 0.00000 0.00000 0.00000 0.35472 0.00000 0.00682 0.00000 0.16459 0.00000 0.01473 0.00000 0.28392 0.00000 0.00682 0.00000 0.03840 0.00000 0.01250 0.00000 0.00000 0.00000 0.00000 0.00000 0.00000 0.00000 0.00000 0.00000 0.00000 0.00000 0.00000 0.00000 
184	3	0.07369 0.00000 0.00008 0.00000 0.22440 0.00000 0.05069 0.00000 0.12777 0.00000 0.13522 0.00000 0.18379 0.00000 0.05070 0.00000 0.04494 0.00000 0.10872 0.00000 0.00000 0.00000 0.00000 0.00000 0.00000 0.00000 0.00000 0.00000 0.00000 0.00000 0.00000 0.00000 
185	3	0.06841 0.00000 0.00021 0.00000 0.20603 0.00000 0.05779 0.00000 0.12117 0.00000 0.15198 0.00000 0.17023 0.00000 0.05777 0.00000 0.04375 0.00000 0.12266 0.00000 0.00000 0.00000 0.00000 0.00000 0.00000 0.00000 0.00000 0.00000 0.00000 0.00000 0.00000 0.00000 
186	3	0.08077 0.00000 0.00000 0.00000 0.22941 0.00000 0.05780 0.00000 0.10435 0.00000 0.14616 0.00000 0.18552 0.00000 0.05780 0.00000 0.01981 0.00000 0.11840 0.00000 0.00000 0.00000 0.00000 0.00000 0.00000 0.00000 0.00000 0.00000 0.00000 0.00000 0.00000 0.00000 
187	3	0.08156 0.00000 0.00000 0.00000 0.22814 0.00000 0.05501 0.00000 0.11390 0.00000 0.13928 0.00000 0.18765 0.00000 0.05501 0.00000 0.02731 0.00000 0.11213 0.00000 0.00000 0.00000 0.00000 0.00000 0.00000 0.00000 0.00000 0.00000 0.00000 0.00000 0.00000 0.00000 
188	3	0.07581 0.00000 0.00000 0.00000 0.21374 0.00000 0.06188 0.00000 0.09980 0.00000 0.16259 0.00000 0.17327 0.00000 0.06188 0.00000 0.01996 0.00000 0.13107 0.00000 0.00000 0.00000 0.00000 0.00000 0.00000 0.00000 0.00000 0.00000 0.00000 0.00000 0.00000 0.00000 
189	3	0.05457 0.00000 0.00005 0.00000 0.17269 0.00000 0.06147 0.00000 0.13408 0.00000 0.16925 0.00000 0.14688 0.00000 0.06148 0.00000 0.06488 0.00000 0.13467 0.00000 0.00000 0.00000 0.00000 0.00000 0.00000 0.00000 0.00000 0.00000 0.00000 0.00000 0.00000 0.00000 
190	3	0.11591 0.00000 0.00003 0.00000 0.33179 0.00000 0.02154 0.00000 0.13662 0.00000 0.04928 0.00000 0.26515 0.00000 0.02154 0.00000 0.01727 0.00000 0.04087 0.00000 0.00000 0.00000 0.00000 0.00000 0.00000 0.00000 0.00000 0.00000 0.00000 0.00000 0.00000 0.00000 
191	3	0.08132 0.00000 0.00003 0.00000 0.22739 0.00000 0.05505 0.00000 0.11030 0.00000 0.14630 0.00000 0.18398 0.00000 0.05505 0.00000 0.02365 0.00000 0.11693 0.00000 0.00000 0.00000 0.00000 0.00000 0.00000 0.00000 0.00000 0.00000 0.00000 0.00000 0.00000 0.00000 
192	3	0.10651 0.00000 0.00002 0.00000 0.29358 0.00000 0.03648 0.00000 0.11327 0.00000 0.09680 0.00000 0.23437 0.00000 0.03647 0.00000 0.00555 0.00000 0.07696 0.00000 0.00000 0.00000 0.00000 0.00000 0.00000 0.00000 0.00000 0.00000 0.00000 0.00000 0.00000 0.00000 
193	3	0.09202 0.00000 0.00000 0.00000 0.26574 0.00000 0.03818 0.00000 0.14264 0.00000 0.09273 0.00000 0.21615 0.00000 0.03818 0.00000 0.04037 0.00000 0.07400 0.00000 0.00000 0.00000 0.00000 0.00000 0.00000 0.00000 0.00000 0.00000 0.00000 0.00000 0.00000 0.00000 
194	3	0.08371 0.00000 0.00001 0.00000 0.25923 0.00000 0.03656 0.00000 0.14415 0.00000 0.10065 0.00000 0.21004 0.00000 0.03657 0.00000 0.04880 0.00000 0.08028 0.00000 0.00000 0.00000 0.00000 0.00000 0.00000 0.00000 0.00000 0.00000 0.00000 0.00000 0.00000 0.00000 
195	3	0.09255 0.00000 0.00001 0.00000 0.27271 0.00000 0.04002 0.00000 0.11801 0.00000 0.11007 0.00000 0.21812 0.00000 0.04002 0.00000 0.02056 0.00000 0.08793 0.00000 0.00000 0.00000 0.00000 0.00000 0.00000 0.00000 0.00000 0.00000 0.00000 0.00000 0.00000 0.00000 
196	3	0.07795 0.00000 0.00001 0.00000 0.22634 0.00000 0.05967 0.00000 0.08658 0.00000 0.16895 0.00000 0.17974 0.00000 0.05967 0.00000 0.00736 0.00000 0.13372 0.00000 0.00000 0.00000 0.00000 0.00000 0.00000 0.00000 0.00000 0.00000 0.00000 0.00000 0.00000 0.00000 
197	3	0.10919 0.00000 0.00002 0.00000 0.31360 0.00000 0.03029 0.00000 0.11482 0.00000 0.08235 0.00000 0.24864 0.00000 0.03030 0.00000 0.00497 0.00000 0.06582 0.00000 0.00000 0.00000 0.00000 0.00000 0.00000 0.00000 0.00000 0.00000 0.00000 0.00000 0.00000 0.00000 
198	3	0.11052 0.00000 0.00002 0.00000 0.31935 0.00000 0.02419 0.00000 0.13322 0.00000 0.06324 0.00000 0.25535 0.00000 0.02419 0.00000 0.01885 0.00000 0.05107 0.00000 0.00000 0.00000 0.00000 0.00000 0.00000 0.00000 0.00000 0.00000 0.00000 0.00000 0.00000 0.00000 
199	3	0.11268 0.00000 0.00096 0.00000 0.32401 0.00000 0.02811 0.00000 0.11538 0.00000 0.07387 0.00000 0.25621 0.00000 0.02804 0.00000 0.00241 0.00000 0.05833 0.00000 0.00000 0.00000 0.00000 0.00000 0.00000 0.00000 0.00000 0.00000 0.00000 0.00000 0.00000 0.00000 
200	3	0.09417 0.00000 0.00093 0.00000 0.27434 0.00000 0.04129 0.00000 0.11316 0.00000 0.11202 0.00000 0.21889 0.00000 0.04123 0.00000 0.01568 0.00000 0.08829 0.00000 0.00000 0.00000 0.00000 0.00000 0.00000 0.00000 0.00000 0.00000 0.00000 0.00000 0.00000 0.00000 
201	3	0.11423 0.00000 0.00000 0.00000 0.34264 0.00000 0.01003 0.00000 0.16378 0.00000 0.02392 0.00000 0.27547 0.00000 0.01003 0.00000 0.04006 0.00000 0.01983 0.00000 0.00000 0.00000 0.00000 0.00000 0.00000 0.00000 0.00000 0.00000 0.00000 0.00000 0.00000 0.00000 
202	3	0.10974 0.00000 0.00000 0.00000 0.31590 0.00000 0.02511 0.00000 0.13600 0.00000 0.06115 0.00000 0.25417 0.00000 0.02511 0.00000 0.02253 0.00000 0.05029 0.00000 0.00000 0.00000 0.00000 0.00000 0.00000 0.00000 0.00000 0.00000 0.00000 0.00000 0.00000 0.00000 
203	3	0.10797 0.00000 0.00000 0.00000 0.31478 0.00000 0.02410 0.00000 0.14192 0.00000 0.05737 0.00000 0.25341 0.00000 0.02410 0.00000 0.02864 0.00000 0.04771 0.00000 0.00000 0.00000 0.00000 0.00000 0.00000 0.00000 0.00000 0.00000 0.00000 0.00000 0.00000 0.00000 
204	3	0.10526 0.00000 0.00170 0.00000 0.30968 0.00000 0.02816 0.00000 0.13448 0.00000 0.06694 0.00000 0.24838 0.00000 0.02774 0.00000 0.02503 0.00000 0.05263 0.00000 0.00000 0.00000 0.00000 0.00000 0.00000 0.00000 0.00000 0.00000 0.00000 0.00000 0.00000 0.00000 
205	3	0.13400 0.00000 0.00001 0.00000 0.38511 0.00000 0.00552 0.00000 0.14004 0.00000 0.01087 0.00000 0.30461 0.00000 0.00552 0.00000 0.00514 0.00000 0.00916 0.00000 0.00000 0.00000 0.00000 0.00000 0.00000 0.00000 0.00000 0.00000 0.00000 0.00000 0.00000 0.00000 
206	3	0.13425 0.00000 0.00001 0.00000 0.38366 0.00000 0.00541 0.00000 0.14099 0.00000 0.01110 0.00000 0.30406 0.00000 0.00541 0.00000 0.00581 0.00000 0.00929 0.00000 0.00000 0.00000 0.00000 0.00000 0.00000 0.00000 0.00000 0.00000 0.00000 0.00000 0.00000 0.00000 
207	3	0.12347 0.00000 0.00000 0.00000 0.36590 0.00000 0.00560 0.00000 0.15723 0.00000 0.01323 0.00000 0.29119 0.00000 0.00560 0.00000 0.02706 0.00000 0.01072 0.00000 0.00000 0.00000 0.00000 0.00000 0.00000 0.00000 0.00000 0.00000 0.00000 0.00000 0.00000 0.00000 
208	3	0.02636 0.00000 0.00003 0.00000 0.09519 0.00000 0.09014 0.00000 0.10819 0.00000 0.24265 0.00000 0.08550 0.00000 0.09014 0.00000 0.06791 0.00000 0.19389 0.00000 0.00000 0.00000 0.00000 0.00000 0.00000 0.00000 0.00000 0.00000 0.00000 0.00000 0.00000 0.00000 
209	3	0.06990 0.00000 0.00000 0.00000 0.21707 0.00000 0.04845 0.00000 0.14813 0.00000 0.12237 0.00000 0.18185 0.00000 0.04845 0.00000 0.06411 0.00000 0.09968 0.00000 0.00000 0.00000 0.00000 0.00000 0.00000 0.00000 0.00000 0.00000 0.00000 0.00000 0.00000 0.00000 
210	4	0.07686 0.00000 0.00000 0.00000 0.23197 0.00000 0.05608 0.00000 0.09134 0.00000 0.16345 0.00000 0.18342 0.00000 0.05608 0.00000 0.01251 0.00000 0.12828 0.00000 0.00000 0.00000 0.00000 0.00000 0.00000 0.00000 0.00000 0.00000 0.00000 0.00000 0.00000 0.00000 
211	4	0.07942 0.00000 0.00000 0.00000 0.23307 0.00000 0.05665 0.00000 0.08745 0.00000 0.16574 0.00000 0.18423 0.00000 0.05665 0.00000 0.00696 0.00000 0.12982 0.00000 0.00000 0.00000 0.00000 0.00000 0.00000 0.00000 0.00000 0.00000 0.00000 0.00000 0.00000 0.00000 
212	4	0.07517 0.00000 0.00001 0.00000 0.22381 0.00000 0.05810 0.00000 0.09067 0.00000 0.16980 0.00000 0.17796 0.00000 0.05810 0.00000 0.01331 0.00000 0.13306 0.00000 0.00000 0.00000 0.00000 0.00000 0.00000 0.00000 0.00000 0.00000 0.00000 0.00000 0.00000 0.00000 
213	4	0.08194 0.00000 0.00000 0.00000 0.26056 0.00000 0.03511 0.00000 0.14841 0.00000 0.09794 0.00000 0.21008 0.00000 0.03511 0.00000 0.05291 0.00000 0.07794 0.00000 0.00000 0.00000 0.00000 0.00000 0.00000 0.00000 0.00000 0.00000 0.00000 0.00000 0.00000 0.00000 
214	4	0.07037 0.00000 0.00000 0.00000 0.22485 0.00000 0.04912 0.00000 0.12631 0.00000 0.14170 0.00000 0.18141 0.00000 0.04912 0.00000 0.04570 0.00000 0.11142 0.00000 0.00000 0.00000 0.00000 0.00000 0.00000 0.00000 0.00000 0.00000 0.00000 0.00000 0.00000 0.00000 
215	4	0.07011 0.00000 0.00000 0.00000 0.23490 0.00000 0.03844 0.00000 0.15740 0.00000 0.11152 0.00000 0.19167 0.00000 0.03844 0.00000 0.06999 0.00000 0.08752 0.00000 0.00000 0.00000 0.00000 0.00000 0.00000 0.00000 0.00000 0.00000 0.00000 0.00000 0.00000 0.00000 
216	4	0.04777 0.00000 0.00000 0.00000 0.19740 0.00000 0.03220 0.00000 0.22163 0.00000 0.09063 0.00000 0.16898 0.00000 0.03220 0.00000 0.13733 0.00000 0.07186 0.00000 0.00000 0.00000 0.00000 0.00000 0.00000 0.00000 0.00000 0.00000 0.00000 0.00000 0.00000 0.00000 
217	4	0.01384 0.00000 0.00001 0.00000 0.11626 0.00000 0.04583 0.00000 0.24971 0.00000 0.13062 0.00000 0.10998 0.00000 0.04583 0.00000 0.18529 0.00000 0.10264 0.00000 0.00000 0.00000 0.00000 0.00000 0.00000 0.00000 0.00000 0.00000 0.00000 0.00000 0.00000 0.00000 
218	4	0.12170 0.00000 0.00152 0.00000 0.35326 0.00000 0.01933 0.00000 0.12170 0.00000 0.04866 0.00000 0.27767 0.00000 0.01905 0.00000 0.00000 0.00000 0.03713 0.00000 0.00000 0.00000 0.00000 0.00000 0.00000 0.00000 0.00000 0.00000 0.00000 0.00000 0.00000 0.00000 
219	4	0.11234 0.00000 0.00005 0.00000 0.32351 0.00000 0.02761 0.00000 0.11281 0.00000 0.07846 0.00000 0.25517 0.00000 0.02761 0.00000 0.00045 0.00000 0.06199 0.00000 0.00000 0.00000 0.00000 0.00000 0.00000 0.00000 0.00000 0.00000 0.00000 0.00000 0.00000 0.00000 
220	4	0.04812 0.00000 0.00001 0.00000 0.15299 0.00000 0.07346 0.00000 0.10603 0.00000 0.20872 0.00000 0.12640 0.00000 0.07346 0.00000 0.04599 0.00000 0.16482 0.00000 0.00000 0.00000 0.00000 0.00000 0.00000 0.00000 0.00000 0.00000 0.00000 0.00000 0.00000 0.00000 
221	4	0.07616 0.00000 0.00001 0.00000 0.21850 0.00000 0.06358 0.00000 0.07766 0.00000 0.18263 0.00000 0.17258 0.00000 0.06358 0.00000 0.00136 0.00000 0.14395 0.00000 0.00000 0.00000 0.00000 0.00000 0.00000 0.00000 0.00000 0.00000 0.00000 0.00000 0.00000 0.00000 
222	4	0.08978 0.00000 0.00004 0.00000 0.25871 0.00000 0.04796 0.00000 0.09937 0.00000 0.13539 0.00000 0.20597 0.00000 0.04795 0.00000 0.00800 0.00000 0.10684 0.00000 0.00000 0.00000 0.00000 0.00000 0.00000 0.00000 0.00000 0.00000 0.00000 0.00000 0.00000 0.00000 
223	4	0.04454 0.00000 0.00001 0.00000 0.12785 0.00000 0.09334 0.00000 0.04997 0.00000 0.27143 0.00000 0.10182 0.00000 0.09333 0.00000 0.00456 0.00000 0.21314 0.00000 0.00000 0.00000 0.00000 0.00000 0.00000 0.00000 0.00000 0.00000 0.00000 0.00000 0.00000 0.00000 
224	4	0.07867 0.00000 0.00000 0.00000 0.24057 0.00000 0.04822 0.00000 0.11248 0.00000 0.14153 0.00000 0.19216 0.00000 0.04822 0.00000 0.02769 0.00000 0.11046 0.00000 0.00000 0.00000 0.00000 0.00000 0.00000 0.00000 0.00000 0.00000 0.00000 0.00000 0.00000 0.00000 
225	4	0.10318 0.00000 0.00002 0.00000 0.29741 0.00000 0.03678 0.00000 0.10356 0.00000 0.10504 0.00000 0.23430 0.00000 0.03678 0.00000 0.00037 0.00000 0.08259 0.00000 0.00000 0.00000 0.00000 0.00000 0.00000 0.00000 0.00000 0.00000 0.00000 0.00000 0.00000 0.00000 
226	4	0.06339 0.00000 0.00007 0.00000 0.21675 0.00000 0.04157 0.00000 0.16382 0.00000 0.12024 0.00000 0.17859 0.00000 0.04158 0.00000 0.07967 0.00000 0.09433 0.00000 0.00000 0.00000 0.00000 0.00000 0.00000 0.00000 0.00000 0.00000 0.00000 0.00000 0.00000 0.00000 
227	4	0.05563 0.00000 0.00020 0.00000 0.15029 0.00000 0.08617 0.00000 0.06244 0.00000 0.24106 0.00000 0.12190 0.00000 0.08612 0.00000 0.00566 0.00000 0.19053 0.00000 0.00000 0.00000 0.00000 0.00000 0.00000 0.00000 0.00000 0.00000 0.00000 0.00000 0.00000 0.00000 
228	4	0.07905 0.00000 0.00002 0.00000 0.25257 0.00000 0.03968 0.00000 0.14034 0.00000 0.10973 0.00000 0.20277 0.00000 0.03967 0.00000 0.04899 0.00000 0.08718 0.00000 0.00000 0.00000 0.00000 0.00000 0.00000 0.00000 0.00000 0.00000 0.00000 0.00000 0.00000 0.00000 
229	4	0.09518 0.00000 0.00015 0.00000 0.27912 0.00000 0.04073 0.00000 0.11386 0.00000 0.10755 0.00000 0.22153 0.00000 0.04073 0.00000 0.01488 0.00000 0.08627 0.00000 0.00000 0.00000 0.00000 0.00000 0.00000 0.00000 0.00000 0.00000 0.00000 0.00000 0.00000 0.00000 
230	4	0.09565 0.00000 0.00002 0.00000 0.28756 0.00000 0.03461 0.00000 0.12047 0.00000 0.10030 0.00000 0.22805 0.00000 0.03461 0.00000 0.02021 0.00000 0.07853 0.00000 0.00000 0.00000 0.00000 0.00000 0.00000 0.00000 0.00000 0.00000 0.00000 0.00000 0.00000 0.00000 
231	4	0.05785 0.00000 0.00000 0.00000 0.18980 0.00000 0.05805 0.00000 0.12883 0.00000 0.16508 0.00000 0.15574 0.00000 0.05805 0.00000 0.05657 0.00000 0.13003 0.00000 0.00000 0.00000 0.00000 0.00000 0.00000 0.00000 0.00000 0.00000 0.00000 0.00000 0.00000 0.00000 
232	4	0.06358 0.00000 0.00728 0.00000 0.19924 0.00000 0.06347 0.00000 0.13232 0.00000 0.14572 0.00000 0.16319 0.00000 0.06107 0.00000 0.05497 0.00000 0.10915 0.00000 0.00000 0.00000 0.00000 0.00000 0.00000 0.00000 0.00000 0.00000 0.00000 0.00000 0.00000 0.00000 
233	4	0.07109 0.00000 0.00112 0.00000 0.19730 0.00000 0.07084 0.00000 0.07844 0.00000 0.19453 0.00000 0.15780 0.00000 0.07034 0.00000 0.00612 0.00000 0.15241 0.00000 0.00000 0.00000 0.00000 0.00000 0.00000 0.00000 0.00000 0.00000 0.00000 0.00000 0.00000 0.00000 
234	4	0.08485 0.00000 0.00022 0.00000 0.27930 0.00000 0.02233 0.00000 0.18446 0.00000 0.05582 0.00000 0.22699 0.00000 0.02227 0.00000 0.07872 0.00000 0.04505 0.00000 0.00000 0.00000 0.00000 0.00000 0.00000 0.00000 0.00000 0.00000 0.00000 0.00000 0.00000 0.00000 
235	4	0.08793 0.00000 0.00011 0.00000 0.26629 0.00000 0.03889 0.00000 0.12779 0.00000 0.10926 0.00000 0.21280 0.00000 0.03887 0.00000 0.03189 0.00000 0.08616 0.00000 0.00000 0.00000 0.00000 0.00000 0.00000 0.00000 0.00000 0.00000 0.00000 0.00000 0.00000 0.00000 
236	4	0.07511 0.00000 0.00001 0.00000 0.25318 0.00000 0.02877 0.00000 0.17680 0.00000 0.08416 0.00000 0.20682 0.00000 0.02878 0.00000 0.08040 0.00000 0.06597 0.00000 0.00000 0.00000 0.00000 0.00000 0.00000 0.00000 0.00000 0.00000 0.00000 0.00000 0.00000 0.00000 
237	4	0.07816 0.00000 0.00004 0.00000 0.24017 0.00000 0.04973 0.00000 0.10795 0.00000 0.14493 0.00000 0.19101 0.00000 0.04972 0.00000 0.02470 0.00000 0.11358 0.00000 0.00000 0.00000 0.00000 0.00000 0.00000 0.00000 0.00000 0.00000 0.00000 0.00000 0.00000 0.00000 
238	4	0.12140 0.00000 0.00000 0.00000 0.35057 0.00000 0.01874 0.00000 0.12280 0.00000 0.05035 0.00000 0.27612 0.00000 0.01874 0.00000 0.00120 0.00000 0.04007 0.00000 0.00000 0.00000 0.00000 0.00000 0.00000 0.00000 0.00000 0.00000 0.00000 0.00000 0.00000 0.00000 
239	4	0.10482 0.00000 0.00000 0.00000 0.33863 0.00000 0.00155 0.00000 0.19862 0.00000 0.00379 0.00000 0.27321 0.00000 0.00155 0.00000 0.07470 0.00000 0.00311 0.00000 0.00000 0.00000 0.00000 0.00000 0.00000 0.00000 0.00000 0.00000 0.00000 0.00000 0.00000 0.00000 
240	4	0.13742 0.00000 0.00000 0.00000 0.40088 0.00000 0.00092 0.00000 0.13932 0.00000 0.00210 0.00000 0.31507 0.00000 0.00092 0.00000 0.00162 0.00000 0.00175 0.00000 0.00000 0.00000 0.00000 0.00000 0.00000 0.00000 0.00000 0.00000 0.00000 0.00000 0.00000 0.00000 
241	4	0.12055 0.00000 0.00000 0.00000 0.34899 0.00000 0.01604 0.00000 0.13615 0.00000 0.03986 0.00000 0.27724 0.00000 0.01604 0.00000 0.01280 0.00000 0.03234 0.00000 0.00000 0.00000 0.00000 0.00000 0.00000 0.00000 0.00000 0.00000 0.00000 0.00000 0.00000 0.00000 
242	4	0.10638 0.00000 0.00000 0.00000 0.31109 0.00000 0.02855 0.00000 0.12414 0.00000 0.07770 0.00000 0.24719 0.00000 0.02855 0.00000 0.01446 0.00000 0.06194 0.00000 0.00000 0.00000 0.00000 0.00000 0.00000 0.00000 0.00000 0.00000 0.00000 0.00000 0.00000 0.00000 
243	4	0.09078 0.00000 0.00000 0.00000 0.26822 0.00000 0.04305 0.00000 0.11116 0.00000 0.11861 0.00000 0.21365 0.00000 0.04305 0.00000 0.01742 0.00000 0.09405 0.00000 0.00000 0.00000 0.00000 0.00000 0.00000 0.00000 0.00000 0.00000 0.00000 0.00000 0.00000 0.00000 
244	4	0.10462 0.00000 0.00000 0.00000 0.31501 0.00000 0.02265 0.00000 0.14273 0.00000 0.06116 0.00000 0.25137 0.00000 0.02265 0.00000 0.03087 0.00000 0.04893 0.00000 0.00000 0.00000 0.00000 0.00000 0.00000 0.00000 0.00000 0.00000 0.00000 0.00000 0.00000 0.00000 
245	4	0.11555 0.00000 0.00000 0.00000 0.33466 0.00000 0.02241 0.00000 0.12502 0.00000 0.05943 0.00000 0.26494 0.00000 0.02241 0.00000 0.00794 0.00000 0.04765 0.00000 0.00000 0.00000 0.00000 0.00000 0.00000 0.00000 0.00000 0.00000 0.00000 0.00000 0.00000 0.00000 
246	4	0.12639 0.00000 0.00000 0.00000 0.36173 0.00000 0.01352 0.00000 0.13404 0.00000 0.03162 0.00000 0.28677 0.00000 0.01352 0.00000 0.00647 0.00000 0.02596 0.00000 0.00000 0.00000 0.00000 0.00000 0.00000 0.00000 0.00000 0.00000 0.00000 0.00000 0.00000 0.00000 
247	4	0.13220 0.00000 0.00000 0.00000 0.37839 0.00000 0.00825 0.00000 0.13544 0.00000 0.01954 0.00000 0.29923 0.00000 0.00825 0.00000 0.00269 0.00000 0.01601 0.00000 0.00000 0.00000 0.00000 0.00000 0.00000 0.00000 0.00000 0.00000 0.00000 0.00000 0.00000 0.00000 
248	4	0.09244 0.00000 0.00000 0.00000 0.25203 0.00000 0.05159 0.00000 0.09500 0.00000 0.14115 0.00000 0.20196 0.00000 0.05159 0.00000 0.00216 0.00000 0.11209 0.00000 0.00000 0.00000 0.00000 0.00000 0.00000 0.00000 0.00000 0.00000 0.00000 0.00000 0.00000 0.00000 
249	4	0.08956 0.00000 0.00000 0.00000 0.29552 0.00000 0.01427 0.00000 0.19468 0.00000 0.03707 0.00000 0.24100 0.00000 0.01427 0.00000 0.08362 0.00000 0.02999 0.00000 0.00000 0.00000 0.00000 0.00000 0.00000 0.00000 0.00000 0.00000 0.00000 0.00000 0.00000 0.00000 
250	4	0.05156 0.00000 0.00000 0.00000 0.20736 0.00000 0.02662 0.00000 0.23102 0.00000 0.07745 0.00000 0.17732 0.00000 0.02662 0.00000 0.14129 0.00000 0.06076 0.00000 0.00000 0.00000 0.00000 0.00000 0.00000 0.00000 0.00000 0.00000 0.00000 0.00000 0.00000 0.00000 
251	4	0.09873 0.00000 0.00006 0.00000 0.28557 0.00000 0.03787 0.00000 0.11239 0.00000 0.10554 0.00000 0.22720 0.00000 0.03786 0.00000 0.01145 0.00000 0.08334 0.00000 0.00000 0.00000 0.00000 0.00000 0.00000 0.00000 0.00000 0.00000 0.00000 0.00000 0.00000 0.00000 
252	4	0.07293 0.00000 0.00000 0.00000 0.20726 0.00000 0.06667 0.00000 0.07479 0.00000 0.19368 0.00000 0.16428 0.00000 0.06667 0.00000 0.00167 0.00000 0.15204 0.00000 0.00000 0.00000 0.00000 0.00000 0.00000 0.00000 0.00000 0.00000 0.00000 0.00000 0.00000 0.00000 
253	4	0.07133 0.00000 0.00000 0.00000 0.20218 0.00000 0.06900 0.00000 0.07543 0.00000 0.19474 0.00000 0.16065 0.00000 0.06900 0.00000 0.00345 0.00000 0.15422 0.00000 0.00000 0.00000 0.00000 0.00000 0.00000 0.00000 0.00000 0.00000 0.00000 0.00000 0.00000 0.00000 
254	4	0.08628 0.00000 0.00003 0.00000 0.24652 0.00000 0.05439 0.00000 0.08778 0.00000 0.15307 0.00000 0.19502 0.00000 0.05439 0.00000 0.00144 0.00000 0.12110 0.00000 0.00000 0.00000 0.00000 0.00000 0.00000 0.00000 0.00000 0.00000 0.00000 0.00000 0.00000 0.00000 
255	4	0.08523 0.00000 0.00001 0.00000 0.24191 0.00000 0.05536 0.00000 0.08637 0.00000 0.15838 0.00000 0.19185 0.00000 0.05536 0.00000 0.00104 0.00000 0.12449 0.00000 0.00000 0.00000 0.00000 0.00000 0.00000 0.00000 0.00000 0.00000 0.00000 0.00000 0.00000 0.00000 
256	4	0.07116 0.00000 0.00000 0.00000 0.20183 0.00000 0.06921 0.00000 0.07468 0.00000 0.19605 0.00000 0.15974 0.00000 0.06921 0.00000 0.00301 0.00000 0.15510 0.00000 0.00000 0.00000 0.00000 0.00000 0.00000 0.00000 0.00000 0.00000 0.00000 0.00000 0.00000 0.00000 
257	4	0.06945 0.00000 0.00000 0.00000 0.20804 0.00000 0.05850 0.00000 0.10789 0.00000 0.16666 0.00000 0.16850 0.00000 0.05850 0.00000 0.03109 0.00000 0.13137 0.00000 0.00000 0.00000 0.00000 0.00000 0.00000 0.00000 0.00000 0.00000 0.00000 0.00000 0.00000 0.00000 
258	4	0.12510 0.00000 0.00011 0.00000 0.35801 0.00000 0.01627 0.00000 0.12766 0.00000 0.03954 0.00000 0.28272 0.00000 0.01624 0.00000 0.00232 0.00000 0.03204 0.00000 0.00000 0.00000 0.00000 0.00000 0.00000 0.00000 0.00000 0.00000 0.00000 0.00000 0.00000 0.00000 
259	4	0.07996 0.00000 0.00023 0.00000 0.23570 0.00000 0.04918 0.00000 0.12539 0.00000 0.12960 0.00000 0.19112 0.00000 0.04912 0.00000 0.03612 0.00000 0.10358 0.00000 0.00000 0.00000 0.00000 0.00000 0.00000 0.00000 0.00000 0.00000 0.00000 0.00000 0.00000 0.00000 
260	4	0.08463 0.00000 0.00038 0.00000 0.24391 0.00000 0.05265 0.00000 0.10335 0.00000 0.14047 0.00000 0.19447 0.00000 0.05258 0.00000 0.01534 0.00000 0.11223 0.00000 0.00000 0.00000 0.00000 0.00000 0.00000 0.00000 0.00000 0.00000 0.00000 0.00000 0.00000 0.00000 
261	4	0.08480 0.00000 0.00000 0.00000 0.27815 0.00000 0.01535 0.00000 0.20715 0.00000 0.04058 0.00000 0.22992 0.00000 0.01535 0.00000 0.09608 0.00000 0.03262 0.00000 0.00000 0.00000 0.00000 0.00000 0.00000 0.00000 0.00000 0.00000 0.00000 0.00000 0.00000 0.00000 
262	4	0.05518 0.00000 0.00008 0.00000 0.22359 0.00000 0.01751 0.00000 0.25689 0.00000 0.04299 0.00000 0.19216 0.00000 0.01750 0.00000 0.15933 0.00000 0.03477 0.00000 0.00000 0.00000 0.00000 0.00000 0.00000 0.00000 0.00000 0.00000 0.00000 0.00000 0.00000 0.00000 
263	4	0.06589 0.00000 0.00005 0.00000 0.25047 0.00000 0.00998 0.00000 0.25730 0.00000 0.02386 0.00000 0.21219 0.00000 0.00997 0.00000 0.15085 0.00000 0.01945 0.00000 0.00000 0.00000 0.00000 0.00000 0.00000 0.00000 0.00000 0.00000 0.00000 0.00000 0.00000 0.00000 
264	4	0.07829 0.00000 0.00001 0.00000 0.22505 0.00000 0.06111 0.00000 0.08132 0.00000 0.17479 0.00000 0.17794 0.00000 0.06111 0.00000 0.00259 0.00000 0.13780 0.00000 0.00000 0.00000 0.00000 0.00000 0.00000 0.00000 0.00000 0.00000 0.00000 0.00000 0.00000 0.00000 
265	4	0.07760 0.00000 0.00000 0.00000 0.22160 0.00000 0.06283 0.00000 0.07999 0.00000 0.17737 0.00000 0.17517 0.00000 0.06283 0.00000 0.00215 0.00000 0.14045 0.00000 0.00000 0.00000 0.00000 0.00000 0.00000 0.00000 0.00000 0.00000 0.00000 0.00000 0.00000 0.00000 
266	4	0.07960 0.00000 0.00000 0.00000 0.22979 0.00000 0.06036 0.00000 0.08161 0.00000 0.17064 0.00000 0.18120 0.00000 0.06036 0.00000 0.00172 0.00000 0.13471 0.00000 0.00000 0.00000 0.00000 0.00000 0.00000 0.00000 0.00000 0.00000 0.00000 0.00000 0.00000 0.00000 
267	4	0.07027 0.00000 0.00000 0.00000 0.20372 0.00000 0.06892 0.00000 0.07515 0.00000 0.19424 0.00000 0.16124 0.00000 0.06892 0.00000 0.00410 0.00000 0.15344 0.00000 0.00000 0.00000 0.00000 0.00000 0.00000 0.00000 0.00000 0.00000 0.00000 0.00000 0.00000 0.00000 
268	4	0.09608 0.00000 0.00000 0.00000 0.28798 0.00000 0.02895 0.00000 0.14575 0.00000 0.07778 0.00000 0.23234 0.00000 0.02895 0.00000 0.03977 0.00000 0.06241 0.00000 0.00000 0.00000 0.00000 0.00000 0.00000 0.00000 0.00000 0.00000 0.00000 0.00000 0.00000 0.00000 
269	4	0.10754 0.00000 0.00000 0.00000 0.31989 0.00000 0.01910 0.00000 0.15185 0.00000 0.04967 0.00000 0.25702 0.00000 0.01910 0.00000 0.03557 0.00000 0.04024 0.00000 0.00000 0.00000 0.00000 0.00000 0.00000 0.00000 0.00000 0.00000 0.00000 0.00000 0.00000 0.00000 
270	4	0.09063 0.00000 0.00000 0.00000 0.26129 0.00000 0.04515 0.00000 0.11203 0.00000 0.12178 0.00000 0.20952 0.00000 0.04515 0.00000 0.01720 0.00000 0.09724 0.00000 0.00000 0.00000 0.00000 0.00000 0.00000 0.00000 0.00000 0.00000 0.00000 0.00000 0.00000 0.00000 
271	4	0.09746 0.00000 0.00000 0.00000 0.27961 0.00000 0.04004 0.00000 0.11417 0.00000 0.10663 0.00000 0.22305 0.00000 0.04004 0.00000 0.01359 0.00000 0.08541 0.00000 0.00000 0.00000 0.00000 0.00000 0.00000 0.00000 0.00000 0.00000 0.00000 0.00000 0.00000 0.00000 
272	4	0.12308 0.00000 0.00000 0.00000 0.35987 0.00000 0.01424 0.00000 0.13350 0.00000 0.03404 0.00000 0.28432 0.00000 0.01424 0.00000 0.00875 0.00000 0.02796 0.00000 0.00000 0.00000 0.00000 0.00000 0.00000 0.00000 0.00000 0.00000 0.00000 0.00000 0.00000 0.00000 
273	4	0.11788 0.00000 0.00000 0.00000 0.33776 0.00000 0.02085 0.00000 0.12984 0.00000 0.05189 0.00000 0.26892 0.00000 0.02085 0.00000 0.01017 0.00000 0.04185 0.00000 0.00000 0.00000 0.00000 0.00000 0.00000 0.00000 0.00000 0.00000 0.00000 0.00000 0.00000 0.00000 
274	4	0.10537 0.00000 0.00000 0.00000 0.32636 0.00000 0.01414 0.00000 0.16568 0.00000 0.03587 0.00000 0.26149 0.00000 0.01414 0.00000 0.04796 0.00000 0.02899 0.00000 0.00000 0.00000 0.00000 0.00000 0.00000 0.00000 0.00000 0.00000 0.00000 0.00000 0.00000 0.00000 
275	4	0.07073 0.00000 0.00198 0.00000 0.21886 0.00000 0.04811 0.00000 0.14743 0.00000 0.12548 0.00000 0.18125 0.00000 0.04747 0.00000 0.06088 0.00000 0.09780 0.00000 0.00000 0.00000 0.00000 0.00000 0.00000 0.00000 0.00000 0.00000 0.00000 0.00000 0.00000 0.00000 
276	4	0.02109 0.00000 0.00359 0.00000 0.06813 0.00000 0.11118 0.00000 0.05914 0.00000 0.30366 0.00000 0.05813 0.00000 0.10968 0.00000 0.03062 0.00000 0.23479 0.00000 0.00000 0.00000 0.00000 0.00000 0.00000 0.00000 0.00000 0.00000 0.00000 0.00000 0.00000 0.00000 
277	4	0.11141 0.00000 0.00226 0.00000 0.31767 0.00000 0.03342 0.00000 0.11142 0.00000 0.07942 0.00000 0.25088 0.00000 0.03248 0.00000 0.00001 0.00000 0.06104 0.00000 0.00000 0.00000 0.00000 0.00000 0.00000 0.00000 0.00000 0.00000 0.00000 0.00000 0.00000 0.00000 
278	4	0.11176 0.00000 0.00247 0.00000 0.31866 0.00000 0.03271 0.00000 0.11176 0.00000 0.07880 0.00000 0.25173 0.00000 0.03180 0.00000 0.00000 0.00000 0.06032 0.00000 0.00000 0.00000 0.00000 0.00000 0.00000 0.00000 0.00000 0.00000 0.00000 0.00000 0.00000 0.00000 
279	4	0.12266 0.00000 0.00939 0.00000 0.35223 0.00000 0.03305 0.00000 0.12266 0.00000 0.03427 0.00000 0.27728 0.00000 0.02855 0.00000 0.00000 0.00000 0.01990 0.00000 0.00000 0.00000 0.00000 0.00000 0.00000 0.00000 0.00000 0.00000 0.00000 0.00000 0.00000 0.00000 
280	5	0.04294 0.00000 0.00000 0.00000 0.12812 0.00000 0.08993 0.00000 0.06211 0.00000 0.26170 0.00000 0.10363 0.00000 0.08993 0.00000 0.01614 0.00000 0.20549 0.00000 0.00000 0.00000 0.00000 0.00000 0.00000 0.00000 0.00000 0.00000 0.00000 0.00000 0.00000 0.00000 
281	5	0.10597 0.00000 0.00000 0.00000 0.31847 0.00000 0.01959 0.00000 0.15272 0.00000 0.04967 0.00000 0.25567 0.00000 0.01959 0.00000 0.03772 0.00000 0.04061 0.00000 0.00000 0.00000 0.00000 0.00000 0.00000 0.00000 0.00000 0.00000 0.00000 0.00000 0.00000 0.00000 
282	5	0.07727 0.00000 0.00000 0.00000 0.22013 0.00000 0.06015 0.00000 0.09292 0.00000 0.16677 0.00000 0.17711 0.00000 0.06015 0.00000 0.01327 0.00000 0.13224 0.00000 0.00000 0.00000 0.00000 0.00000 0.00000 0.00000 0.00000 0.00000 0.00000 0.00000 0.00000 0.00000 
283	5	0.01892 0.00000 0.00000 0.00000 0.09424 0.00000 0.08122 0.00000 0.13271 0.00000 0.23146 0.00000 0.08454 0.00000 0.08122 0.00000 0.09344 0.00000 0.18226 0.00000 0.00000 0.00000 0.00000 0.00000 0.00000 0.00000 0.00000 0.00000 0.00000 0.00000 0.00000 0.00000 
284	5	0.03780 0.00000 0.00000 0.00000 0.14347 0.00000 0.06985 0.00000 0.12891 0.00000 0.19682 0.00000 0.12161 0.00000 0.06985 0.00000 0.07585 0.00000 0.15582 0.00000 0.00000 0.00000 0.00000 0.00000 0.00000 0.00000 0.00000 0.00000 0.00000 0.00000 0.00000 0.00000 
285	5	0.03401 0.00000 0.00000 0.00000 0.14182 0.00000 0.06135 0.00000 0.16003 0.00000 0.17835 0.00000 0.12188 0.00000 0.06135 0.00000 0.10081 0.00000 0.14039 0.00000 0.00000 0.00000 0.00000 0.00000 0.00000 0.00000 0.00000 0.00000 0.00000 0.00000 0.00000 0.00000 
286	5	0.07041 0.00000 0.00000 0.00000 0.20448 0.00000 0.06254 0.00000 0.08764 0.00000 0.18740 0.00000 0.16431 0.00000 0.06254 0.00000 0.01464 0.00000 0.14604 0.00000 0.00000 0.00000 0.00000 0.00000 0.00000 0.00000 0.00000 0.00000 0.00000 0.00000 0.00000 0.00000 
287	5	0.09639 0.00000 0.00000 0.00000 0.30239 0.00000 0.01990 0.00000 0.16595 0.00000 0.05157 0.00000 0.24453 0.00000 0.01990 0.00000 0.05737 0.00000 0.04199 0.00000 0.00000 0.00000 0.00000 0.00000 0.00000 0.00000 0.00000 0.00000 0.00000 0.00000 0.00000 0.00000 
288	5	0.07506 0.00000 0.00005 0.00000 0.20875 0.00000 0.06702 0.00000 0.08268 0.00000 0.18063 0.00000 0.16726 0.00000 0.06702 0.00000 0.00669 0.00000 0.14484 0.00000 0.00000 0.00000 0.00000 0.00000 0.00000 0.00000 0.00000 0.00000 0.00000 0.00000 0.00000 0.00000 
289	5	0.01426 0.00000 0.00000 0.00000 0.08836 0.00000 0.07784 0.00000 0.15580 0.00000 0.21785 0.00000 0.08149 0.00000 0.07784 0.00000 0.11259 0.00000 0.17399 0.00000 0.00000 0.00000 0.00000 0.00000 0.00000 0.00000 0.00000 0.00000 0.00000 0.00000 0.00000 0.00000 
290	5	0.02075 0.00000 0.00000 0.00000 0.11293 0.00000 0.06623 0.00000 0.17831 0.00000 0.18206 0.00000 0.10200 0.00000 0.06623 0.00000 0.12604 0.00000 0.14545 0.00000 0.00000 0.00000 0.00000 0.00000 0.00000 0.00000 0.00000 0.00000 0.00000 0.00000 0.00000 0.00000 
291	5	0.04471 0.00000 0.00000 0.00000 0.21335 0.00000 0.01189 0.00000 0.28136 0.00000 0.03258 0.00000 0.18753 0.00000 0.01189 0.00000 0.19084 0.00000 0.02584 0.00000 0.00000 0.00000 0.00000 0.00000 0.00000 0.00000 0.00000 0.00000 0.00000 0.00000 0.00000 0.00000 
292	5	0.02798 0.00000 0.00000 0.00000 0.11119 0.00000 0.07997 0.00000 0.12188 0.00000 0.22749 0.00000 0.09602 0.00000 0.07997 0.00000 0.07560 0.00000 0.17990 0.00000 0.00000 0.00000 0.00000 0.00000 0.00000 0.00000 0.00000 0.00000 0.00000 0.00000 0.00000 0.00000 
293	5	0.06666 0.00000 0.00000 0.00000 0.24858 0.00000 0.01221 0.00000 0.24697 0.00000 0.03242 0.00000 0.21072 0.00000 0.01221 0.00000 0.14404 0.00000 0.02619 0.00000 0.00000 0.00000 0.00000 0.00000 0.00000 0.00000 0.00000 0.00000 0.00000 0.00000 0.00000 0.00000 
294	5	0.03013 0.00000 0.00000 0.00000 0.18088 0.00000 0.01584 0.00000 0.30020 0.00000 0.04287 0.00000 0.16394 0.00000 0.01584 0.00000 0.21626 0.00000 0.03404 0.00000 0.00000 0.00000 0.00000 0.00000 0.00000 0.00000 0.00000 0.00000 0.00000 0.00000 0.00000 0.00000 
295	5	0.10341 0.00000 0.00155 0.00000 0.29310 0.00000 0.03878 0.00000 0.10549 0.00000 0.10412 0.00000 0.23204 0.00000 0.03845 0.00000 0.00184 0.00000 0.08122 0.00000 0.00000 0.00000 0.00000 0.00000 0.00000 0.00000 0.00000 0.00000 0.00000 0.00000 0.00000 0.00000 
296	5	0.06762 0.00000 0.00005 0.00000 0.19404 0.00000 0.06906 0.00000 0.08792 0.00000 0.18794 0.00000 0.15715 0.00000 0.06906 0.00000 0.01737 0.00000 0.14980 0.00000 0.00000 0.00000 0.00000 0.00000 0.00000 0.00000 0.00000 0.00000 0.00000 0.00000 0.00000 0.00000 
297	5	0.05813 0.00000 0.00128 0.00000 0.16473 0.00000 0.08292 0.00000 0.06174 0.00000 0.23160 0.00000 0.13140 0.00000 0.08267 0.00000 0.00319 0.00000 0.18232 0.00000 0.00000 0.00000 0.00000 0.00000 0.00000 0.00000 0.00000 0.00000 0.00000 0.00000 0.00000 0.00000 
298	5	0.07814 0.00000 0.00145 0.00000 0.21736 0.00000 0.06443 0.00000 0.07923 0.00000 0.18030 0.00000 0.17336 0.00000 0.06407 0.00000 0.00107 0.00000 0.14060 0.00000 0.00000 0.00000 0.00000 0.00000 0.00000 0.00000 0.00000 0.00000 0.00000 0.00000 0.00000 0.00000 
299	5	0.06126 0.00000 0.00004 0.00000 0.17744 0.00000 0.07386 0.00000 0.09885 0.00000 0.18619 0.00000 0.14623 0.00000 0.07386 0.00000 0.03108 0.00000 0.15120 0.00000 0.00000 0.00000 0.00000 0.00000 0.00000 0.00000 0.00000 0.00000 0.00000 0.00000 0.00000 0.00000 
300	5	0.06131 0.00000 0.00004 0.00000 0.17121 0.00000 0.07894 0.00000 0.07906 0.00000 0.20828 0.00000 0.14004 0.00000 0.07894 0.00000 0.01530 0.00000 0.16688 0.00000 0.00000 0.00000 0.00000 0.00000 0.00000 0.00000 0.00000 0.00000 0.00000 0.00000 0.00000 0.00000 
301	5	0.08670 0.00000 0.00000 0.00000 0.25440 0.00000 0.04774 0.00000 0.10319 0.00000 0.13618 0.00000 0.20267 0.00000 0.04774 0.00000 0.01387 0.00000 0.10751 0.00000 0.00000 0.00000 0.00000 0.00000 0.00000 0.00000 0.00000 0.00000 0.00000 0.00000 0.00000 0.00000 
302	5	0.06727 0.00000 0.00000 0.00000 0.20995 0.00000 0.05694 0.00000 0.11191 0.00000 0.16199 0.00000 0.16984 0.00000 0.05694 0.00000 0.03690 0.00000 0.12825 0.00000 0.00000 0.00000 0.00000 0.00000 0.00000 0.00000 0.00000 0.00000 0.00000 0.00000 0.00000 0.00000 
303	5	0.09066 0.00000 0.00000 0.00000 0.28001 0.00000 0.03322 0.00000 0.13648 0.00000 0.09183 0.00000 0.22406 0.00000 0.03322 0.00000 0.03745 0.00000 0.07308 0.00000 0.00000 0.00000 0.00000 0.00000 0.00000 0.00000 0.00000 0.00000 0.00000 0.00000 0.00000 0.00000 
304	5	0.08918 0.00000 0.00009 0.00000 0.25600 0.00000 0.05025 0.00000 0.09191 0.00000 0.14346 0.00000 0.20301 0.00000 0.05026 0.00000 0.00256 0.00000 0.11330 0.00000 0.00000 0.00000 0.00000 0.00000 0.00000 0.00000 0.00000 0.00000 0.00000 0.00000 0.00000 0.00000 
305	5	0.11932 0.00000 0.00000 0.00000 0.34765 0.00000 0.01960 0.00000 0.12068 0.00000 0.05484 0.00000 0.27353 0.00000 0.01960 0.00000 0.00125 0.00000 0.04353 0.00000 0.00000 0.00000 0.00000 0.00000 0.00000 0.00000 0.00000 0.00000 0.00000 0.00000 0.00000 0.00000 
306	5	0.10084 0.00000 0.00062 0.00000 0.27922 0.00000 0.04352 0.00000 0.10164 0.00000 0.11613 0.00000 0.22213 0.00000 0.04340 0.00000 0.00074 0.00000 0.09175 0.00000 0.00000 0.00000 0.00000 0.00000 0.00000 0.00000 0.00000 0.00000 0.00000 0.00000 0.00000 0.00000 
307	5	0.10175 0.00000 0.00082 0.00000 0.28338 0.00000 0.04191 0.00000 0.11064 0.00000 0.10404 0.00000 0.22615 0.00000 0.04172 0.00000 0.00743 0.00000 0.08216 0.00000 0.00000 0.00000 0.00000 0.00000 0.00000 0.00000 0.00000 0.00000 0.00000 0.00000 0.00000 0.00000 
308	5	0.10230 0.00000 0.00023 0.00000 0.29417 0.00000 0.03794 0.00000 0.11205 0.00000 0.09695 0.00000 0.23268 0.00000 0.03790 0.00000 0.00817 0.00000 0.07761 0.00000 0.00000 0.00000 0.00000 0.00000 0.00000 0.00000 0.00000 0.00000 0.00000 0.00000 0.00000 0.00000 
309	5	0.12710 0.00000 0.00013 0.00000 0.36305 0.00000 0.01305 0.00000 0.13231 0.00000 0.03353 0.00000 0.28680 0.00000 0.01303 0.00000 0.00450 0.00000 0.02650 0.00000 0.00000 0.00000 0.00000 0.00000 0.00000 0.00000 0.00000 0.00000 0.00000 0.00000 0.00000 0.00000 
310	5	0.10237 0.00000 0.00000 0.00000 0.28812 0.00000 0.03946 0.00000 0.10656 0.00000 0.10668 0.00000 0.22907 0.00000 0.03946 0.00000 0.00346 0.00000 0.08481 0.00000 0.00000 0.00000 0.00000 0.00000 0.00000 0.00000 0.00000 0.00000 0.00000 0.00000 0.00000 0.00000 
311	5	0.08036 0.00000 0.00003 0.00000 0.22363 0.00000 0.06093 0.00000 0.08887 0.00000 0.16698 0.00000 0.17869 0.00000 0.06093 0.00000 0.00711 0.00000 0.13248 0.00000 0.00000 0.00000 0.00000 0.00000 0.00000 0.00000 0.00000 0.00000 0.00000 0.00000 0.00000 0.00000 
312	5	0.08889 0.00000 0.00104 0.00000 0.24807 0.00000 0.05597 0.00000 0.09478 0.00000 0.14171 0.00000 0.19614 0.00000 0.05566 0.00000 0.00500 0.00000 0.11273 0.00000 0.00000 0.00000 0.00000 0.00000 0.00000 0.00000 0.00000 0.00000 0.00000 0.00000 0.00000 0.00000 
313	5	0.07167 0.00000 0.00170 0.00000 0.19832 0.00000 0.07293 0.00000 0.07205 0.00000 0.19783 0.00000 0.15776 0.00000 0.07241 0.00000 0.00034 0.00000 0.15499 0.00000 0.00000 0.00000 0.00000 0.00000 0.00000 0.00000 0.00000 0.00000 0.00000 0.00000 0.00000 0.00000 
314	5	0.12130 0.00000 0.00194 0.00000 0.35795 0.00000 0.01760 0.00000 0.13176 0.00000 0.03482 0.00000 0.28196 0.00000 0.01693 0.00000 0.00869 0.00000 0.02704 0.00000 0.00000 0.00000 0.00000 0.00000 0.00000 0.00000 0.00000 0.00000 0.00000 0.00000 0.00000 0.00000 
315	5	0.09850 0.00000 0.00222 0.00000 0.26947 0.00000 0.04845 0.00000 0.10389 0.00000 0.11797 0.00000 0.21510 0.00000 0.04780 0.00000 0.00457 0.00000 0.09201 0.00000 0.00000 0.00000 0.00000 0.00000 0.00000 0.00000 0.00000 0.00000 0.00000 0.00000 0.00000 0.00000 
316	5	0.10377 0.00000 0.00177 0.00000 0.28691 0.00000 0.04279 0.00000 0.10678 0.00000 0.10355 0.00000 0.22770 0.00000 0.04235 0.00000 0.00256 0.00000 0.08181 0.00000 0.00000 0.00000 0.00000 0.00000 0.00000 0.00000 0.00000 0.00000 0.00000 0.00000 0.00000 0.00000 
317	5	0.11549 0.00000 0.00024 0.00000 0.33501 0.00000 0.02354 0.00000 0.11728 0.00000 0.06682 0.00000 0.26404 0.00000 0.02353 0.00000 0.00162 0.00000 0.05245 0.00000 0.00000 0.00000 0.00000 0.00000 0.00000 0.00000 0.00000 0.00000 0.00000 0.00000 0.00000 0.00000 
318	5	0.07205 0.00000 0.00530 0.00000 0.19620 0.00000 0.08034 0.00000 0.07374 0.00000 0.18956 0.00000 0.15613 0.00000 0.07856 0.00000 0.00148 0.00000 0.14664 0.00000 0.00000 0.00000 0.00000 0.00000 0.00000 0.00000 0.00000 0.00000 0.00000 0.00000 0.00000 0.00000 
319	5	0.11010 0.00000 0.00001 0.00000 0.31351 0.00000 0.03077 0.00000 0.11216 0.00000 0.08501 0.00000 0.24831 0.00000 0.03077 0.00000 0.00179 0.00000 0.06757 0.00000 0.00000 0.00000 0.00000 0.00000 0.00000 0.00000 0.00000 0.00000 0.00000 0.00000 0.00000 0.00000 
320	5	0.10905 0.00000 0.00026 0.00000 0.31205 0.00000 0.03232 0.00000 0.11098 0.00000 0.08658 0.00000 0.24609 0.00000 0.03229 0.00000 0.00166 0.00000 0.06873 0.00000 0.00000 0.00000 0.00000 0.00000 0.00000 0.00000 0.00000 0.00000 0.00000 0.00000 0.00000 0.00000 
321	5	0.12609 0.00000 0.01063 0.00000 0.36390 0.00000 0.03175 0.00000 0.12804 0.00000 0.01852 0.00000 0.28686 0.00000 0.02610 0.00000 0.00174 0.00000 0.00639 0.00000 0.00000 0.00000 0.00000 0.00000 0.00000 0.00000 0.00000 0.00000 0.00000 0.00000 0.00000 0.00000 
322	5	0.03834 0.00000 0.02905 0.00000 0.15456 0.00000 0.09821 0.00000 0.19785 0.00000 0.08825 0.00000 0.13582 0.00000 0.08366 0.00000 0.12631 0.00000 0.04795 0.00000 0.00000 0.00000 0.00000 0.00000 0.00000 0.00000 0.00000 0.00000 0.00000 0.00000 0.00000 0.00000 
323	5	0.12479 0.00000 0.00002 0.00000 0.36462 0.00000 0.01349 0.00000 0.12692 0.00000 0.03808 0.00000 0.28658 0.00000 0.01349 0.00000 0.00189 0.00000 0.03012 0.00000 0.00000 0.00000 0.00000 0.00000 0.00000 0.00000 0.00000 0.00000 0.00000 0.00000 0.00000 0.00000 
324	5	0.12656 0.00000 0.00002 0.00000 0.36774 0.00000 0.01247 0.00000 0.12745 0.00000 0.03519 0.00000 0.28938 0.00000 0.01247 0.00000 0.00085 0.00000 0.02786 0.00000 0.00000 0.00000 0.00000 0.00000 0.00000 0.00000 0.00000 0.00000 0.00000 0.00000 0.00000 0.00000 
325	5	0.11243 0.00000 0.00023 0.00000 0.32795 0.00000 0.02617 0.00000 0.11464 0.00000 0.07418 0.00000 0.25804 0.00000 0.02611 0.00000 0.00199 0.00000 0.05826 0.00000 0.00000 0.00000 0.00000 0.00000 0.00000 0.00000 0.00000 0.00000 0.00000 0.00000 0.00000 0.00000 
326	5	0.12665 0.00000 0.00006 0.00000 0.36681 0.00000 0.01194 0.00000 0.13188 0.00000 0.03168 0.00000 0.28935 0.00000 0.01193 0.00000 0.00437 0.00000 0.02533 0.00000 0.00000 0.00000 0.00000 0.00000 0.00000 0.00000 0.00000 0.00000 0.00000 0.00000 0.00000 0.00000 
327	5	0.10143 0.00000 0.00000 0.00000 0.29499 0.00000 0.03658 0.00000 0.10409 0.00000 0.10706 0.00000 0.23268 0.00000 0.03658 0.00000 0.00258 0.00000 0.08402 0.00000 0.00000 0.00000 0.00000 0.00000 0.00000 0.00000 0.00000 0.00000 0.00000 0.00000 0.00000 0.00000 
328	5	0.09615 0.00000 0.00006 0.00000 0.27920 0.00000 0.04223 0.00000 0.09819 0.00000 0.12326 0.00000 0.22008 0.00000 0.04223 0.00000 0.00199 0.00000 0.09661 0.00000 0.00000 0.00000 0.00000 0.00000 0.00000 0.00000 0.00000 0.00000 0.00000 0.00000 0.00000 0.00000 
329	5	0.11978 0.00000 0.00001 0.00000 0.34792 0.00000 0.01902 0.00000 0.12138 0.00000 0.05438 0.00000 0.27412 0.00000 0.01903 0.00000 0.00144 0.00000 0.04290 0.00000 0.00000 0.00000 0.00000 0.00000 0.00000 0.00000 0.00000 0.00000 0.00000 0.00000 0.00000 0.00000 
330	5	0.01531 0.00000 0.00002 0.00000 0.04444 0.00000 0.12370 0.00000 0.01889 0.00000 0.35506 0.00000 0.03574 0.00000 0.12370 0.00000 0.00310 0.00000 0.28006 0.00000 0.00000 0.00000 0.00000 0.00000 0.00000 0.00000 0.00000 0.00000 0.00000 0.00000 0.00000 0.00000 
331	5	0.00703 0.00000 0.00000 0.00000 0.01925 0.00000 0.13132 0.00000 0.00817 0.00000 0.38480 0.00000 0.01570 0.00000 0.13132 0.00000 0.00102 0.00000 0.30139 0.00000 0.00000 0.00000 0.00000 0.00000 0.00000 0.00000 0.00000 0.00000 0.00000 0.00000 0.00000 0.00000 
332	5	0.01687 0.00000 0.00000 0.00000 0.04917 0.00000 0.12026 0.00000 0.02410 0.00000 0.34867 0.00000 0.04016 0.00000 0.12026 0.00000 0.00618 0.00000 0.27433 0.00000 0.00000 0.00000 0.00000 0.00000 0.00000 0.00000 0.00000 0.00000 0.00000 0.00000 0.00000 0.00000 
333	5	0.09236 0.00000 0.00237 0.00000 0.25968 0.00000 0.05380 0.00000 0.09451 0.00000 0.13208 0.00000 0.20625 0.00000 0.05286 0.00000 0.00192 0.00000 0.10416 0.00000 0.00000 0.00000 0.00000 0.00000 0.00000 0.00000 0.00000 0.00000 0.00000 0.00000 0.00000 0.00000 
334	5	0.06021 0.00000 0.00046 0.00000 0.16557 0.00000 0.08113 0.00000 0.06348 0.00000 0.23041 0.00000 0.13288 0.00000 0.08107 0.00000 0.00300 0.00000 0.18180 0.00000 0.00000 0.00000 0.00000 0.00000 0.00000 0.00000 0.00000 0.00000 0.00000 0.00000 0.00000 0.00000 
335	5	0.04330 0.00000 0.00213 0.00000 0.11689 0.00000 0.10022 0.00000 0.04813 0.00000 0.27530 0.00000 0.09434 0.00000 0.09962 0.00000 0.00434 0.00000 0.21573 0.00000 0.00000 0.00000 0.00000 0.00000 0.00000 0.00000 0.00000 0.00000 0.00000 0.00000 0.00000 0.00000 
336	5	0.05558 0.00000 0.00234 0.00000 0.15485 0.00000 0.08941 0.00000 0.05902 0.00000 0.23671 0.00000 0.12418 0.00000 0.08870 0.00000 0.00322 0.00000 0.18599 0.00000 0.00000 0.00000 0.00000 0.00000 0.00000 0.00000 0.00000 0.00000 0.00000 0.00000 0.00000 0.00000 
337	5	0.06854 0.00000 0.00410 0.00000 0.19321 0.00000 0.07845 0.00000 0.07397 0.00000 0.19493 0.00000 0.15395 0.00000 0.07674 0.00000 0.00471 0.00000 0.15140 0.00000 0.00000 0.00000 0.00000 0.00000 0.00000 0.00000 0.00000 0.00000 0.00000 0.00000 0.00000 0.00000 
338	5	0.10347 0.00000 0.00004 0.00000 0.31764 0.00000 0.01477 0.00000 0.16926 0.00000 0.04026 0.00000 0.25601 0.00000 0.01478 0.00000 0.05251 0.00000 0.03126 0.00000 0.00000 0.00000 0.00000 0.00000 0.00000 0.00000 0.00000 0.00000 0.00000 0.00000 0.00000 0.00000 
339	5	0.09855 0.00000 0.00007 0.00000 0.30393 0.00000 0.01718 0.00000 0.17754 0.00000 0.04188 0.00000 0.24681 0.00000 0.01718 0.00000 0.06328 0.00000 0.03356 0.00000 0.00000 0.00000 0.00000 0.00000 0.00000 0.00000 0.00000 0.00000 0.00000 0.00000 0.00000 0.00000 
340	5	0.13087 0.00000 0.00000 0.00000 0.37793 0.00000 0.00953 0.00000 0.13171 0.00000 0.02336 0.00000 0.29727 0.00000 0.00953 0.00000 0.00075 0.00000 0.01905 0.00000 0.00000 0.00000 0.00000 0.00000 0.00000 0.00000 0.00000 0.00000 0.00000 0.00000 0.00000 0.00000 
341	5	0.12471 0.00000 0.00000 0.00000 0.35410 0.00000 0.01716 0.00000 0.12599 0.00000 0.04459 0.00000 0.27950 0.00000 0.01716 0.00000 0.00104 0.00000 0.03575 0.00000 0.00000 0.00000 0.00000 0.00000 0.00000 0.00000 0.00000 0.00000 0.00000 0.00000 0.00000 0.00000 
342	5	0.12767 0.00000 0.00000 0.00000 0.36932 0.00000 0.01138 0.00000 0.13396 0.00000 0.02795 0.00000 0.29071 0.00000 0.01138 0.00000 0.00502 0.00000 0.02261 0.00000 0.00000 0.00000 0.00000 0.00000 0.00000 0.00000 0.00000 0.00000 0.00000 0.00000 0.00000 0.00000 
343	5	0.12372 0.00000 0.00000 0.00000 0.35794 0.00000 0.01439 0.00000 0.13571 0.00000 0.03371 0.00000 0.28281 0.00000 0.01439 0.00000 0.01006 0.00000 0.02727 0.00000 0.00000 0.00000 0.00000 0.00000 0.00000 0.00000 0.00000 0.00000 0.00000 0.00000 0.00000 0.00000 
344	5	0.03619 0.00000 0.00006 0.00000 0.10639 0.00000 0.09931 0.00000 0.05206 0.00000 0.28376 0.00000 0.08610 0.00000 0.09928 0.00000 0.01319 0.00000 0.22364 0.00000 0.00000 0.00000 0.00000 0.00000 0.00000 0.00000 0.00000 0.00000 0.00000 0.00000 0.00000 0.00000 
345	5	0.04191 0.00000 0.00024 0.00000 0.12025 0.00000 0.09756 0.00000 0.04526 0.00000 0.27929 0.00000 0.09555 0.00000 0.09747 0.00000 0.00294 0.00000 0.21954 0.00000 0.00000 0.00000 0.00000 0.00000 0.00000 0.00000 0.00000 0.00000 0.00000 0.00000 0.00000 0.00000 
346	5	0.06571 0.00000 0.00019 0.00000 0.18436 0.00000 0.07521 0.00000 0.06819 0.00000 0.21405 0.00000 0.14648 0.00000 0.07517 0.00000 0.00206 0.00000 0.16858 0.00000 0.00000 0.00000 0.00000 0.00000 0.00000 0.00000 0.00000 0.00000 0.00000 0.00000 0.00000 0.00000 
347	5	0.09558 0.00000 0.00027 0.00000 0.26463 0.00000 0.04769 0.00000 0.09807 0.00000 0.12982 0.00000 0.21126 0.00000 0.04765 0.00000 0.00212 0.00000 0.10291 0.00000 0.00000 0.00000 0.00000 0.00000 0.00000 0.00000 0.00000 0.00000 0.00000 0.00000 0.00000 0.00000 
348	5	0.11042 0.00000 0.00007 0.00000 0.31822 0.00000 0.02923 0.00000 0.11493 0.00000 0.07992 0.00000 0.25110 0.00000 0.02921 0.00000 0.00363 0.00000 0.06327 0.00000 0.00000 0.00000 0.00000 0.00000 0.00000 0.00000 0.00000 0.00000 0.00000 0.00000 0.00000 0.00000 
349	5	0.08561 0.00000 0.00016 0.00000 0.25159 0.00000 0.04722 0.00000 0.10877 0.00000 0.13472 0.00000 0.20033 0.00000 0.04718 0.00000 0.01846 0.00000 0.10595 0.00000 0.00000 0.00000 0.00000 0.00000 0.00000 0.00000 0.00000 0.00000 0.00000 0.00000 0.00000 0.00000 
