350	5	32
0	1	0.15177 0.00000 0.00000 0.00000 0.34823 0.00000 0.00000 0.00000 0.15177 0.00000 0.00000 0.00000 0.34823 0.00000 0.00000 0.00000 0.00000 0.00000 0.00000 0.00000 0.00000 0.00000 0.00000 0.00000 0.00000 0.00000 0.00000 0.00000 0.00000 0.00000 0.00000 0.00000 
1	1	0.15177 0.00000 0.00000 0.00000 0.34823 0.00000 0.00000 0.00000 0.15177 0.00000 0.00000 0.00000 0.34823 0.00000 0.00000 0.00000 0.00000 0.00000 0.00000 0.00000 0.00000 0.00000 0.00000 0.00000 0.00000 0.00000 0.00000 0.00000 0.00000 0.00000 0.00000 0.00000 
2	1	0.15177 0.00000 0.00000 0.00000 0.34823 0.00000 0.00000 0.00000 0.15177 0.00000 0.00000 0.00000 0.34823 0.00000 0.00000 0.00000 0.00000 0.00000 0.00000 0.00000 0.00000 0.00000 0.00000 0.00000 0.00000 0.00000 0.00000 0.00000 0.00000 0.00000 0.00000 0.00000 
3	1	0.15177 0.00000 0.00000 0.00000 0.34823 0.00000 0.00000 0.00000 0.15177 0.00000 0.00000 0.00000 0.34823 0.00000 0.00000 0.00000 0.00000 0.00000 0.00000 0.00000 0.00000 0.00000 0.00000 0.00000 0.00000 0.00000 0.00000 0.00000 0.00000 0.00000 0.00000 0.00000 
4	1	0.15177 0.00000 0.00000 0.00000 0.34823 0.00000 0.00000 0.00000 0.15177 0.00000 0.00000 0.00000 0.34823 0.00000 0.00000 0.00000 0.00000 0.00000 0.00000 0.00000 0.00000 0.00000 0.00000 0.00000 0.00000 0.00000 0.00000 0.00000 0.00000 0.00000 0.00000 0.00000 
5	1	0.15177 0.00000 0.00000 0.00000 0.34823 0.00000 0.00000 0.00000 0.15177 0.00000 0.00000 0.00000 0.34823 0.00000 0.00000 0.00000 0.00000 0.00000 0.00000 0.00000 0.00000 0.00000 0.00000 0.00000 0.00000 0.00000 0.00000 0.00000 0.00000 0.00000 0.00000 0.00000 
6	1	0.15177 0.00000 0.00000 0.00000 0.34823 0.00000 0.00000 0.00000 0.15177 0.00000 0.00000 0.00000 0.34823 0.00000 0.00000 0.00000 0.00000 0.00000 0.00000 0.00000 0.00000 0.00000 0.00000 0.00000 0.00000 0.00000 0.00000 0.00000 0.00000 0.00000 0.00000 0.00000 
7	1	0.15177 0.00000 0.00000 0.00000 0.34823 0.00000 0.00000 0.00000 0.15177 0.00000 0.00000 0.00000 0.34823 0.00000 0.00000 0.00000 0.00000 0.00000 0.00000 0.00000 0.00000 0.00000 0.00000 0.00000 0.00000 0.00000 0.00000 0.00000 0.00000 0.00000 0.00000 0.00000 
8	1	0.15177 0.00000 0.00000 0.00000 0.34823 0.00000 0.00000 0.00000 0.15177 0.00000 0.00000 0.00000 0.34823 0.00000 0.00000 0.00000 0.00000 0.00000 0.00000 0.00000 0.00000 0.00000 0.00000 0.00000 0.00000 0.00000 0.00000 0.00000 0.00000 0.00000 0.00000 0.00000 
9	1	0.15177 0.00000 0.00000 0.00000 0.34823 0.00000 0.00000 0.00000 0.15177 0.00000 0.00000 0.00000 0.34823 0.00000 0.00000 0.00000 0.00000 0.00000 0.00000 0.00000 0.00000 0.00000 0.00000 0.00000 0.00000 0.00000 0.00000 0.00000 0.00000 0.00000 0.00000 0.00000 
10	1	0.15177 0.00000 0.00000 0.00000 0.34823 0.00000 0.00000 0.00000 0.15177 0.00000 0.00000 0.00000 0.34823 0.00000 0.00000 0.00000 0.00000 0.00000 0.00000 0.00000 0.00000 0.00000 0.00000 0.00000 0.00000 0.00000 0.00000 0.00000 0.00000 0.00000 0.00000 0.00000 
11	1	0.15177 0.00000 0.00000 0.00000 0.34823 0.00000 0.00000 0.00000 0.15177 0.00000 0.00000 0.00000 0.34823 0.00000 0.00000 0.00000 0.00000 0.00000 0.00000 0.00000 0.00000 0.00000 0.00000 0.00000 0.00000 0.00000 0.00000 0.00000 0.00000 0.00000 0.00000 0.00000 
12	1	0.15177 0.00000 0.00000 0.00000 0.34823 0.00000 0.00000 0.00000 0.15177 0.00000 0.00000 0.00000 0.34823 0.00000 0.00000 0.00000 0.00000 0.00000 0.00000 0.00000 0.00000 0.00000 0.00000 0.00000 0.00000 0.00000 0.00000 0.00000 0.00000 0.00000 0.00000 0.00000 
13	1	0.15177 0.00000 0.00000 0.00000 0.34823 0.00000 0.00000 0.00000 0.15177 0.00000 0.00000 0.00000 0.34823 0.00000 0.00000 0.00000 0.00000 0.00000 0.00000 0.00000 0.00000 0.00000 0.00000 0.00000 0.00000 0.00000 0.00000 0.00000 0.00000 0.00000 0.00000 0.00000 
14	1	0.15177 0.00000 0.00000 0.00000 0.34823 0.00000 0.00000 0.00000 0.15177 0.00000 0.00000 0.00000 0.34823 0.00000 0.00000 0.00000 0.00000 0.00000 0.00000 0.00000 0.00000 0.00000 0.00000 0.00000 0.00000 0.00000 0.00000 0.00000 0.00000 0.00000 0.00000 0.00000 
15	1	0.15177 0.00000 0.00000 0.00000 0.34823 0.00000 0.00000 0.00000 0.15177 0.00000 0.00000 0.00000 0.34823 0.00000 0.00000 0.00000 0.00000 0.00000 0.00000 0.00000 0.00000 0.00000 0.00000 0.00000 0.00000 0.00000 0.00000 0.00000 0.00000 0.00000 0.00000 0.00000 
16	1	0.15177 0.00000 0.00000 0.00000 0.34823 0.00000 0.00000 0.00000 0.15177 0.00000 0.00000 0.00000 0.34823 0.00000 0.00000 0.00000 0.00000 0.00000 0.00000 0.00000 0.00000 0.00000 0.00000 0.00000 0.00000 0.00000 0.00000 0.00000 0.00000 0.00000 0.00000 0.00000 
17	1	0.15177 0.00000 0.00000 0.00000 0.34823 0.00000 0.00000 0.00000 0.15177 0.00000 0.00000 0.00000 0.34823 0.00000 0.00000 0.00000 0.00000 0.00000 0.00000 0.00000 0.00000 0.00000 0.00000 0.00000 0.00000 0.00000 0.00000 0.00000 0.00000 0.00000 0.00000 0.00000 
18	1	0.15177 0.00000 0.00000 0.00000 0.34823 0.00000 0.00000 0.00000 0.15177 0.00000 0.00000 0.00000 0.34823 0.00000 0.00000 0.00000 0.00000 0.00000 0.00000 0.00000 0.00000 0.00000 0.00000 0.00000 0.00000 0.00000 0.00000 0.00000 0.00000 0.00000 0.00000 0.00000 
19	1	0.15177 0.00000 0.00000 0.00000 0.34823 0.00000 0.00000 0.00000 0.15177 0.00000 0.00000 0.00000 0.34823 0.00000 0.00000 0.00000 0.00000 0.00000 0.00000 0.00000 0.00000 0.00000 0.00000 0.00000 0.00000 0.00000 0.00000 0.00000 0.00000 0.00000 0.00000 0.00000 
20	1	0.15177 0.00000 0.00000 0.00000 0.34823 0.00000 0.00000 0.00000 0.15177 0.00000 0.00000 0.00000 0.34823 0.00000 0.00000 0.00000 0.00000 0.00000 0.00000 0.00000 0.00000 0.00000 0.00000 0.00000 0.00000 0.00000 0.00000 0.00000 0.00000 0.00000 0.00000 0.00000 
21	1	0.15177 0.00000 0.00000 0.00000 0.34823 0.00000 0.00000 0.00000 0.15177 0.00000 0.00000 0.00000 0.34823 0.00000 0.00000 0.00000 0.00000 0.00000 0.00000 0.00000 0.00000 0.00000 0.00000 0.00000 0.00000 0.00000 0.00000 0.00000 0.00000 0.00000 0.00000 0.00000 
22	1	0.15177 0.00000 0.00000 0.00000 0.34823 0.00000 0.00000 0.00000 0.15177 0.00000 0.00000 0.00000 0.34823 0.00000 0.00000 0.00000 0.00000 0.00000 0.00000 0.00000 0.00000 0.00000 0.00000 0.00000 0.00000 0.00000 0.00000 0.00000 0.00000 0.00000 0.00000 0.00000 
23	1	0.15177 0.00000 0.00000 0.00000 0.34823 0.00000 0.00000 0.00000 0.15177 0.00000 0.00000 0.00000 0.34823 0.00000 0.00000 0.00000 0.00000 0.00000 0.00000 0.00000 0.00000 0.00000 0.00000 0.00000 0.00000 0.00000 0.00000 0.00000 0.00000 0.00000 0.00000 0.00000 
24	1	0.15177 0.00000 0.00000 0.00000 0.34823 0.00000 0.00000 0.00000 0.15177 0.00000 0.00000 0.00000 0.34823 0.00000 0.00000 0.00000 0.00000 0.00000 0.00000 0.00000 0.00000 0.00000 0.00000 0.00000 0.00000 0.00000 0.00000 0.00000 0.00000 0.00000 0.00000 0.00000 
25	1	0.15177 0.00000 0.00000 0.00000 0.34823 0.00000 0.00000 0.00000 0.15177 0.00000 0.00000 0.00000 0.34823 0.00000 0.00000 0.00000 0.00000 0.00000 0.00000 0.00000 0.00000 0.00000 0.00000 0.00000 0.00000 0.00000 0.00000 0.00000 0.00000 0.00000 0.00000 0.00000 
26	1	0.15177 0.00000 0.00000 0.00000 0.34823 0.00000 0.00000 0.00000 0.15177 0.00000 0.00000 0.00000 0.34823 0.00000 0.00000 0.00000 0.00000 0.00000 0.00000 0.00000 0.00000 0.00000 0.00000 0.00000 0.00000 0.00000 0.00000 0.00000 0.00000 0.00000 0.00000 0.00000 
27	1	0.15177 0.00000 0.00000 0.00000 0.34823 0.00000 0.00000 0.00000 0.15177 0.00000 0.00000 0.00000 0.34823 0.00000 0.00000 0.00000 0.00000 0.00000 0.00000 0.00000 0.00000 0.00000 0.00000 0.00000 0.00000 0.00000 0.00000 0.00000 0.00000 0.00000 0.00000 0.00000 
28	1	0.15175 0.00000 0.00000 0.00000 0.34825 0.00000 0.00000 0.00000 0.15175 0.00000 0.00000 0.00000 0.34825 0.00000 0.00000 0.00000 0.00000 0.00000 0.00000 0.00000 0.00000 0.00000 0.00000 0.00000 0.00000 0.00000 0.00000 0.00000 0.00000 0.00000 0.00000 0.00000 
29	1	0.15175 0.00000 0.00000 0.00000 0.34825 0.00000 0.00000 0.00000 0.15175 0.00000 0.00000 0.00000 0.34825 0.00000 0.00000 0.00000 0.00000 0.00000 0.00000 0.00000 0.00000 0.00000 0.00000 0.00000 0.00000 0.00000 0.00000 0.00000 0.00000 0.00000 0.00000 0.00000 
30	1	0.15175 0.00000 0.00000 0.00000 0.34825 0.00000 0.00000 0.00000 0.15175 0.00000 0.00000 0.00000 0.34825 0.00000 0.00000 0.00000 0.00000 0.00000 0.00000 0.00000 0.00000 0.00000 0.00000 0.00000 0.00000 0.00000 0.00000 0.00000 0.00000 0.00000 0.00000 0.00000 
31	1	0.15175 0.00000 0.00000 0.00000 0.34825 0.00000 0.00000 0.00000 0.15175 0.00000 0.00000 0.00000 0.34825 0.00000 0.00000 0.00000 0.00000 0.00000 0.00000 0.00000 0.00000 0.00000 0.00000 0.00000 0.00000 0.00000 0.00000 0.00000 0.00000 0.00000 0.00000 0.00000 
32	1	0.15175 0.00000 0.00000 0.00000 0.34825 0.00000 0.00000 0.00000 0.15175 0.00000 0.00000 0.00000 0.34825 0.00000 0.00000 0.00000 0.00000 0.00000 0.00000 0.00000 0.00000 0.00000 0.00000 0.00000 0.00000 0.00000 0.00000 0.00000 0.00000 0.00000 0.00000 0.00000 
33	1	0.15175 0.00000 0.00000 0.00000 0.34825 0.00000 0.00000 0.00000 0.15175 0.00000 0.00000 0.00000 0.34825 0.00000 0.00000 0.00000 0.00000 0.00000 0.00000 0.00000 0.00000 0.00000 0.00000 0.00000 0.00000 0.00000 0.00000 0.00000 0.00000 0.00000 0.00000 0.00000 
34	1	0.15175 0.00000 0.00000 0.00000 0.34825 0.00000 0.00000 0.00000 0.15175 0.00000 0.00000 0.00000 0.34825 0.00000 0.00000 0.00000 0.00000 0.00000 0.00000 0.00000 0.00000 0.00000 0.00000 0.00000 0.00000 0.00000 0.00000 0.00000 0.00000 0.00000 0.00000 0.00000 
35	1	0.15175 0.00000 0.00000 0.00000 0.34825 0.00000 0.00000 0.00000 0.15175 0.00000 0.00000 0.00000 0.34825 0.00000 0.00000 0.00000 0.00000 0.00000 0.00000 0.00000 0.00000 0.00000 0.00000 0.00000 0.00000 0.00000 0.00000 0.00000 0.00000 0.00000 0.00000 0.00000 
36	1	0.15175 0.00000 0.00000 0.00000 0.34825 0.00000 0.00000 0.00000 0.15175 0.00000 0.00000 0.00000 0.34825 0.00000 0.00000 0.00000 0.00000 0.00000 0.00000 0.00000 0.00000 0.00000 0.00000 0.00000 0.00000 0.00000 0.00000 0.00000 0.00000 0.00000 0.00000 0.00000 
37	1	0.15177 0.00000 0.00000 0.00000 0.34823 0.00000 0.00000 0.00000 0.15177 0.00000 0.00000 0.00000 0.34823 0.00000 0.00000 0.00000 0.00000 0.00000 0.00000 0.00000 0.00000 0.00000 0.00000 0.00000 0.00000 0.00000 0.00000 0.00000 0.00000 0.00000 0.00000 0.00000 
38	1	0.15175 0.00000 0.00000 0.00000 0.34825 0.00000 0.00000 0.00000 0.15175 0.00000 0.00000 0.00000 0.34825 0.00000 0.00000 0.00000 0.00000 0.00000 0.00000 0.00000 0.00000 0.00000 0.00000 0.00000 0.00000 0.00000 0.00000 0.00000 0.00000 0.00000 0.00000 0.00000 
39	1	0.15175 0.00000 0.00000 0.00000 0.34825 0.00000 0.00000 0.00000 0.15175 0.00000 0.00000 0.00000 0.34825 0.00000 0.00000 0.00000 0.00000 0.00000 0.00000 0.00000 0.00000 0.00000 0.00000 0.00000 0.00000 0.00000 0.00000 0.00000 0.00000 0.00000 0.00000 0.00000 
40	1	0.15175 0.00000 0.00000 0.00000 0.34825 0.00000 0.00000 0.00000 0.15175 0.00000 0.00000 0.00000 0.34825 0.00000 0.00000 0.00000 0.00000 0.00000 0.00000 0.00000 0.00000 0.00000 0.00000 0.00000 0.00000 0.00000 0.00000 0.00000 0.00000 0.00000 0.00000 0.00000 
41	1	0.15175 0.00000 0.00000 0.00000 0.34825 0.00000 0.00000 0.00000 0.15175 0.00000 0.00000 0.00000 0.34825 0.00000 0.00000 0.00000 0.00000 0.00000 0.00000 0.00000 0.00000 0.00000 0.00000 0.00000 0.00000 0.00000 0.00000 0.00000 0.00000 0.00000 0.00000 0.00000 
42	1	0.15175 0.00000 0.00000 0.00000 0.34825 0.00000 0.00000 0.00000 0.15175 0.00000 0.00000 0.00000 0.34825 0.00000 0.00000 0.00000 0.00000 0.00000 0.00000 0.00000 0.00000 0.00000 0.00000 0.00000 0.00000 0.00000 0.00000 0.00000 0.00000 0.00000 0.00000 0.00000 
43	1	0.15175 0.00000 0.00000 0.00000 0.34825 0.00000 0.00000 0.00000 0.15175 0.00000 0.00000 0.00000 0.34825 0.00000 0.00000 0.00000 0.00000 0.00000 0.00000 0.00000 0.00000 0.00000 0.00000 0.00000 0.00000 0.00000 0.00000 0.00000 0.00000 0.00000 0.00000 0.00000 
44	1	0.15175 0.00000 0.00000 0.00000 0.34825 0.00000 0.00000 0.00000 0.15175 0.00000 0.00000 0.00000 0.34825 0.00000 0.00000 0.00000 0.00000 0.00000 0.00000 0.00000 0.00000 0.00000 0.00000 0.00000 0.00000 0.00000 0.00000 0.00000 0.00000 0.00000 0.00000 0.00000 
45	1	0.15175 0.00000 0.00000 0.00000 0.34825 0.00000 0.00000 0.00000 0.15175 0.00000 0.00000 0.00000 0.34825 0.00000 0.00000 0.00000 0.00000 0.00000 0.00000 0.00000 0.00000 0.00000 0.00000 0.00000 0.00000 0.00000 0.00000 0.00000 0.00000 0.00000 0.00000 0.00000 
46	1	0.15175 0.00000 0.00000 0.00000 0.34825 0.00000 0.00000 0.00000 0.15175 0.00000 0.00000 0.00000 0.34825 0.00000 0.00000 0.00000 0.00000 0.00000 0.00000 0.00000 0.00000 0.00000 0.00000 0.00000 0.00000 0.00000 0.00000 0.00000 0.00000 0.00000 0.00000 0.00000 
47	1	0.15175 0.00000 0.00000 0.00000 0.34825 0.00000 0.00000 0.00000 0.15175 0.00000 0.00000 0.00000 0.34825 0.00000 0.00000 0.00000 0.00000 0.00000 0.00000 0.00000 0.00000 0.00000 0.00000 0.00000 0.00000 0.00000 0.00000 0.00000 0.00000 0.00000 0.00000 0.00000 
48	1	0.15177 0.00000 0.00000 0.00000 0.34823 0.00000 0.00000 0.00000 0.15177 0.00000 0.00000 0.00000 0.34823 0.00000 0.00000 0.00000 0.00000 0.00000 0.00000 0.00000 0.00000 0.00000 0.00000 0.00000 0.00000 0.00000 0.00000 0.00000 0.00000 0.00000 0.00000 0.00000 
49	1	0.15175 0.00000 0.00000 0.00000 0.34825 0.00000 0.00000 0.00000 0.15175 0.00000 0.00000 0.00000 0.34825 0.00000 0.00000 0.00000 0.00000 0.00000 0.00000 0.00000 0.00000 0.00000 0.00000 0.00000 0.00000 0.00000 0.00000 0.00000 0.00000 0.00000 0.00000 0.00000 
50	1	0.15175 0.00000 0.00000 0.00000 0.34825 0.00000 0.00000 0.00000 0.15175 0.00000 0.00000 0.00000 0.34825 0.00000 0.00000 0.00000 0.00000 0.00000 0.00000 0.00000 0.00000 0.00000 0.00000 0.00000 0.00000 0.00000 0.00000 0.00000 0.00000 0.00000 0.00000 0.00000 
51	1	0.15175 0.00000 0.00000 0.00000 0.34825 0.00000 0.00000 0.00000 0.15175 0.00000 0.00000 0.00000 0.34825 0.00000 0.00000 0.00000 0.00000 0.00000 0.00000 0.00000 0.00000 0.00000 0.00000 0.00000 0.00000 0.00000 0.00000 0.00000 0.00000 0.00000 0.00000 0.00000 
52	1	0.15175 0.00000 0.00000 0.00000 0.34825 0.00000 0.00000 0.00000 0.15175 0.00000 0.00000 0.00000 0.34825 0.00000 0.00000 0.00000 0.00000 0.00000 0.00000 0.00000 0.00000 0.00000 0.00000 0.00000 0.00000 0.00000 0.00000 0.00000 0.00000 0.00000 0.00000 0.00000 
53	1	0.15175 0.00000 0.00000 0.00000 0.34825 0.00000 0.00000 0.00000 0.15175 0.00000 0.00000 0.00000 0.34825 0.00000 0.00000 0.00000 0.00000 0.00000 0.00000 0.00000 0.00000 0.00000 0.00000 0.00000 0.00000 0.00000 0.00000 0.00000 0.00000 0.00000 0.00000 0.00000 
54	1	0.15175 0.00000 0.00000 0.00000 0.34825 0.00000 0.00000 0.00000 0.15175 0.00000 0.00000 0.00000 0.34825 0.00000 0.00000 0.00000 0.00000 0.00000 0.00000 0.00000 0.00000 0.00000 0.00000 0.00000 0.00000 0.00000 0.00000 0.00000 0.00000 0.00000 0.00000 0.00000 
55	1	0.15175 0.00000 0.00000 0.00000 0.34825 0.00000 0.00000 0.00000 0.15175 0.00000 0.00000 0.00000 0.34825 0.00000 0.00000 0.00000 0.00000 0.00000 0.00000 0.00000 0.00000 0.00000 0.00000 0.00000 0.00000 0.00000 0.00000 0.00000 0.00000 0.00000 0.00000 0.00000 
56	1	0.15175 0.00000 0.00000 0.00000 0.34825 0.00000 0.00000 0.00000 0.15175 0.00000 0.00000 0.00000 0.34825 0.00000 0.00000 0.00000 0.00000 0.00000 0.00000 0.00000 0.00000 0.00000 0.00000 0.00000 0.00000 0.00000 0.00000 0.00000 0.00000 0.00000 0.00000 0.00000 
57	1	0.15175 0.00000 0.00000 0.00000 0.34825 0.00000 0.00000 0.00000 0.15175 0.00000 0.00000 0.00000 0.34825 0.00000 0.00000 0.00000 0.00000 0.00000 0.00000 0.00000 0.00000 0.00000 0.00000 0.00000 0.00000 0.00000 0.00000 0.00000 0.00000 0.00000 0.00000 0.00000 
58	1	0.15175 0.00000 0.00000 0.00000 0.34825 0.00000 0.00000 0.00000 0.15175 0.00000 0.00000 0.00000 0.34825 0.00000 0.00000 0.00000 0.00000 0.00000 0.00000 0.00000 0.00000 0.00000 0.00000 0.00000 0.00000 0.00000 0.00000 0.00000 0.00000 0.00000 0.00000 0.00000 
59	1	0.15177 0.00000 0.00000 0.00000 0.34823 0.00000 0.00000 0.00000 0.15177 0.00000 0.00000 0.00000 0.34823 0.00000 0.00000 0.00000 0.00000 0.00000 0.00000 0.00000 0.00000 0.00000 0.00000 0.00000 0.00000 0.00000 0.00000 0.00000 0.00000 0.00000 0.00000 0.00000 
60	1	0.15175 0.00000 0.00000 0.00000 0.34825 0.00000 0.00000 0.00000 0.15175 0.00000 0.00000 0.00000 0.34825 0.00000 0.00000 0.00000 0.00000 0.00000 0.00000 0.00000 0.00000 0.00000 0.00000 0.00000 0.00000 0.00000 0.00000 0.00000 0.00000 0.00000 0.00000 0.00000 
61	1	0.15175 0.00000 0.00000 0.00000 0.34825 0.00000 0.00000 0.00000 0.15175 0.00000 0.00000 0.00000 0.34825 0.00000 0.00000 0.00000 0.00000 0.00000 0.00000 0.00000 0.00000 0.00000 0.00000 0.00000 0.00000 0.00000 0.00000 0.00000 0.00000 0.00000 0.00000 0.00000 
62	1	0.15175 0.00000 0.00000 0.00000 0.34825 0.00000 0.00000 0.00000 0.15175 0.00000 0.00000 0.00000 0.34825 0.00000 0.00000 0.00000 0.00000 0.00000 0.00000 0.00000 0.00000 0.00000 0.00000 0.00000 0.00000 0.00000 0.00000 0.00000 0.00000 0.00000 0.00000 0.00000 
63	1	0.15175 0.00000 0.00000 0.00000 0.34825 0.00000 0.00000 0.00000 0.15175 0.00000 0.00000 0.00000 0.34825 0.00000 0.00000 0.00000 0.00000 0.00000 0.00000 0.00000 0.00000 0.00000 0.00000 0.00000 0.00000 0.00000 0.00000 0.00000 0.00000 0.00000 0.00000 0.00000 
64	1	0.15175 0.00000 0.00000 0.00000 0.34825 0.00000 0.00000 0.00000 0.15175 0.00000 0.00000 0.00000 0.34825 0.00000 0.00000 0.00000 0.00000 0.00000 0.00000 0.00000 0.00000 0.00000 0.00000 0.00000 0.00000 0.00000 0.00000 0.00000 0.00000 0.00000 0.00000 0.00000 
65	1	0.15175 0.00000 0.00000 0.00000 0.34825 0.00000 0.00000 0.00000 0.15175 0.00000 0.00000 0.00000 0.34825 0.00000 0.00000 0.00000 0.00000 0.00000 0.00000 0.00000 0.00000 0.00000 0.00000 0.00000 0.00000 0.00000 0.00000 0.00000 0.00000 0.00000 0.00000 0.00000 
66	1	0.15175 0.00000 0.00000 0.00000 0.34825 0.00000 0.00000 0.00000 0.15175 0.00000 0.00000 0.00000 0.34825 0.00000 0.00000 0.00000 0.00000 0.00000 0.00000 0.00000 0.00000 0.00000 0.00000 0.00000 0.00000 0.00000 0.00000 0.00000 0.00000 0.00000 0.00000 0.00000 
67	1	0.15175 0.00000 0.00000 0.00000 0.34825 0.00000 0.00000 0.00000 0.15175 0.00000 0.00000 0.00000 0.34825 0.00000 0.00000 0.00000 0.00000 0.00000 0.00000 0.00000 0.00000 0.00000 0.00000 0.00000 0.00000 0.00000 0.00000 0.00000 0.00000 0.00000 0.00000 0.00000 
68	1	0.15177 0.00000 0.00000 0.00000 0.34823 0.00000 0.00000 0.00000 0.15177 0.00000 0.00000 0.00000 0.34823 0.00000 0.00000 0.00000 0.00000 0.00000 0.00000 0.00000 0.00000 0.00000 0.00000 0.00000 0.00000 0.00000 0.00000 0.00000 0.00000 0.00000 0.00000 0.00000 
69	1	0.15177 0.00000 0.00000 0.00000 0.34823 0.00000 0.00000 0.00000 0.15177 0.00000 0.00000 0.00000 0.34823 0.00000 0.00000 0.00000 0.00000 0.00000 0.00000 0.00000 0.00000 0.00000 0.00000 0.00000 0.00000 0.00000 0.00000 0.00000 0.00000 0.00000 0.00000 0.00000 
70	2	0.15177 0.00000 0.00000 0.00000 0.34823 0.00000 0.00000 0.00000 0.15177 0.00000 0.00000 0.00000 0.34823 0.00000 0.00000 0.00000 0.00000 0.00000 0.00000 0.00000 0.00000 0.00000 0.00000 0.00000 0.00000 0.00000 0.00000 0.00000 0.00000 0.00000 0.00000 0.00000 
71	2	0.15177 0.00000 0.00000 0.00000 0.34823 0.00000 0.00000 0.00000 0.15177 0.00000 0.00000 0.00000 0.34823 0.00000 0.00000 0.00000 0.00000 0.00000 0.00000 0.00000 0.00000 0.00000 0.00000 0.00000 0.00000 0.00000 0.00000 0.00000 0.00000 0.00000 0.00000 0.00000 
72	2	0.15177 0.00000 0.00000 0.00000 0.34823 0.00000 0.00000 0.00000 0.15177 0.00000 0.00000 0.00000 0.34823 0.00000 0.00000 0.00000 0.00000 0.00000 0.00000 0.00000 0.00000 0.00000 0.00000 0.00000 0.00000 0.00000 0.00000 0.00000 0.00000 0.00000 0.00000 0.00000 
73	2	0.15177 0.00000 0.00000 0.00000 0.34823 0.00000 0.00000 0.00000 0.15177 0.00000 0.00000 0.00000 0.34823 0.00000 0.00000 0.00000 0.00000 0.00000 0.00000 0.00000 0.00000 0.00000 0.00000 0.00000 0.00000 0.00000 0.00000 0.00000 0.00000 0.00000 0.00000 0.00000 
74	2	0.15177 0.00000 0.00000 0.00000 0.34823 0.00000 0.00000 0.00000 0.15177 0.00000 0.00000 0.00000 0.34823 0.00000 0.00000 0.00000 0.00000 0.00000 0.00000 0.00000 0.00000 0.00000 0.00000 0.00000 0.00000 0.00000 0.00000 0.00000 0.00000 0.00000 0.00000 0.00000 
75	2	0.15177 0.00000 0.00000 0.00000 0.34823 0.00000 0.00000 0.00000 0.15177 0.00000 0.00000 0.00000 0.34823 0.00000 0.00000 0.00000 0.00000 0.00000 0.00000 0.00000 0.00000 0.00000 0.00000 0.00000 0.00000 0.00000 0.00000 0.00000 0.00000 0.00000 0.00000 0.00000 
76	2	0.15177 0.00000 0.00000 0.00000 0.34823 0.00000 0.00000 0.00000 0.15177 0.00000 0.00000 0.00000 0.34823 0.00000 0.00000 0.00000 0.00000 0.00000 0.00000 0.00000 0.00000 0.00000 0.00000 0.00000 0.00000 0.00000 0.00000 0.00000 0.00000 0.00000 0.00000 0.00000 
77	2	0.15177 0.00000 0.00000 0.00000 0.34823 0.00000 0.00000 0.00000 0.15177 0.00000 0.00000 0.00000 0.34823 0.00000 0.00000 0.00000 0.00000 0.00000 0.00000 0.00000 0.00000 0.00000 0.00000 0.00000 0.00000 0.00000 0.00000 0.00000 0.00000 0.00000 0.00000 0.00000 
78	2	0.15177 0.00000 0.00000 0.00000 0.34823 0.00000 0.00000 0.00000 0.15177 0.00000 0.00000 0.00000 0.34823 0.00000 0.00000 0.00000 0.00000 0.00000 0.00000 0.00000 0.00000 0.00000 0.00000 0.00000 0.00000 0.00000 0.00000 0.00000 0.00000 0.00000 0.00000 0.00000 
79	2	0.15177 0.00000 0.00000 0.00000 0.34823 0.00000 0.00000 0.00000 0.15177 0.00000 0.00000 0.00000 0.34823 0.00000 0.00000 0.00000 0.00000 0.00000 0.00000 0.00000 0.00000 0.00000 0.00000 0.00000 0.00000 0.00000 0.00000 0.00000 0.00000 0.00000 0.00000 0.00000 
80	2	0.15177 0.00000 0.00000 0.00000 0.34823 0.00000 0.00000 0.00000 0.15177 0.00000 0.00000 0.00000 0.34823 0.00000 0.00000 0.00000 0.00000 0.00000 0.00000 0.00000 0.00000 0.00000 0.00000 0.00000 0.00000 0.00000 0.00000 0.00000 0.00000 0.00000 0.00000 0.00000 
81	2	0.15177 0.00000 0.00000 0.00000 0.34823 0.00000 0.00000 0.00000 0.15177 0.00000 0.00000 0.00000 0.34823 0.00000 0.00000 0.00000 0.00000 0.00000 0.00000 0.00000 0.00000 0.00000 0.00000 0.00000 0.00000 0.00000 0.00000 0.00000 0.00000 0.00000 0.00000 0.00000 
82	2	0.15177 0.00000 0.00000 0.00000 0.34823 0.00000 0.00000 0.00000 0.15177 0.00000 0.00000 0.00000 0.34823 0.00000 0.00000 0.00000 0.00000 0.00000 0.00000 0.00000 0.00000 0.00000 0.00000 0.00000 0.00000 0.00000 0.00000 0.00000 0.00000 0.00000 0.00000 0.00000 
83	2	0.15177 0.00000 0.00000 0.00000 0.34823 0.00000 0.00000 0.00000 0.15177 0.00000 0.00000 0.00000 0.34823 0.00000 0.00000 0.00000 0.00000 0.00000 0.00000 0.00000 0.00000 0.00000 0.00000 0.00000 0.00000 0.00000 0.00000 0.00000 0.00000 0.00000 0.00000 0.00000 
84	2	0.15177 0.00000 0.00000 0.00000 0.34823 0.00000 0.00000 0.00000 0.15177 0.00000 0.00000 0.00000 0.34823 0.00000 0.00000 0.00000 0.00000 0.00000 0.00000 0.00000 0.00000 0.00000 0.00000 0.00000 0.00000 0.00000 0.00000 0.00000 0.00000 0.00000 0.00000 0.00000 
85	2	0.15177 0.00000 0.00000 0.00000 0.34823 0.00000 0.00000 0.00000 0.15177 0.00000 0.00000 0.00000 0.34823 0.00000 0.00000 0.00000 0.00000 0.00000 0.00000 0.00000 0.00000 0.00000 0.00000 0.00000 0.00000 0.00000 0.00000 0.00000 0.00000 0.00000 0.00000 0.00000 
86	2	0.15177 0.00000 0.00000 0.00000 0.34823 0.00000 0.00000 0.00000 0.15177 0.00000 0.00000 0.00000 0.34823 0.00000 0.00000 0.00000 0.00000 0.00000 0.00000 0.00000 0.00000 0.00000 0.00000 0.00000 0.00000 0.00000 0.00000 0.00000 0.00000 0.00000 0.00000 0.00000 
87	2	0.15177 0.00000 0.00000 0.00000 0.34823 0.00000 0.00000 0.00000 0.15177 0.00000 0.00000 0.00000 0.34823 0.00000 0.00000 0.00000 0.00000 0.00000 0.00000 0.00000 0.00000 0.00000 0.00000 0.00000 0.00000 0.00000 0.00000 0.00000 0.00000 0.00000 0.00000 0.00000 
88	2	0.15177 0.00000 0.00000 0.00000 0.34823 0.00000 0.00000 0.00000 0.15177 0.00000 0.00000 0.00000 0.34823 0.00000 0.00000 0.00000 0.00000 0.00000 0.00000 0.00000 0.00000 0.00000 0.00000 0.00000 0.00000 0.00000 0.00000 0.00000 0.00000 0.00000 0.00000 0.00000 
89	2	0.15177 0.00000 0.00000 0.00000 0.34823 0.00000 0.00000 0.00000 0.15177 0.00000 0.00000 0.00000 0.34823 0.00000 0.00000 0.00000 0.00000 0.00000 0.00000 0.00000 0.00000 0.00000 0.00000 0.00000 0.00000 0.00000 0.00000 0.00000 0.00000 0.00000 0.00000 0.00000 
90	2	0.15177 0.00000 0.00000 0.00000 0.34823 0.00000 0.00000 0.00000 0.15177 0.00000 0.00000 0.00000 0.34823 0.00000 0.00000 0.00000 0.00000 0.00000 0.00000 0.00000 0.00000 0.00000 0.00000 0.00000 0.00000 0.00000 0.00000 0.00000 0.00000 0.00000 0.00000 0.00000 
91	2	0.15177 0.00000 0.00000 0.00000 0.34823 0.00000 0.00000 0.00000 0.15177 0.00000 0.00000 0.00000 0.34823 0.00000 0.00000 0.00000 0.00000 0.00000 0.00000 0.00000 0.00000 0.00000 0.00000 0.00000 0.00000 0.00000 0.00000 0.00000 0.00000 0.00000 0.00000 0.00000 
92	2	0.15177 0.00000 0.00000 0.00000 0.34823 0.00000 0.00000 0.00000 0.15177 0.00000 0.00000 0.00000 0.34823 0.00000 0.00000 0.00000 0.00000 0.00000 0.00000 0.00000 0.00000 0.00000 0.00000 0.00000 0.00000 0.00000 0.00000 0.00000 0.00000 0.00000 0.00000 0.00000 
93	2	0.15177 0.00000 0.00000 0.00000 0.34823 0.00000 0.00000 0.00000 0.15177 0.00000 0.00000 0.00000 0.34823 0.00000 0.00000 0.00000 0.00000 0.00000 0.00000 0.00000 0.00000 0.00000 0.00000 0.00000 0.00000 0.00000 0.00000 0.00000 0.00000 0.00000 0.00000 0.00000 
94	2	0.15177 0.00000 0.00000 0.00000 0.34823 0.00000 0.00000 0.00000 0.15177 0.00000 0.00000 0.00000 0.34823 0.00000 0.00000 0.00000 0.00000 0.00000 0.00000 0.00000 0.00000 0.00000 0.00000 0.00000 0.00000 0.00000 0.00000 0.00000 0.00000 0.00000 0.00000 0.00000 
95	2	0.15177 0.00000 0.00000 0.00000 0.34823 0.00000 0.00000 0.00000 0.15177 0.00000 0.00000 0.00000 0.34823 0.00000 0.00000 0.00000 0.00000 0.00000 0.00000 0.00000 0.00000 0.00000 0.00000 0.00000 0.00000 0.00000 0.00000 0.00000 0.00000 0.00000 0.00000 0.00000 
96	2	0.15177 0.00000 0.00000 0.00000 0.34823 0.00000 0.00000 0.00000 0.15177 0.00000 0.00000 0.00000 0.34823 0.00000 0.00000 0.00000 0.00000 0.00000 0.00000 0.00000 0.00000 0.00000 0.00000 0.00000 0.00000 0.00000 0.00000 0.00000 0.00000 0.00000 0.00000 0.00000 
97	2	0.15177 0.00000 0.00000 0.00000 0.34823 0.00000 0.00000 0.00000 0.15177 0.00000 0.00000 0.00000 0.34823 0.00000 0.00000 0.00000 0.00000 0.00000 0.00000 0.00000 0.00000 0.00000 0.00000 0.00000 0.00000 0.00000 0.00000 0.00000 0.00000 0.00000 0.00000 0.00000 
98	2	0.15177 0.00000 0.00000 0.00000 0.34823 0.00000 0.00000 0.00000 0.15177 0.00000 0.00000 0.00000 0.34823 0.00000 0.00000 0.00000 0.00000 0.00000 0.00000 0.00000 0.00000 0.00000 0.00000 0.00000 0.00000 0.00000 0.00000 0.00000 0.00000 0.00000 0.00000 0.00000 
99	2	0.15177 0.00000 0.00000 0.00000 0.34823 0.00000 0.00000 0.00000 0.15177 0.00000 0.00000 0.00000 0.34823 0.00000 0.00000 0.00000 0.00000 0.00000 0.00000 0.00000 0.00000 0.00000 0.00000 0.00000 0.00000 0.00000 0.00000 0.00000 0.00000 0.00000 0.00000 0.00000 
100	2	0.15177 0.00000 0.00000 0.00000 0.34823 0.00000 0.00000 0.00000 0.15177 0.00000 0.00000 0.00000 0.34823 0.00000 0.00000 0.00000 0.00000 0.00000 0.00000 0.00000 0.00000 0.00000 0.00000 0.00000 0.00000 0.00000 0.00000 0.00000 0.00000 0.00000 0.00000 0.00000 
101	2	0.15177 0.00000 0.00000 0.00000 0.34823 0.00000 0.00000 0.00000 0.15177 0.00000 0.00000 0.00000 0.34823 0.00000 0.00000 0.00000 0.00000 0.00000 0.00000 0.00000 0.00000 0.00000 0.00000 0.00000 0.00000 0.00000 0.00000 0.00000 0.00000 0.00000 0.00000 0.00000 
102	2	0.15177 0.00000 0.00000 0.00000 0.34823 0.00000 0.00000 0.00000 0.15177 0.00000 0.00000 0.00000 0.34823 0.00000 0.00000 0.00000 0.00000 0.00000 0.00000 0.00000 0.00000 0.00000 0.00000 0.00000 0.00000 0.00000 0.00000 0.00000 0.00000 0.00000 0.00000 0.00000 
103	2	0.15177 0.00000 0.00000 0.00000 0.34823 0.00000 0.00000 0.00000 0.15177 0.00000 0.00000 0.00000 0.34823 0.00000 0.00000 0.00000 0.00000 0.00000 0.00000 0.00000 0.00000 0.00000 0.00000 0.00000 0.00000 0.00000 0.00000 0.00000 0.00000 0.00000 0.00000 0.00000 
104	2	0.15177 0.00000 0.00000 0.00000 0.34823 0.00000 0.00000 0.00000 0.15177 0.00000 0.00000 0.00000 0.34823 0.00000 0.00000 0.00000 0.00000 0.00000 0.00000 0.00000 0.00000 0.00000 0.00000 0.00000 0.00000 0.00000 0.00000 0.00000 0.00000 0.00000 0.00000 0.00000 
105	2	0.15177 0.00000 0.00000 0.00000 0.34823 0.00000 0.00000 0.00000 0.15177 0.00000 0.00000 0.00000 0.34823 0.00000 0.00000 0.00000 0.00000 0.00000 0.00000 0.00000 0.00000 0.00000 0.00000 0.00000 0.00000 0.00000 0.00000 0.00000 0.00000 0.00000 0.00000 0.00000 
106	2	0.15177 0.00000 0.00000 0.00000 0.34823 0.00000 0.00000 0.00000 0.15177 0.00000 0.00000 0.00000 0.34823 0.00000 0.00000 0.00000 0.00000 0.00000 0.00000 0.00000 0.00000 0.00000 0.00000 0.00000 0.00000 0.00000 0.00000 0.00000 0.00000 0.00000 0.00000 0.00000 
107	2	0.15177 0.00000 0.00000 0.00000 0.34823 0.00000 0.00000 0.00000 0.15177 0.00000 0.00000 0.00000 0.34823 0.00000 0.00000 0.00000 0.00000 0.00000 0.00000 0.00000 0.00000 0.00000 0.00000 0.00000 0.00000 0.00000 0.00000 0.00000 0.00000 0.00000 0.00000 0.00000 
108	2	0.15177 0.00000 0.00000 0.00000 0.34823 0.00000 0.00000 0.00000 0.15177 0.00000 0.00000 0.00000 0.34823 0.00000 0.00000 0.00000 0.00000 0.00000 0.00000 0.00000 0.00000 0.00000 0.00000 0.00000 0.00000 0.00000 0.00000 0.00000 0.00000 0.00000 0.00000 0.00000 
109	2	0.15177 0.00000 0.00000 0.00000 0.34823 0.00000 0.00000 0.00000 0.15177 0.00000 0.00000 0.00000 0.34823 0.00000 0.00000 0.00000 0.00000 0.00000 0.00000 0.00000 0.00000 0.00000 0.00000 0.00000 0.00000 0.00000 0.00000 0.00000 0.00000 0.00000 0.00000 0.00000 
110	2	0.15177 0.00000 0.00000 0.00000 0.34823 0.00000 0.00000 0.00000 0.15177 0.00000 0.00000 0.00000 0.34823 0.00000 0.00000 0.00000 0.00000 0.00000 0.00000 0.00000 0.00000 0.00000 0.00000 0.00000 0.00000 0.00000 0.00000 0.00000 0.00000 0.00000 0.00000 0.00000 
111	2	0.15177 0.00000 0.00000 0.00000 0.34823 0.00000 0.00000 0.00000 0.15177 0.00000 0.00000 0.00000 0.34823 0.00000 0.00000 0.00000 0.00000 0.00000 0.00000 0.00000 0.00000 0.00000 0.00000 0.00000 0.00000 0.00000 0.00000 0.00000 0.00000 0.00000 0.00000 0.00000 
112	2	0.15177 0.00000 0.00000 0.00000 0.34823 0.00000 0.00000 0.00000 0.15177 0.00000 0.00000 0.00000 0.34823 0.00000 0.00000 0.00000 0.00000 0.00000 0.00000 0.00000 0.00000 0.00000 0.00000 0.00000 0.00000 0.00000 0.00000 0.00000 0.00000 0.00000 0.00000 0.00000 
113	2	0.15177 0.00000 0.00000 0.00000 0.34823 0.00000 0.00000 0.00000 0.15177 0.00000 0.00000 0.00000 0.34823 0.00000 0.00000 0.00000 0.00000 0.00000 0.00000 0.00000 0.00000 0.00000 0.00000 0.00000 0.00000 0.00000 0.00000 0.00000 0.00000 0.00000 0.00000 0.00000 
114	2	0.15175 0.00000 0.00000 0.00000 0.34825 0.00000 0.00000 0.00000 0.15175 0.00000 0.00000 0.00000 0.34825 0.00000 0.00000 0.00000 0.00000 0.00000 0.00000 0.00000 0.00000 0.00000 0.00000 0.00000 0.00000 0.00000 0.00000 0.00000 0.00000 0.00000 0.00000 0.00000 
115	2	0.15175 0.00000 0.00000 0.00000 0.34825 0.00000 0.00000 0.00000 0.15175 0.00000 0.00000 0.00000 0.34825 0.00000 0.00000 0.00000 0.00000 0.00000 0.00000 0.00000 0.00000 0.00000 0.00000 0.00000 0.00000 0.00000 0.00000 0.00000 0.00000 0.00000 0.00000 0.00000 
116	2	0.15175 0.00000 0.00000 0.00000 0.34825 0.00000 0.00000 0.00000 0.15175 0.00000 0.00000 0.00000 0.34825 0.00000 0.00000 0.00000 0.00000 0.00000 0.00000 0.00000 0.00000 0.00000 0.00000 0.00000 0.00000 0.00000 0.00000 0.00000 0.00000 0.00000 0.00000 0.00000 
117	2	0.15175 0.00000 0.00000 0.00000 0.34825 0.00000 0.00000 0.00000 0.15175 0.00000 0.00000 0.00000 0.34825 0.00000 0.00000 0.00000 0.00000 0.00000 0.00000 0.00000 0.00000 0.00000 0.00000 0.00000 0.00000 0.00000 0.00000 0.00000 0.00000 0.00000 0.00000 0.00000 
118	2	0.15175 0.00000 0.00000 0.00000 0.34825 0.00000 0.00000 0.00000 0.15175 0.00000 0.00000 0.00000 0.34825 0.00000 0.00000 0.00000 0.00000 0.00000 0.00000 0.00000 0.00000 0.00000 0.00000 0.00000 0.00000 0.00000 0.00000 0.00000 0.00000 0.00000 0.00000 0.00000 
119	2	0.15175 0.00000 0.00000 0.00000 0.34825 0.00000 0.00000 0.00000 0.15175 0.00000 0.00000 0.00000 0.34825 0.00000 0.00000 0.00000 0.00000 0.00000 0.00000 0.00000 0.00000 0.00000 0.00000 0.00000 0.00000 0.00000 0.00000 0.00000 0.00000 0.00000 0.00000 0.00000 
120	2	0.15175 0.00000 0.00000 0.00000 0.34825 0.00000 0.00000 0.00000 0.15175 0.00000 0.00000 0.00000 0.34825 0.00000 0.00000 0.00000 0.00000 0.00000 0.00000 0.00000 0.00000 0.00000 0.00000 0.00000 0.00000 0.00000 0.00000 0.00000 0.00000 0.00000 0.00000 0.00000 
121	2	0.15175 0.00000 0.00000 0.00000 0.34825 0.00000 0.00000 0.00000 0.15175 0.00000 0.00000 0.00000 0.34825 0.00000 0.00000 0.00000 0.00000 0.00000 0.00000 0.00000 0.00000 0.00000 0.00000 0.00000 0.00000 0.00000 0.00000 0.00000 0.00000 0.00000 0.00000 0.00000 
122	2	0.15175 0.00000 0.00000 0.00000 0.34825 0.00000 0.00000 0.00000 0.15175 0.00000 0.00000 0.00000 0.34825 0.00000 0.00000 0.00000 0.00000 0.00000 0.00000 0.00000 0.00000 0.00000 0.00000 0.00000 0.00000 0.00000 0.00000 0.00000 0.00000 0.00000 0.00000 0.00000 
123	2	0.15177 0.00000 0.00000 0.00000 0.34823 0.00000 0.00000 0.00000 0.15177 0.00000 0.00000 0.00000 0.34823 0.00000 0.00000 0.00000 0.00000 0.00000 0.00000 0.00000 0.00000 0.00000 0.00000 0.00000 0.00000 0.00000 0.00000 0.00000 0.00000 0.00000 0.00000 0.00000 
124	2	0.15175 0.00000 0.00000 0.00000 0.34825 0.00000 0.00000 0.00000 0.15175 0.00000 0.00000 0.00000 0.34825 0.00000 0.00000 0.00000 0.00000 0.00000 0.00000 0.00000 0.00000 0.00000 0.00000 0.00000 0.00000 0.00000 0.00000 0.00000 0.00000 0.00000 0.00000 0.00000 
125	2	0.15175 0.00000 0.00000 0.00000 0.34825 0.00000 0.00000 0.00000 0.15175 0.00000 0.00000 0.00000 0.34825 0.00000 0.00000 0.00000 0.00000 0.00000 0.00000 0.00000 0.00000 0.00000 0.00000 0.00000 0.00000 0.00000 0.00000 0.00000 0.00000 0.00000 0.00000 0.00000 
126	2	0.15175 0.00000 0.00000 0.00000 0.34825 0.00000 0.00000 0.00000 0.15175 0.00000 0.00000 0.00000 0.34825 0.00000 0.00000 0.00000 0.00000 0.00000 0.00000 0.00000 0.00000 0.00000 0.00000 0.00000 0.00000 0.00000 0.00000 0.00000 0.00000 0.00000 0.00000 0.00000 
127	2	0.15175 0.00000 0.00000 0.00000 0.34825 0.00000 0.00000 0.00000 0.15175 0.00000 0.00000 0.00000 0.34825 0.00000 0.00000 0.00000 0.00000 0.00000 0.00000 0.00000 0.00000 0.00000 0.00000 0.00000 0.00000 0.00000 0.00000 0.00000 0.00000 0.00000 0.00000 0.00000 
128	2	0.15175 0.00000 0.00000 0.00000 0.34825 0.00000 0.00000 0.00000 0.15175 0.00000 0.00000 0.00000 0.34825 0.00000 0.00000 0.00000 0.00000 0.00000 0.00000 0.00000 0.00000 0.00000 0.00000 0.00000 0.00000 0.00000 0.00000 0.00000 0.00000 0.00000 0.00000 0.00000 
129	2	0.15175 0.00000 0.00000 0.00000 0.34825 0.00000 0.00000 0.00000 0.15175 0.00000 0.00000 0.00000 0.34825 0.00000 0.00000 0.00000 0.00000 0.00000 0.00000 0.00000 0.00000 0.00000 0.00000 0.00000 0.00000 0.00000 0.00000 0.00000 0.00000 0.00000 0.00000 0.00000 
130	2	0.15175 0.00000 0.00000 0.00000 0.34825 0.00000 0.00000 0.00000 0.15175 0.00000 0.00000 0.00000 0.34825 0.00000 0.00000 0.00000 0.00000 0.00000 0.00000 0.00000 0.00000 0.00000 0.00000 0.00000 0.00000 0.00000 0.00000 0.00000 0.00000 0.00000 0.00000 0.00000 
131	2	0.15175 0.00000 0.00000 0.00000 0.34825 0.00000 0.00000 0.00000 0.15175 0.00000 0.00000 0.00000 0.34825 0.00000 0.00000 0.00000 0.00000 0.00000 0.00000 0.00000 0.00000 0.00000 0.00000 0.00000 0.00000 0.00000 0.00000 0.00000 0.00000 0.00000 0.00000 0.00000 
132	2	0.15175 0.00000 0.00000 0.00000 0.34825 0.00000 0.00000 0.00000 0.15175 0.00000 0.00000 0.00000 0.34825 0.00000 0.00000 0.00000 0.00000 0.00000 0.00000 0.00000 0.00000 0.00000 0.00000 0.00000 0.00000 0.00000 0.00000 0.00000 0.00000 0.00000 0.00000 0.00000 
133	2	0.15175 0.00000 0.00000 0.00000 0.34825 0.00000 0.00000 0.00000 0.15175 0.00000 0.00000 0.00000 0.34825 0.00000 0.00000 0.00000 0.00000 0.00000 0.00000 0.00000 0.00000 0.00000 0.00000 0.00000 0.00000 0.00000 0.00000 0.00000 0.00000 0.00000 0.00000 0.00000 
134	2	0.15177 0.00000 0.00000 0.00000 0.34823 0.00000 0.00000 0.00000 0.15177 0.00000 0.00000 0.00000 0.34823 0.00000 0.00000 0.00000 0.00000 0.00000 0.00000 0.00000 0.00000 0.00000 0.00000 0.00000 0.00000 0.00000 0.00000 0.00000 0.00000 0.00000 0.00000 0.00000 
135	2	0.15175 0.00000 0.00000 0.00000 0.34825 0.00000 0.00000 0.00000 0.15175 0.00000 0.00000 0.00000 0.34825 0.00000 0.00000 0.00000 0.00000 0.00000 0.00000 0.00000 0.00000 0.00000 0.00000 0.00000 0.00000 0.00000 0.00000 0.00000 0.00000 0.00000 0.00000 0.00000 
136	2	0.15175 0.00000 0.00000 0.00000 0.34825 0.00000 0.00000 0.00000 0.15175 0.00000 0.00000 0.00000 0.34825 0.00000 0.00000 0.00000 0.00000 0.00000 0.00000 0.00000 0.00000 0.00000 0.00000 0.00000 0.00000 0.00000 0.00000 0.00000 0.00000 0.00000 0.00000 0.00000 
137	2	0.15177 0.00000 0.00000 0.00000 0.34823 0.00000 0.00000 0.00000 0.15177 0.00000 0.00000 0.00000 0.34823 0.00000 0.00000 0.00000 0.00000 0.00000 0.00000 0.00000 0.00000 0.00000 0.00000 0.00000 0.00000 0.00000 0.00000 0.00000 0.00000 0.00000 0.00000 0.00000 
138	2	0.15177 0.00000 0.00000 0.00000 0.34823 0.00000 0.00000 0.00000 0.15177 0.00000 0.00000 0.00000 0.34823 0.00000 0.00000 0.00000 0.00000 0.00000 0.00000 0.00000 0.00000 0.00000 0.00000 0.00000 0.00000 0.00000 0.00000 0.00000 0.00000 0.00000 0.00000 0.00000 
139	2	0.15177 0.00000 0.00000 0.00000 0.34823 0.00000 0.00000 0.00000 0.15177 0.00000 0.00000 0.00000 0.34823 0.00000 0.00000 0.00000 0.00000 0.00000 0.00000 0.00000 0.00000 0.00000 0.00000 0.00000 0.00000 0.00000 0.00000 0.00000 0.00000 0.00000 0.00000 0.00000 
140	3	0.15177 0.00000 0.00000 0.00000 0.34823 0.00000 0.00000 0.00000 0.15177 0.00000 0.00000 0.00000 0.34823 0.00000 0.00000 0.00000 0.00000 0.00000 0.00000 0.00000 0.00000 0.00000 0.00000 0.00000 0.00000 0.00000 0.00000 0.00000 0.00000 0.00000 0.00000 0.00000 
141	3	0.15177 0.00000 0.00000 0.00000 0.34823 0.00000 0.00000 0.00000 0.15177 0.00000 0.00000 0.00000 0.34823 0.00000 0.00000 0.00000 0.00000 0.00000 0.00000 0.00000 0.00000 0.00000 0.00000 0.00000 0.00000 0.00000 0.00000 0.00000 0.00000 0.00000 0.00000 0.00000 
142	3	0.15177 0.00000 0.00000 0.00000 0.34823 0.00000 0.00000 0.00000 0.15177 0.00000 0.00000 0.00000 0.34823 0.00000 0.00000 0.00000 0.00000 0.00000 0.00000 0.00000 0.00000 0.00000 0.00000 0.00000 0.00000 0.00000 0.00000 0.00000 0.00000 0.00000 0.00000 0.00000 
143	3	0.15177 0.00000 0.00000 0.00000 0.34823 0.00000 0.00000 0.00000 0.15177 0.00000 0.00000 0.00000 0.34823 0.00000 0.00000 0.00000 0.00000 0.00000 0.00000 0.00000 0.00000 0.00000 0.00000 0.00000 0.00000 0.00000 0.00000 0.00000 0.00000 0.00000 0.00000 0.00000 
144	3	0.15177 0.00000 0.00000 0.00000 0.34823 0.00000 0.00000 0.00000 0.15177 0.00000 0.00000 0.00000 0.34823 0.00000 0.00000 0.00000 0.00000 0.00000 0.00000 0.00000 0.00000 0.00000 0.00000 0.00000 0.00000 0.00000 0.00000 0.00000 0.00000 0.00000 0.00000 0.00000 
145	3	0.15177 0.00000 0.00000 0.00000 0.34823 0.00000 0.00000 0.00000 0.15177 0.00000 0.00000 0.00000 0.34823 0.00000 0.00000 0.00000 0.00000 0.00000 0.00000 0.00000 0.00000 0.00000 0.00000 0.00000 0.00000 0.00000 0.00000 0.00000 0.00000 0.00000 0.00000 0.00000 
146	3	0.15177 0.00000 0.00000 0.00000 0.34823 0.00000 0.00000 0.00000 0.15177 0.00000 0.00000 0.00000 0.34823 0.00000 0.00000 0.00000 0.00000 0.00000 0.00000 0.00000 0.00000 0.00000 0.00000 0.00000 0.00000 0.00000 0.00000 0.00000 0.00000 0.00000 0.00000 0.00000 
147	3	0.15177 0.00000 0.00000 0.00000 0.34823 0.00000 0.00000 0.00000 0.15177 0.00000 0.00000 0.00000 0.34823 0.00000 0.00000 0.00000 0.00000 0.00000 0.00000 0.00000 0.00000 0.00000 0.00000 0.00000 0.00000 0.00000 0.00000 0.00000 0.00000 0.00000 0.00000 0.00000 
148	3	0.15175 0.00000 0.00000 0.00000 0.34825 0.00000 0.00000 0.00000 0.15175 0.00000 0.00000 0.00000 0.34825 0.00000 0.00000 0.00000 0.00000 0.00000 0.00000 0.00000 0.00000 0.00000 0.00000 0.00000 0.00000 0.00000 0.00000 0.00000 0.00000 0.00000 0.00000 0.00000 
149	3	0.15175 0.00000 0.00000 0.00000 0.34825 0.00000 0.00000 0.00000 0.15175 0.00000 0.00000 0.00000 0.34825 0.00000 0.00000 0.00000 0.00000 0.00000 0.00000 0.00000 0.00000 0.00000 0.00000 0.00000 0.00000 0.00000 0.00000 0.00000 0.00000 0.00000 0.00000 0.00000 
150	3	0.15175 0.00000 0.00000 0.00000 0.34825 0.00000 0.00000 0.00000 0.15175 0.00000 0.00000 0.00000 0.34825 0.00000 0.00000 0.00000 0.00000 0.00000 0.00000 0.00000 0.00000 0.00000 0.00000 0.00000 0.00000 0.00000 0.00000 0.00000 0.00000 0.00000 0.00000 0.00000 
151	3	0.15175 0.00000 0.00000 0.00000 0.34825 0.00000 0.00000 0.00000 0.15175 0.00000 0.00000 0.00000 0.34825 0.00000 0.00000 0.00000 0.00000 0.00000 0.00000 0.00000 0.00000 0.00000 0.00000 0.00000 0.00000 0.00000 0.00000 0.00000 0.00000 0.00000 0.00000 0.00000 
152	3	0.15175 0.00000 0.00000 0.00000 0.34825 0.00000 0.00000 0.00000 0.15175 0.00000 0.00000 0.00000 0.34825 0.00000 0.00000 0.00000 0.00000 0.00000 0.00000 0.00000 0.00000 0.00000 0.00000 0.00000 0.00000 0.00000 0.00000 0.00000 0.00000 0.00000 0.00000 0.00000 
153	3	0.15177 0.00000 0.00000 0.00000 0.34823 0.00000 0.00000 0.00000 0.15177 0.00000 0.00000 0.00000 0.34823 0.00000 0.00000 0.00000 0.00000 0.00000 0.00000 0.00000 0.00000 0.00000 0.00000 0.00000 0.00000 0.00000 0.00000 0.00000 0.00000 0.00000 0.00000 0.00000 
154	3	0.15177 0.00000 0.00000 0.00000 0.34823 0.00000 0.00000 0.00000 0.15177 0.00000 0.00000 0.00000 0.34823 0.00000 0.00000 0.00000 0.00000 0.00000 0.00000 0.00000 0.00000 0.00000 0.00000 0.00000 0.00000 0.00000 0.00000 0.00000 0.00000 0.00000 0.00000 0.00000 
155	3	0.15177 0.00000 0.00000 0.00000 0.34823 0.00000 0.00000 0.00000 0.15177 0.00000 0.00000 0.00000 0.34823 0.00000 0.00000 0.00000 0.00000 0.00000 0.00000 0.00000 0.00000 0.00000 0.00000 0.00000 0.00000 0.00000 0.00000 0.00000 0.00000 0.00000 0.00000 0.00000 
156	3	0.15177 0.00000 0.00000 0.00000 0.34823 0.00000 0.00000 0.00000 0.15177 0.00000 0.00000 0.00000 0.34823 0.00000 0.00000 0.00000 0.00000 0.00000 0.00000 0.00000 0.00000 0.00000 0.00000 0.00000 0.00000 0.00000 0.00000 0.00000 0.00000 0.00000 0.00000 0.00000 
157	3	0.15177 0.00000 0.00000 0.00000 0.34823 0.00000 0.00000 0.00000 0.15177 0.00000 0.00000 0.00000 0.34823 0.00000 0.00000 0.00000 0.00000 0.00000 0.00000 0.00000 0.00000 0.00000 0.00000 0.00000 0.00000 0.00000 0.00000 0.00000 0.00000 0.00000 0.00000 0.00000 
158	3	0.15177 0.00000 0.00000 0.00000 0.34823 0.00000 0.00000 0.00000 0.15177 0.00000 0.00000 0.00000 0.34823 0.00000 0.00000 0.00000 0.00000 0.00000 0.00000 0.00000 0.00000 0.00000 0.00000 0.00000 0.00000 0.00000 0.00000 0.00000 0.00000 0.00000 0.00000 0.00000 
159	3	0.15177 0.00000 0.00000 0.00000 0.34823 0.00000 0.00000 0.00000 0.15177 0.00000 0.00000 0.00000 0.34823 0.00000 0.00000 0.00000 0.00000 0.00000 0.00000 0.00000 0.00000 0.00000 0.00000 0.00000 0.00000 0.00000 0.00000 0.00000 0.00000 0.00000 0.00000 0.00000 
160	3	0.15177 0.00000 0.00000 0.00000 0.34823 0.00000 0.00000 0.00000 0.15177 0.00000 0.00000 0.00000 0.34823 0.00000 0.00000 0.00000 0.00000 0.00000 0.00000 0.00000 0.00000 0.00000 0.00000 0.00000 0.00000 0.00000 0.00000 0.00000 0.00000 0.00000 0.00000 0.00000 
161	3	0.15177 0.00000 0.00000 0.00000 0.34823 0.00000 0.00000 0.00000 0.15177 0.00000 0.00000 0.00000 0.34823 0.00000 0.00000 0.00000 0.00000 0.00000 0.00000 0.00000 0.00000 0.00000 0.00000 0.00000 0.00000 0.00000 0.00000 0.00000 0.00000 0.00000 0.00000 0.00000 
162	3	0.15177 0.00000 0.00000 0.00000 0.34823 0.00000 0.00000 0.00000 0.15177 0.00000 0.00000 0.00000 0.34823 0.00000 0.00000 0.00000 0.00000 0.00000 0.00000 0.00000 0.00000 0.00000 0.00000 0.00000 0.00000 0.00000 0.00000 0.00000 0.00000 0.00000 0.00000 0.00000 
163	3	0.15177 0.00000 0.00000 0.00000 0.34823 0.00000 0.00000 0.00000 0.15177 0.00000 0.00000 0.00000 0.34823 0.00000 0.00000 0.00000 0.00000 0.00000 0.00000 0.00000 0.00000 0.00000 0.00000 0.00000 0.00000 0.00000 0.00000 0.00000 0.00000 0.00000 0.00000 0.00000 
164	3	0.15177 0.00000 0.00000 0.00000 0.34823 0.00000 0.00000 0.00000 0.15177 0.00000 0.00000 0.00000 0.34823 0.00000 0.00000 0.00000 0.00000 0.00000 0.00000 0.00000 0.00000 0.00000 0.00000 0.00000 0.00000 0.00000 0.00000 0.00000 0.00000 0.00000 0.00000 0.00000 
165	3	0.15177 0.00000 0.00000 0.00000 0.34823 0.00000 0.00000 0.00000 0.15177 0.00000 0.00000 0.00000 0.34823 0.00000 0.00000 0.00000 0.00000 0.00000 0.00000 0.00000 0.00000 0.00000 0.00000 0.00000 0.00000 0.00000 0.00000 0.00000 0.00000 0.00000 0.00000 0.00000 
166	3	0.15177 0.00000 0.00000 0.00000 0.34823 0.00000 0.00000 0.00000 0.15177 0.00000 0.00000 0.00000 0.34823 0.00000 0.00000 0.00000 0.00000 0.00000 0.00000 0.00000 0.00000 0.00000 0.00000 0.00000 0.00000 0.00000 0.00000 0.00000 0.00000 0.00000 0.00000 0.00000 
167	3	0.15177 0.00000 0.00000 0.00000 0.34823 0.00000 0.00000 0.00000 0.15177 0.00000 0.00000 0.00000 0.34823 0.00000 0.00000 0.00000 0.00000 0.00000 0.00000 0.00000 0.00000 0.00000 0.00000 0.00000 0.00000 0.00000 0.00000 0.00000 0.00000 0.00000 0.00000 0.00000 
168	3	0.15177 0.00000 0.00000 0.00000 0.34823 0.00000 0.00000 0.00000 0.15177 0.00000 0.00000 0.00000 0.34823 0.00000 0.00000 0.00000 0.00000 0.00000 0.00000 0.00000 0.00000 0.00000 0.00000 0.00000 0.00000 0.00000 0.00000 0.00000 0.00000 0.00000 0.00000 0.00000 
169	3	0.15177 0.00000 0.00000 0.00000 0.34823 0.00000 0.00000 0.00000 0.15177 0.00000 0.00000 0.00000 0.34823 0.00000 0.00000 0.00000 0.00000 0.00000 0.00000 0.00000 0.00000 0.00000 0.00000 0.00000 0.00000 0.00000 0.00000 0.00000 0.00000 0.00000 0.00000 0.00000 
170	3	0.15177 0.00000 0.00000 0.00000 0.34823 0.00000 0.00000 0.00000 0.15177 0.00000 0.00000 0.00000 0.34823 0.00000 0.00000 0.00000 0.00000 0.00000 0.00000 0.00000 0.00000 0.00000 0.00000 0.00000 0.00000 0.00000 0.00000 0.00000 0.00000 0.00000 0.00000 0.00000 
171	3	0.15177 0.00000 0.00000 0.00000 0.34823 0.00000 0.00000 0.00000 0.15177 0.00000 0.00000 0.00000 0.34823 0.00000 0.00000 0.00000 0.00000 0.00000 0.00000 0.00000 0.00000 0.00000 0.00000 0.00000 0.00000 0.00000 0.00000 0.00000 0.00000 0.00000 0.00000 0.00000 
172	3	0.15177 0.00000 0.00000 0.00000 0.34823 0.00000 0.00000 0.00000 0.15177 0.00000 0.00000 0.00000 0.34823 0.00000 0.00000 0.00000 0.00000 0.00000 0.00000 0.00000 0.00000 0.00000 0.00000 0.00000 0.00000 0.00000 0.00000 0.00000 0.00000 0.00000 0.00000 0.00000 
173	3	0.15175 0.00000 0.00000 0.00000 0.34825 0.00000 0.00000 0.00000 0.15175 0.00000 0.00000 0.00000 0.34825 0.00000 0.00000 0.00000 0.00000 0.00000 0.00000 0.00000 0.00000 0.00000 0.00000 0.00000 0.00000 0.00000 0.00000 0.00000 0.00000 0.00000 0.00000 0.00000 
174	3	0.15175 0.00000 0.00000 0.00000 0.34825 0.00000 0.00000 0.00000 0.15175 0.00000 0.00000 0.00000 0.34825 0.00000 0.00000 0.00000 0.00000 0.00000 0.00000 0.00000 0.00000 0.00000 0.00000 0.00000 0.00000 0.00000 0.00000 0.00000 0.00000 0.00000 0.00000 0.00000 
175	3	0.15175 0.00000 0.00000 0.00000 0.34825 0.00000 0.00000 0.00000 0.15175 0.00000 0.00000 0.00000 0.34825 0.00000 0.00000 0.00000 0.00000 0.00000 0.00000 0.00000 0.00000 0.00000 0.00000 0.00000 0.00000 0.00000 0.00000 0.00000 0.00000 0.00000 0.00000 0.00000 
176	3	0.15175 0.00000 0.00000 0.00000 0.34825 0.00000 0.00000 0.00000 0.15175 0.00000 0.00000 0.00000 0.34825 0.00000 0.00000 0.00000 0.00000 0.00000 0.00000 0.00000 0.00000 0.00000 0.00000 0.00000 0.00000 0.00000 0.00000 0.00000 0.00000 0.00000 0.00000 0.00000 
177	3	0.15175 0.00000 0.00000 0.00000 0.34825 0.00000 0.00000 0.00000 0.15175 0.00000 0.00000 0.00000 0.34825 0.00000 0.00000 0.00000 0.00000 0.00000 0.00000 0.00000 0.00000 0.00000 0.00000 0.00000 0.00000 0.00000 0.00000 0.00000 0.00000 0.00000 0.00000 0.00000 
178	3	0.15175 0.00000 0.00000 0.00000 0.34825 0.00000 0.00000 0.00000 0.15175 0.00000 0.00000 0.00000 0.34825 0.00000 0.00000 0.00000 0.00000 0.00000 0.00000 0.00000 0.00000 0.00000 0.00000 0.00000 0.00000 0.00000 0.00000 0.00000 0.00000 0.00000 0.00000 0.00000 
179	3	0.15175 0.00000 0.00000 0.00000 0.34825 0.00000 0.00000 0.00000 0.15175 0.00000 0.00000 0.00000 0.34825 0.00000 0.00000 0.00000 0.00000 0.00000 0.00000 0.00000 0.00000 0.00000 0.00000 0.00000 0.00000 0.00000 0.00000 0.00000 0.00000 0.00000 0.00000 0.00000 
180	3	0.15175 0.00000 0.00000 0.00000 0.34825 0.00000 0.00000 0.00000 0.15175 0.00000 0.00000 0.00000 0.34825 0.00000 0.00000 0.00000 0.00000 0.00000 0.00000 0.00000 0.00000 0.00000 0.00000 0.00000 0.00000 0.00000 0.00000 0.00000 0.00000 0.00000 0.00000 0.00000 
181	3	0.15175 0.00000 0.00000 0.00000 0.34825 0.00000 0.00000 0.00000 0.15175 0.00000 0.00000 0.00000 0.34825 0.00000 0.00000 0.00000 0.00000 0.00000 0.00000 0.00000 0.00000 0.00000 0.00000 0.00000 0.00000 0.00000 0.00000 0.00000 0.00000 0.00000 0.00000 0.00000 
182	3	0.15177 0.00000 0.00000 0.00000 0.34823 0.00000 0.00000 0.00000 0.15177 0.00000 0.00000 0.00000 0.34823 0.00000 0.00000 0.00000 0.00000 0.00000 0.00000 0.00000 0.00000 0.00000 0.00000 0.00000 0.00000 0.00000 0.00000 0.00000 0.00000 0.00000 0.00000 0.00000 
183	3	0.15175 0.00000 0.00000 0.00000 0.34825 0.00000 0.00000 0.00000 0.15175 0.00000 0.00000 0.00000 0.34825 0.00000 0.00000 0.00000 0.00000 0.00000 0.00000 0.00000 0.00000 0.00000 0.00000 0.00000 0.00000 0.00000 0.00000 0.00000 0.00000 0.00000 0.00000 0.00000 
184	3	0.15175 0.00000 0.00000 0.00000 0.34825 0.00000 0.00000 0.00000 0.15175 0.00000 0.00000 0.00000 0.34825 0.00000 0.00000 0.00000 0.00000 0.00000 0.00000 0.00000 0.00000 0.00000 0.00000 0.00000 0.00000 0.00000 0.00000 0.00000 0.00000 0.00000 0.00000 0.00000 
185	3	0.15175 0.00000 0.00000 0.00000 0.34825 0.00000 0.00000 0.00000 0.15175 0.00000 0.00000 0.00000 0.34825 0.00000 0.00000 0.00000 0.00000 0.00000 0.00000 0.00000 0.00000 0.00000 0.00000 0.00000 0.00000 0.00000 0.00000 0.00000 0.00000 0.00000 0.00000 0.00000 
186	3	0.15175 0.00000 0.00000 0.00000 0.34825 0.00000 0.00000 0.00000 0.15175 0.00000 0.00000 0.00000 0.34825 0.00000 0.00000 0.00000 0.00000 0.00000 0.00000 0.00000 0.00000 0.00000 0.00000 0.00000 0.00000 0.00000 0.00000 0.00000 0.00000 0.00000 0.00000 0.00000 
187	3	0.15175 0.00000 0.00000 0.00000 0.34825 0.00000 0.00000 0.00000 0.15175 0.00000 0.00000 0.00000 0.34825 0.00000 0.00000 0.00000 0.00000 0.00000 0.00000 0.00000 0.00000 0.00000 0.00000 0.00000 0.00000 0.00000 0.00000 0.00000 0.00000 0.00000 0.00000 0.00000 
188	3	0.15175 0.00000 0.00000 0.00000 0.34825 0.00000 0.00000 0.00000 0.15175 0.00000 0.00000 0.00000 0.34825 0.00000 0.00000 0.00000 0.00000 0.00000 0.00000 0.00000 0.00000 0.00000 0.00000 0.00000 0.00000 0.00000 0.00000 0.00000 0.00000 0.00000 0.00000 0.00000 
189	3	0.15175 0.00000 0.00000 0.00000 0.34825 0.00000 0.00000 0.00000 0.15175 0.00000 0.00000 0.00000 0.34825 0.00000 0.00000 0.00000 0.00000 0.00000 0.00000 0.00000 0.00000 0.00000 0.00000 0.00000 0.00000 0.00000 0.00000 0.00000 0.00000 0.00000 0.00000 0.00000 
190	3	0.15175 0.00000 0.00000 0.00000 0.34825 0.00000 0.00000 0.00000 0.15175 0.00000 0.00000 0.00000 0.34825 0.00000 0.00000 0.00000 0.00000 0.00000 0.00000 0.00000 0.00000 0.00000 0.00000 0.00000 0.00000 0.00000 0.00000 0.00000 0.00000 0.00000 0.00000 0.00000 
191	3	0.15175 0.00000 0.00000 0.00000 0.34825 0.00000 0.00000 0.00000 0.15175 0.00000 0.00000 0.00000 0.34825 0.00000 0.00000 0.00000 0.00000 0.00000 0.00000 0.00000 0.00000 0.00000 0.00000 0.00000 0.00000 0.00000 0.00000 0.00000 0.00000 0.00000 0.00000 0.00000 
192	3	0.15175 0.00000 0.00000 0.00000 0.34825 0.00000 0.00000 0.00000 0.15175 0.00000 0.00000 0.00000 0.34825 0.00000 0.00000 0.00000 0.00000 0.00000 0.00000 0.00000 0.00000 0.00000 0.00000 0.00000 0.00000 0.00000 0.00000 0.00000 0.00000 0.00000 0.00000 0.00000 
193	3	0.15177 0.00000 0.00000 0.00000 0.34823 0.00000 0.00000 0.00000 0.15177 0.00000 0.00000 0.00000 0.34823 0.00000 0.00000 0.00000 0.00000 0.00000 0.00000 0.00000 0.00000 0.00000 0.00000 0.00000 0.00000 0.00000 0.00000 0.00000 0.00000 0.00000 0.00000 0.00000 
194	3	0.15175 0.00000 0.00000 0.00000 0.34825 0.00000 0.00000 0.00000 0.15175 0.00000 0.00000 0.00000 0.34825 0.00000 0.00000 0.00000 0.00000 0.00000 0.00000 0.00000 0.00000 0.00000 0.00000 0.00000 0.00000 0.00000 0.00000 0.00000 0.00000 0.00000 0.00000 0.00000 
195	3	0.15175 0.00000 0.00000 0.00000 0.34825 0.00000 0.00000 0.00000 0.15175 0.00000 0.00000 0.00000 0.34825 0.00000 0.00000 0.00000 0.00000 0.00000 0.00000 0.00000 0.00000 0.00000 0.00000 0.00000 0.00000 0.00000 0.00000 0.00000 0.00000 0.00000 0.00000 0.00000 
196	3	0.15175 0.00000 0.00000 0.00000 0.34825 0.00000 0.00000 0.00000 0.15175 0.00000 0.00000 0.00000 0.34825 0.00000 0.00000 0.00000 0.00000 0.00000 0.00000 0.00000 0.00000 0.00000 0.00000 0.00000 0.00000 0.00000 0.00000 0.00000 0.00000 0.00000 0.00000 0.00000 
197	3	0.15175 0.00000 0.00000 0.00000 0.34825 0.00000 0.00000 0.00000 0.15175 0.00000 0.00000 0.00000 0.34825 0.00000 0.00000 0.00000 0.00000 0.00000 0.00000 0.00000 0.00000 0.00000 0.00000 0.00000 0.00000 0.00000 0.00000 0.00000 0.00000 0.00000 0.00000 0.00000 
198	3	0.15175 0.00000 0.00000 0.00000 0.34825 0.00000 0.00000 0.00000 0.15175 0.00000 0.00000 0.00000 0.34825 0.00000 0.00000 0.00000 0.00000 0.00000 0.00000 0.00000 0.00000 0.00000 0.00000 0.00000 0.00000 0.00000 0.00000 0.00000 0.00000 0.00000 0.00000 0.00000 
199	3	0.15175 0.00000 0.00000 0.00000 0.34825 0.00000 0.00000 0.00000 0.15175 0.00000 0.00000 0.00000 0.34825 0.00000 0.00000 0.00000 0.00000 0.00000 0.00000 0.00000 0.00000 0.00000 0.00000 0.00000 0.00000 0.00000 0.00000 0.00000 0.00000 0.00000 0.00000 0.00000 
200	3	0.15175 0.00000 0.00000 0.00000 0.34825 0.00000 0.00000 0.00000 0.15175 0.00000 0.00000 0.00000 0.34825 0.00000 0.00000 0.00000 0.00000 0.00000 0.00000 0.00000 0.00000 0.00000 0.00000 0.00000 0.00000 0.00000 0.00000 0.00000 0.00000 0.00000 0.00000 0.00000 
201	3	0.15175 0.00000 0.00000 0.00000 0.34825 0.00000 0.00000 0.00000 0.15175 0.00000 0.00000 0.00000 0.34825 0.00000 0.00000 0.00000 0.00000 0.00000 0.00000 0.00000 0.00000 0.00000 0.00000 0.00000 0.00000 0.00000 0.00000 0.00000 0.00000 0.00000 0.00000 0.00000 
202	3	0.15175 0.00000 0.00000 0.00000 0.34825 0.00000 0.00000 0.00000 0.15175 0.00000 0.00000 0.00000 0.34825 0.00000 0.00000 0.00000 0.00000 0.00000 0.00000 0.00000 0.00000 0.00000 0.00000 0.00000 0.00000 0.00000 0.00000 0.00000 0.00000 0.00000 0.00000 0.00000 
203	3	0.15175 0.00000 0.00000 0.00000 0.34825 0.00000 0.00000 0.00000 0.15175 0.00000 0.00000 0.00000 0.34825 0.00000 0.00000 0.00000 0.00000 0.00000 0.00000 0.00000 0.00000 0.00000 0.00000 0.00000 0.00000 0.00000 0.00000 0.00000 0.00000 0.00000 0.00000 0.00000 
204	3	0.15177 0.00000 0.00000 0.00000 0.34823 0.00000 0.00000 0.00000 0.15177 0.00000 0.00000 0.00000 0.34823 0.00000 0.00000 0.00000 0.00000 0.00000 0.00000 0.00000 0.00000 0.00000 0.00000 0.00000 0.00000 0.00000 0.00000 0.00000 0.00000 0.00000 0.00000 0.00000 
205	3	0.15175 0.00000 0.00000 0.00000 0.34825 0.00000 0.00000 0.00000 0.15175 0.00000 0.00000 0.00000 0.34825 0.00000 0.00000 0.00000 0.00000 0.00000 0.00000 0.00000 0.00000 0.00000 0.00000 0.00000 0.00000 0.00000 0.00000 0.00000 0.00000 0.00000 0.00000 0.00000 
206	3	0.15175 0.00000 0.00000 0.00000 0.34825 0.00000 0.00000 0.00000 0.15175 0.00000 0.00000 0.00000 0.34825 0.00000 0.00000 0.00000 0.00000 0.00000 0.00000 0.00000 0.00000 0.00000 0.00000 0.00000 0.00000 0.00000 0.00000 0.00000 0.00000 0.00000 0.00000 0.00000 
207	3	0.15175 0.00000 0.00000 0.00000 0.34825 0.00000 0.00000 0.00000 0.15175 0.00000 0.00000 0.00000 0.34825 0.00000 0.00000 0.00000 0.00000 0.00000 0.00000 0.00000 0.00000 0.00000 0.00000 0.00000 0.00000 0.00000 0.00000 0.00000 0.00000 0.00000 0.00000 0.00000 
208	3	0.15177 0.00000 0.00000 0.00000 0.34823 0.00000 0.00000 0.00000 0.15177 0.00000 0.00000 0.00000 0.34823 0.00000 0.00000 0.00000 0.00000 0.00000 0.00000 0.00000 0.00000 0.00000 0.00000 0.00000 0.00000 0.00000 0.00000 0.00000 0.00000 0.00000 0.00000 0.00000 
209	3	0.15177 0.00000 0.00000 0.00000 0.34823 0.00000 0.00000 0.00000 0.15177 0.00000 0.00000 0.00000 0.34823 0.00000 0.00000 0.00000 0.00000 0.00000 0.00000 0.00000 0.00000 0.00000 0.00000 0.00000 0.00000 0.00000 0.00000 0.00000 0.00000 0.00000 0.00000 0.00000 
210	4	0.15177 0.00000 0.00000 0.00000 0.34823 0.00000 0.00000 0.00000 0.15177 0.00000 0.00000 0.00000 0.34823 0.00000 0.00000 0.00000 0.00000 0.00000 0.00000 0.00000 0.00000 0.00000 0.00000 0.00000 0.00000 0.00000 0.00000 0.00000 0.00000 0.00000 0.00000 0.00000 
211	4	0.15177 0.00000 0.00000 0.00000 0.34823 0.00000 0.00000 0.00000 0.15177 0.00000 0.00000 0.00000 0.34823 0.00000 0.00000 0.00000 0.00000 0.00000 0.00000 0.00000 0.00000 0.00000 0.00000 0.00000 0.00000 0.00000 0.00000 0.00000 0.00000 0.00000 0.00000 0.00000 
212	4	0.15177 0.00000 0.00000 0.00000 0.34823 0.00000 0.00000 0.00000 0.15177 0.00000 0.00000 0.00000 0.34823 0.00000 0.00000 0.00000 0.00000 0.00000 0.00000 0.00000 0.00000 0.00000 0.00000 0.00000 0.00000 0.00000 0.00000 0.00000 0.00000 0.00000 0.00000 0.00000 
213	4	0.15177 0.00000 0.00000 0.00000 0.34823 0.00000 0.00000 0.00000 0.15177 0.00000 0.00000 0.00000 0.34823 0.00000 0.00000 0.00000 0.00000 0.00000 0.00000 0.00000 0.00000 0.00000 0.00000 0.00000 0.00000 0.00000 0.00000 0.00000 0.00000 0.00000 0.00000 0.00000 
214	4	0.15177 0.00000 0.00000 0.00000 0.34823 0.00000 0.00000 0.00000 0.15177 0.00000 0.00000 0.00000 0.34823 0.00000 0.00000 0.00000 0.00000 0.00000 0.00000 0.00000 0.00000 0.00000 0.00000 0.00000 0.00000 0.00000 0.00000 0.00000 0.00000 0.00000 0.00000 0.00000 
215	4	0.15177 0.00000 0.00000 0.00000 0.34823 0.00000 0.00000 0.00000 0.15177 0.00000 0.00000 0.00000 0.34823 0.00000 0.00000 0.00000 0.00000 0.00000 0.00000 0.00000 0.00000 0.00000 0.00000 0.00000 0.00000 0.00000 0.00000 0.00000 0.00000 0.00000 0.00000 0.00000 
216	4	0.15177 0.00000 0.00000 0.00000 0.34823 0.00000 0.00000 0.00000 0.15177 0.00000 0.00000 0.00000 0.34823 0.00000 0.00000 0.00000 0.00000 0.00000 0.00000 0.00000 0.00000 0.00000 0.00000 0.00000 0.00000 0.00000 0.00000 0.00000 0.00000 0.00000 0.00000 0.00000 
217	4	0.15177 0.00000 0.00000 0.00000 0.34823 0.00000 0.00000 0.00000 0.15177 0.00000 0.00000 0.00000 0.34823 0.00000 0.00000 0.00000 0.00000 0.00000 0.00000 0.00000 0.00000 0.00000 0.00000 0.00000 0.00000 0.00000 0.00000 0.00000 0.00000 0.00000 0.00000 0.00000 
218	4	0.15177 0.00000 0.00000 0.00000 0.34823 0.00000 0.00000 0.00000 0.15177 0.00000 0.00000 0.00000 0.34823 0.00000 0.00000 0.00000 0.00000 0.00000 0.00000 0.00000 0.00000 0.00000 0.00000 0.00000 0.00000 0.00000 0.00000 0.00000 0.00000 0.00000 0.00000 0.00000 
219	4	0.15177 0.00000 0.00000 0.00000 0.34823 0.00000 0.00000 0.00000 0.15177 0.00000 0.00000 0.00000 0.34823 0.00000 0.00000 0.00000 0.00000 0.00000 0.00000 0.00000 0.00000 0.00000 0.00000 0.00000 0.00000 0.00000 0.00000 0.00000 0.00000 0.00000 0.00000 0.00000 
220	4	0.15177 0.00000 0.00000 0.00000 0.34823 0.00000 0.00000 0.00000 0.15177 0.00000 0.00000 0.00000 0.34823 0.00000 0.00000 0.00000 0.00000 0.00000 0.00000 0.00000 0.00000 0.00000 0.00000 0.00000 0.00000 0.00000 0.00000 0.00000 0.00000 0.00000 0.00000 0.00000 
221	4	0.15177 0.00000 0.00000 0.00000 0.34823 0.00000 0.00000 0.00000 0.15177 0.00000 0.00000 0.00000 0.34823 0.00000 0.00000 0.00000 0.00000 0.00000 0.00000 0.00000 0.00000 0.00000 0.00000 0.00000 0.00000 0.00000 0.00000 0.00000 0.00000 0.00000 0.00000 0.00000 
222	4	0.15177 0.00000 0.00000 0.00000 0.34823 0.00000 0.00000 0.00000 0.15177 0.00000 0.00000 0.00000 0.34823 0.00000 0.00000 0.00000 0.00000 0.00000 0.00000 0.00000 0.00000 0.00000 0.00000 0.00000 0.00000 0.00000 0.00000 0.00000 0.00000 0.00000 0.00000 0.00000 
223	4	0.15177 0.00000 0.00000 0.00000 0.34823 0.00000 0.00000 0.00000 0.15177 0.00000 0.00000 0.00000 0.34823 0.00000 0.00000 0.00000 0.00000 0.00000 0.00000 0.00000 0.00000 0.00000 0.00000 0.00000 0.00000 0.00000 0.00000 0.00000 0.00000 0.00000 0.00000 0.00000 
224	4	0.15177 0.00000 0.00000 0.00000 0.34823 0.00000 0.00000 0.00000 0.15177 0.00000 0.00000 0.00000 0.34823 0.00000 0.00000 0.00000 0.00000 0.00000 0.00000 0.00000 0.00000 0.00000 0.00000 0.00000 0.00000 0.00000 0.00000 0.00000 0.00000 0.00000 0.00000 0.00000 
225	4	0.15177 0.00000 0.00000 0.00000 0.34823 0.00000 0.00000 0.00000 0.15177 0.00000 0.00000 0.00000 0.34823 0.00000 0.00000 0.00000 0.00000 0.00000 0.00000 0.00000 0.00000 0.00000 0.00000 0.00000 0.00000 0.00000 0.00000 0.00000 0.00000 0.00000 0.00000 0.00000 
226	4	0.15177 0.00000 0.00000 0.00000 0.34823 0.00000 0.00000 0.00000 0.15177 0.00000 0.00000 0.00000 0.34823 0.00000 0.00000 0.00000 0.00000 0.00000 0.00000 0.00000 0.00000 0.00000 0.00000 0.00000 0.00000 0.00000 0.00000 0.00000 0.00000 0.00000 0.00000 0.00000 
227	4	0.15177 0.00000 0.00000 0.00000 0.34823 0.00000 0.00000 0.00000 0.15177 0.00000 0.00000 0.00000 0.34823 0.00000 0.00000 0.00000 0.00000 0.00000 0.00000 0.00000 0.00000 0.00000 0.00000 0.00000 0.00000 0.00000 0.00000 0.00000 0.00000 0.00000 0.00000 0.00000 
228	4	0.15175 0.00000 0.00000 0.00000 0.34825 0.00000 0.00000 0.00000 0.15175 0.00000 0.00000 0.00000 0.34825 0.00000 0.00000 0.00000 0.00000 0.00000 0.00000 0.00000 0.00000 0.00000 0.00000 0.00000 0.00000 0.00000 0.00000 0.00000 0.00000 0.00000 0.00000 0.00000 
229	4	0.15175 0.00000 0.00000 0.00000 0.34825 0.00000 0.00000 0.00000 0.15175 0.00000 0.00000 0.00000 0.34825 0.00000 0.00000 0.00000 0.00000 0.00000 0.00000 0.00000 0.00000 0.00000 0.00000 0.00000 0.00000 0.00000 0.00000 0.00000 0.00000 0.00000 0.00000 0.00000 
230	4	0.15175 0.00000 0.00000 0.00000 0.34825 0.00000 0.00000 0.00000 0.15175 0.00000 0.00000 0.00000 0.34825 0.00000 0.00000 0.00000 0.00000 0.00000 0.00000 0.00000 0.00000 0.00000 0.00000 0.00000 0.00000 0.00000 0.00000 0.00000 0.00000 0.00000 0.00000 0.00000 
231	4	0.15175 0.00000 0.00000 0.00000 0.34825 0.00000 0.00000 0.00000 0.15175 0.00000 0.00000 0.00000 0.34825 0.00000 0.00000 0.00000 0.00000 0.00000 0.00000 0.00000 0.00000 0.00000 0.00000 0.00000 0.00000 0.00000 0.00000 0.00000 0.00000 0.00000 0.00000 0.00000 
232	4	0.15175 0.00000 0.00000 0.00000 0.34825 0.00000 0.00000 0.00000 0.15175 0.00000 0.00000 0.00000 0.34825 0.00000 0.00000 0.00000 0.00000 0.00000 0.00000 0.00000 0.00000 0.00000 0.00000 0.00000 0.00000 0.00000 0.00000 0.00000 0.00000 0.00000 0.00000 0.00000 
233	4	0.15177 0.00000 0.00000 0.00000 0.34823 0.00000 0.00000 0.00000 0.15177 0.00000 0.00000 0.00000 0.34823 0.00000 0.00000 0.00000 0.00000 0.00000 0.00000 0.00000 0.00000 0.00000 0.00000 0.00000 0.00000 0.00000 0.00000 0.00000 0.00000 0.00000 0.00000 0.00000 
234	4	0.15177 0.00000 0.00000 0.00000 0.34823 0.00000 0.00000 0.00000 0.15177 0.00000 0.00000 0.00000 0.34823 0.00000 0.00000 0.00000 0.00000 0.00000 0.00000 0.00000 0.00000 0.00000 0.00000 0.00000 0.00000 0.00000 0.00000 0.00000 0.00000 0.00000 0.00000 0.00000 
235	4	0.15177 0.00000 0.00000 0.00000 0.34823 0.00000 0.00000 0.00000 0.15177 0.00000 0.00000 0.00000 0.34823 0.00000 0.00000 0.00000 0.00000 0.00000 0.00000 0.00000 0.00000 0.00000 0.00000 0.00000 0.00000 0.00000 0.00000 0.00000 0.00000 0.00000 0.00000 0.00000 
236	4	0.15177 0.00000 0.00000 0.00000 0.34823 0.00000 0.00000 0.00000 0.15177 0.00000 0.00000 0.00000 0.34823 0.00000 0.00000 0.00000 0.00000 0.00000 0.00000 0.00000 0.00000 0.00000 0.00000 0.00000 0.00000 0.00000 0.00000 0.00000 0.00000 0.00000 0.00000 0.00000 
237	4	0.15177 0.00000 0.00000 0.00000 0.34823 0.00000 0.00000 0.00000 0.15177 0.00000 0.00000 0.00000 0.34823 0.00000 0.00000 0.00000 0.00000 0.00000 0.00000 0.00000 0.00000 0.00000 0.00000 0.00000 0.00000 0.00000 0.00000 0.00000 0.00000 0.00000 0.00000 0.00000 
238	4	0.15177 0.00000 0.00000 0.00000 0.34823 0.00000 0.00000 0.00000 0.15177 0.00000 0.00000 0.00000 0.34823 0.00000 0.00000 0.00000 0.00000 0.00000 0.00000 0.00000 0.00000 0.00000 0.00000 0.00000 0.00000 0.00000 0.00000 0.00000 0.00000 0.00000 0.00000 0.00000 
239	4	0.15177 0.00000 0.00000 0.00000 0.34823 0.00000 0.00000 0.00000 0.15177 0.00000 0.00000 0.00000 0.34823 0.00000 0.00000 0.00000 0.00000 0.00000 0.00000 0.00000 0.00000 0.00000 0.00000 0.00000 0.00000 0.00000 0.00000 0.00000 0.00000 0.00000 0.00000 0.00000 
240	4	0.15177 0.00000 0.00000 0.00000 0.34823 0.00000 0.00000 0.00000 0.15177 0.00000 0.00000 0.00000 0.34823 0.00000 0.00000 0.00000 0.00000 0.00000 0.00000 0.00000 0.00000 0.00000 0.00000 0.00000 0.00000 0.00000 0.00000 0.00000 0.00000 0.00000 0.00000 0.00000 
241	4	0.15177 0.00000 0.00000 0.00000 0.34823 0.00000 0.00000 0.00000 0.15177 0.00000 0.00000 0.00000 0.34823 0.00000 0.00000 0.00000 0.00000 0.00000 0.00000 0.00000 0.00000 0.00000 0.00000 0.00000 0.00000 0.00000 0.00000 0.00000 0.00000 0.00000 0.00000 0.00000 
242	4	0.15177 0.00000 0.00000 0.00000 0.34823 0.00000 0.00000 0.00000 0.15177 0.00000 0.00000 0.00000 0.34823 0.00000 0.00000 0.00000 0.00000 0.00000 0.00000 0.00000 0.00000 0.00000 0.00000 0.00000 0.00000 0.00000 0.00000 0.00000 0.00000 0.00000 0.00000 0.00000 
243	4	0.15177 0.00000 0.00000 0.00000 0.34823 0.00000 0.00000 0.00000 0.15177 0.00000 0.00000 0.00000 0.34823 0.00000 0.00000 0.00000 0.00000 0.00000 0.00000 0.00000 0.00000 0.00000 0.00000 0.00000 0.00000 0.00000 0.00000 0.00000 0.00000 0.00000 0.00000 0.00000 
244	4	0.15177 0.00000 0.00000 0.00000 0.34823 0.00000 0.00000 0.00000 0.15177 0.00000 0.00000 0.00000 0.34823 0.00000 0.00000 0.00000 0.00000 0.00000 0.00000 0.00000 0.00000 0.00000 0.00000 0.00000 0.00000 0.00000 0.00000 0.00000 0.00000 0.00000 0.00000 0.00000 
245	4	0.15177 0.00000 0.00000 0.00000 0.34823 0.00000 0.00000 0.00000 0.15177 0.00000 0.00000 0.00000 0.34823 0.00000 0.00000 0.00000 0.00000 0.00000 0.00000 0.00000 0.00000 0.00000 0.00000 0.00000 0.00000 0.00000 0.00000 0.00000 0.00000 0.00000 0.00000 0.00000 
246	4	0.15177 0.00000 0.00000 0.00000 0.34823 0.00000 0.00000 0.00000 0.15177 0.00000 0.00000 0.00000 0.34823 0.00000 0.00000 0.00000 0.00000 0.00000 0.00000 0.00000 0.00000 0.00000 0.00000 0.00000 0.00000 0.00000 0.00000 0.00000 0.00000 0.00000 0.00000 0.00000 
247	4	0.15177 0.00000 0.00000 0.00000 0.34823 0.00000 0.00000 0.00000 0.15177 0.00000 0.00000 0.00000 0.34823 0.00000 0.00000 0.00000 0.00000 0.00000 0.00000 0.00000 0.00000 0.00000 0.00000 0.00000 0.00000 0.00000 0.00000 0.00000 0.00000 0.00000 0.00000 0.00000 
248	4	0.15177 0.00000 0.00000 0.00000 0.34823 0.00000 0.00000 0.00000 0.15177 0.00000 0.00000 0.00000 0.34823 0.00000 0.00000 0.00000 0.00000 0.00000 0.00000 0.00000 0.00000 0.00000 0.00000 0.00000 0.00000 0.00000 0.00000 0.00000 0.00000 0.00000 0.00000 0.00000 
249	4	0.15177 0.00000 0.00000 0.00000 0.34823 0.00000 0.00000 0.00000 0.15177 0.00000 0.00000 0.00000 0.34823 0.00000 0.00000 0.00000 0.00000 0.00000 0.00000 0.00000 0.00000 0.00000 0.00000 0.00000 0.00000 0.00000 0.00000 0.00000 0.00000 0.00000 0.00000 0.00000 
250	4	0.15177 0.00000 0.00000 0.00000 0.34823 0.00000 0.00000 0.00000 0.15177 0.00000 0.00000 0.00000 0.34823 0.00000 0.00000 0.00000 0.00000 0.00000 0.00000 0.00000 0.00000 0.00000 0.00000 0.00000 0.00000 0.00000 0.00000 0.00000 0.00000 0.00000 0.00000 0.00000 
251	4	0.15177 0.00000 0.00000 0.00000 0.34823 0.00000 0.00000 0.00000 0.15177 0.00000 0.00000 0.00000 0.34823 0.00000 0.00000 0.00000 0.00000 0.00000 0.00000 0.00000 0.00000 0.00000 0.00000 0.00000 0.00000 0.00000 0.00000 0.00000 0.00000 0.00000 0.00000 0.00000 
252	4	0.15177 0.00000 0.00000 0.00000 0.34823 0.00000 0.00000 0.00000 0.15177 0.00000 0.00000 0.00000 0.34823 0.00000 0.00000 0.00000 0.00000 0.00000 0.00000 0.00000 0.00000 0.00000 0.00000 0.00000 0.00000 0.00000 0.00000 0.00000 0.00000 0.00000 0.00000 0.00000 
253	4	0.15177 0.00000 0.00000 0.00000 0.34823 0.00000 0.00000 0.00000 0.15177 0.00000 0.00000 0.00000 0.34823 0.00000 0.00000 0.00000 0.00000 0.00000 0.00000 0.00000 0.00000 0.00000 0.00000 0.00000 0.00000 0.00000 0.00000 0.00000 0.00000 0.00000 0.00000 0.00000 
254	4	0.15177 0.00000 0.00000 0.00000 0.34823 0.00000 0.00000 0.00000 0.15177 0.00000 0.00000 0.00000 0.34823 0.00000 0.00000 0.00000 0.00000 0.00000 0.00000 0.00000 0.00000 0.00000 0.00000 0.00000 0.00000 0.00000 0.00000 0.00000 0.00000 0.00000 0.00000 0.00000 
255	4	0.15177 0.00000 0.00000 0.00000 0.34823 0.00000 0.00000 0.00000 0.15177 0.00000 0.00000 0.00000 0.34823 0.00000 0.00000 0.00000 0.00000 0.00000 0.00000 0.00000 0.00000 0.00000 0.00000 0.00000 0.00000 0.00000 0.00000 0.00000 0.00000 0.00000 0.00000 0.00000 
256	4	0.15177 0.00000 0.00000 0.00000 0.34823 0.00000 0.00000 0.00000 0.15177 0.00000 0.00000 0.00000 0.34823 0.00000 0.00000 0.00000 0.00000 0.00000 0.00000 0.00000 0.00000 0.00000 0.00000 0.00000 0.00000 0.00000 0.00000 0.00000 0.00000 0.00000 0.00000 0.00000 
257	4	0.15177 0.00000 0.00000 0.00000 0.34823 0.00000 0.00000 0.00000 0.15177 0.00000 0.00000 0.00000 0.34823 0.00000 0.00000 0.00000 0.00000 0.00000 0.00000 0.00000 0.00000 0.00000 0.00000 0.00000 0.00000 0.00000 0.00000 0.00000 0.00000 0.00000 0.00000 0.00000 
258	4	0.15177 0.00000 0.00000 0.00000 0.34823 0.00000 0.00000 0.00000 0.15177 0.00000 0.00000 0.00000 0.34823 0.00000 0.00000 0.00000 0.00000 0.00000 0.00000 0.00000 0.00000 0.00000 0.00000 0.00000 0.00000 0.00000 0.00000 0.00000 0.00000 0.00000 0.00000 0.00000 
259	4	0.15177 0.00000 0.00000 0.00000 0.34823 0.00000 0.00000 0.00000 0.15177 0.00000 0.00000 0.00000 0.34823 0.00000 0.00000 0.00000 0.00000 0.00000 0.00000 0.00000 0.00000 0.00000 0.00000 0.00000 0.00000 0.00000 0.00000 0.00000 0.00000 0.00000 0.00000 0.00000 
260	4	0.15177 0.00000 0.00000 0.00000 0.34823 0.00000 0.00000 0.00000 0.15177 0.00000 0.00000 0.00000 0.34823 0.00000 0.00000 0.00000 0.00000 0.00000 0.00000 0.00000 0.00000 0.00000 0.00000 0.00000 0.00000 0.00000 0.00000 0.00000 0.00000 0.00000 0.00000 0.00000 
261	4	0.15177 0.00000 0.00000 0.00000 0.34823 0.00000 0.00000 0.00000 0.15177 0.00000 0.00000 0.00000 0.34823 0.00000 0.00000 0.00000 0.00000 0.00000 0.00000 0.00000 0.00000 0.00000 0.00000 0.00000 0.00000 0.00000 0.00000 0.00000 0.00000 0.00000 0.00000 0.00000 
262	4	0.15177 0.00000 0.00000 0.00000 0.34823 0.00000 0.00000 0.00000 0.15177 0.00000 0.00000 0.00000 0.34823 0.00000 0.00000 0.00000 0.00000 0.00000 0.00000 0.00000 0.00000 0.00000 0.00000 0.00000 0.00000 0.00000 0.00000 0.00000 0.00000 0.00000 0.00000 0.00000 
263	4	0.15177 0.00000 0.00000 0.00000 0.34823 0.00000 0.00000 0.00000 0.15177 0.00000 0.00000 0.00000 0.34823 0.00000 0.00000 0.00000 0.00000 0.00000 0.00000 0.00000 0.00000 0.00000 0.00000 0.00000 0.00000 0.00000 0.00000 0.00000 0.00000 0.00000 0.00000 0.00000 
264	4	0.15177 0.00000 0.00000 0.00000 0.34823 0.00000 0.00000 0.00000 0.15177 0.00000 0.00000 0.00000 0.34823 0.00000 0.00000 0.00000 0.00000 0.00000 0.00000 0.00000 0.00000 0.00000 0.00000 0.00000 0.00000 0.00000 0.00000 0.00000 0.00000 0.00000 0.00000 0.00000 
265	4	0.15177 0.00000 0.00000 0.00000 0.34823 0.00000 0.00000 0.00000 0.15177 0.00000 0.00000 0.00000 0.34823 0.00000 0.00000 0.00000 0.00000 0.00000 0.00000 0.00000 0.00000 0.00000 0.00000 0.00000 0.00000 0.00000 0.00000 0.00000 0.00000 0.00000 0.00000 0.00000 
266	4	0.15177 0.00000 0.00000 0.00000 0.34823 0.00000 0.00000 0.00000 0.15177 0.00000 0.00000 0.00000 0.34823 0.00000 0.00000 0.00000 0.00000 0.00000 0.00000 0.00000 0.00000 0.00000 0.00000 0.00000 0.00000 0.00000 0.00000 0.00000 0.00000 0.00000 0.00000 0.00000 
267	4	0.15177 0.00000 0.00000 0.00000 0.34823 0.00000 0.00000 0.00000 0.15177 0.00000 0.00000 0.00000 0.34823 0.00000 0.00000 0.00000 0.00000 0.00000 0.00000 0.00000 0.00000 0.00000 0.00000 0.00000 0.00000 0.00000 0.00000 0.00000 0.00000 0.00000 0.00000 0.00000 
268	4	0.15177 0.00000 0.00000 0.00000 0.34823 0.00000 0.00000 0.00000 0.15177 0.00000 0.00000 0.00000 0.34823 0.00000 0.00000 0.00000 0.00000 0.00000 0.00000 0.00000 0.00000 0.00000 0.00000 0.00000 0.00000 0.00000 0.00000 0.00000 0.00000 0.00000 0.00000 0.00000 
269	4	0.15177 0.00000 0.00000 0.00000 0.34823 0.00000 0.00000 0.00000 0.15177 0.00000 0.00000 0.00000 0.34823 0.00000 0.00000 0.00000 0.00000 0.00000 0.00000 0.00000 0.00000 0.00000 0.00000 0.00000 0.00000 0.00000 0.00000 0.00000 0.00000 0.00000 0.00000 0.00000 
270	4	0.15177 0.00000 0.00000 0.00000 0.34823 0.00000 0.00000 0.00000 0.15177 0.00000 0.00000 0.00000 0.34823 0.00000 0.00000 0.00000 0.00000 0.00000 0.00000 0.00000 0.00000 0.00000 0.00000 0.00000 0.00000 0.00000 0.00000 0.00000 0.00000 0.00000 0.00000 0.00000 
271	4	0.15177 0.00000 0.00000 0.00000 0.34823 0.00000 0.00000 0.00000 0.15177 0.00000 0.00000 0.00000 0.34823 0.00000 0.00000 0.00000 0.00000 0.00000 0.00000 0.00000 0.00000 0.00000 0.00000 0.00000 0.00000 0.00000 0.00000 0.00000 0.00000 0.00000 0.00000 0.00000 
272	4	0.15177 0.00000 0.00000 0.00000 0.34823 0.00000 0.00000 0.00000 0.15177 0.00000 0.00000 0.00000 0.34823 0.00000 0.00000 0.00000 0.00000 0.00000 0.00000 0.00000 0.00000 0.00000 0.00000 0.00000 0.00000 0.00000 0.00000 0.00000 0.00000 0.00000 0.00000 0.00000 
273	4	0.15177 0.00000 0.00000 0.00000 0.34823 0.00000 0.00000 0.00000 0.15177 0.00000 0.00000 0.00000 0.34823 0.00000 0.00000 0.00000 0.00000 0.00000 0.00000 0.00000 0.00000 0.00000 0.00000 0.00000 0.00000 0.00000 0.00000 0.00000 0.00000 0.00000 0.00000 0.00000 
274	4	0.15177 0.00000 0.00000 0.00000 0.34823 0.00000 0.00000 0.00000 0.15177 0.00000 0.00000 0.00000 0.34823 0.00000 0.00000 0.00000 0.00000 0.00000 0.00000 0.00000 0.00000 0.00000 0.00000 0.00000 0.00000 0.00000 0.00000 0.00000 0.00000 0.00000 0.00000 0.00000 
275	4	0.15177 0.00000 0.00000 0.00000 0.34823 0.00000 0.00000 0.00000 0.15177 0.00000 0.00000 0.00000 0.34823 0.00000 0.00000 0.00000 0.00000 0.00000 0.00000 0.00000 0.00000 0.00000 0.00000 0.00000 0.00000 0.00000 0.00000 0.00000 0.00000 0.00000 0.00000 0.00000 
276	4	0.15177 0.00000 0.00000 0.00000 0.34823 0.00000 0.00000 0.00000 0.15177 0.00000 0.00000 0.00000 0.34823 0.00000 0.00000 0.00000 0.00000 0.00000 0.00000 0.00000 0.00000 0.00000 0.00000 0.00000 0.00000 0.00000 0.00000 0.00000 0.00000 0.00000 0.00000 0.00000 
277	4	0.15175 0.00000 0.00000 0.00000 0.34825 0.00000 0.00000 0.00000 0.15175 0.00000 0.00000 0.00000 0.34825 0.00000 0.00000 0.00000 0.00000 0.00000 0.00000 0.00000 0.00000 0.00000 0.00000 0.00000 0.00000 0.00000 0.00000 0.00000 0.00000 0.00000 0.00000 0.00000 
278	4	0.15175 0.00000 0.00000 0.00000 0.34825 0.00000 0.00000 0.00000 0.15175 0.00000 0.00000 0.00000 0.34825 0.00000 0.00000 0.00000 0.00000 0.00000 0.00000 0.00000 0.00000 0.00000 0.00000 0.00000 0.00000 0.00000 0.00000 0.00000 0.00000 0.00000 0.00000 0.00000 
279	4	0.15175 0.00000 0.00000 0.00000 0.34825 0.00000 0.00000 0.00000 0.15175 0.00000 0.00000 0.00000 0.34825 0.00000 0.00000 0.00000 0.00000 0.00000 0.00000 0.00000 0.00000 0.00000 0.00000 0.00000 0.00000 0.00000 0.00000 0.00000 0.00000 0.00000 0.00000 0.00000 
280	5	0.15177 0.00000 0.00000 0.00000 0.34823 0.00000 0.00000 0.00000 0.15177 0.00000 0.00000 0.00000 0.34823 0.00000 0.00000 0.00000 0.00000 0.00000 0.00000 0.00000 0.00000 0.00000 0.00000 0.00000 0.00000 0.00000 0.00000 0.00000 0.00000 0.00000 0.00000 0.00000 
281	5	0.15177 0.00000 0.00000 0.00000 0.34823 0.00000 0.00000 0.00000 0.15177 0.00000 0.00000 0.00000 0.34823 0.00000 0.00000 0.00000 0.00000 0.00000 0.00000 0.00000 0.00000 0.00000 0.00000 0.00000 0.00000 0.00000 0.00000 0.00000 0.00000 0.00000 0.00000 0.00000 
282	5	0.15177 0.00000 0.00000 0.00000 0.34823 0.00000 0.00000 0.00000 0.15177 0.00000 0.00000 0.00000 0.34823 0.00000 0.00000 0.00000 0.00000 0.00000 0.00000 0.00000 0.00000 0.00000 0.00000 0.00000 0.00000 0.00000 0.00000 0.00000 0.00000 0.00000 0.00000 0.00000 
283	5	0.15177 0.00000 0.00000 0.00000 0.34823 0.00000 0.00000 0.00000 0.15177 0.00000 0.00000 0.00000 0.34823 0.00000 0.00000 0.00000 0.00000 0.00000 0.00000 0.00000 0.00000 0.00000 0.00000 0.00000 0.00000 0.00000 0.00000 0.00000 0.00000 0.00000 0.00000 0.00000 
284	5	0.15177 0.00000 0.00000 0.00000 0.34823 0.00000 0.00000 0.00000 0.15177 0.00000 0.00000 0.00000 0.34823 0.00000 0.00000 0.00000 0.00000 0.00000 0.00000 0.00000 0.00000 0.00000 0.00000 0.00000 0.00000 0.00000 0.00000 0.00000 0.00000 0.00000 0.00000 0.00000 
285	5	0.15177 0.00000 0.00000 0.00000 0.34823 0.00000 0.00000 0.00000 0.15177 0.00000 0.00000 0.00000 0.34823 0.00000 0.00000 0.00000 0.00000 0.00000 0.00000 0.00000 0.00000 0.00000 0.00000 0.00000 0.00000 0.00000 0.00000 0.00000 0.00000 0.00000 0.00000 0.00000 
286	5	0.15177 0.00000 0.00000 0.00000 0.34823 0.00000 0.00000 0.00000 0.15177 0.00000 0.00000 0.00000 0.34823 0.00000 0.00000 0.00000 0.00000 0.00000 0.00000 0.00000 0.00000 0.00000 0.00000 0.00000 0.00000 0.00000 0.00000 0.00000 0.00000 0.00000 0.00000 0.00000 
287	5	0.15177 0.00000 0.00000 0.00000 0.34823 0.00000 0.00000 0.00000 0.15177 0.00000 0.00000 0.00000 0.34823 0.00000 0.00000 0.00000 0.00000 0.00000 0.00000 0.00000 0.00000 0.00000 0.00000 0.00000 0.00000 0.00000 0.00000 0.00000 0.00000 0.00000 0.00000 0.00000 
288	5	0.15177 0.00000 0.00000 0.00000 0.34823 0.00000 0.00000 0.00000 0.15177 0.00000 0.00000 0.00000 0.34823 0.00000 0.00000 0.00000 0.00000 0.00000 0.00000 0.00000 0.00000 0.00000 0.00000 0.00000 0.00000 0.00000 0.00000 0.00000 0.00000 0.00000 0.00000 0.00000 
289	5	0.15177 0.00000 0.00000 0.00000 0.34823 0.00000 0.00000 0.00000 0.15177 0.00000 0.00000 0.00000 0.34823 0.00000 0.00000 0.00000 0.00000 0.00000 0.00000 0.00000 0.00000 0.00000 0.00000 0.00000 0.00000 0.00000 0.00000 0.00000 0.00000 0.00000 0.00000 0.00000 
290	5	0.15177 0.00000 0.00000 0.00000 0.34823 0.00000 0.00000 0.00000 0.15177 0.00000 0.00000 0.00000 0.34823 0.00000 0.00000 0.00000 0.00000 0.00000 0.00000 0.00000 0.00000 0.00000 0.00000 0.00000 0.00000 0.00000 0.00000 0.00000 0.00000 0.00000 0.00000 0.00000 
291	5	0.15177 0.00000 0.00000 0.00000 0.34823 0.00000 0.00000 0.00000 0.15177 0.00000 0.00000 0.00000 0.34823 0.00000 0.00000 0.00000 0.00000 0.00000 0.00000 0.00000 0.00000 0.00000 0.00000 0.00000 0.00000 0.00000 0.00000 0.00000 0.00000 0.00000 0.00000 0.00000 
292	5	0.15177 0.00000 0.00000 0.00000 0.34823 0.00000 0.00000 0.00000 0.15177 0.00000 0.00000 0.00000 0.34823 0.00000 0.00000 0.00000 0.00000 0.00000 0.00000 0.00000 0.00000 0.00000 0.00000 0.00000 0.00000 0.00000 0.00000 0.00000 0.00000 0.00000 0.00000 0.00000 
293	5	0.15177 0.00000 0.00000 0.00000 0.34823 0.00000 0.00000 0.00000 0.15177 0.00000 0.00000 0.00000 0.34823 0.00000 0.00000 0.00000 0.00000 0.00000 0.00000 0.00000 0.00000 0.00000 0.00000 0.00000 0.00000 0.00000 0.00000 0.00000 0.00000 0.00000 0.00000 0.00000 
294	5	0.15177 0.00000 0.00000 0.00000 0.34823 0.00000 0.00000 0.00000 0.15177 0.00000 0.00000 0.00000 0.34823 0.00000 0.00000 0.00000 0.00000 0.00000 0.00000 0.00000 0.00000 0.00000 0.00000 0.00000 0.00000 0.00000 0.00000 0.00000 0.00000 0.00000 0.00000 0.00000 
295	5	0.15177 0.00000 0.00000 0.00000 0.34823 0.00000 0.00000 0.00000 0.15177 0.00000 0.00000 0.00000 0.34823 0.00000 0.00000 0.00000 0.00000 0.00000 0.00000 0.00000 0.00000 0.00000 0.00000 0.00000 0.00000 0.00000 0.00000 0.00000 0.00000 0.00000 0.00000 0.00000 
296	5	0.15177 0.00000 0.00000 0.00000 0.34823 0.00000 0.00000 0.00000 0.15177 0.00000 0.00000 0.00000 0.34823 0.00000 0.00000 0.00000 0.00000 0.00000 0.00000 0.00000 0.00000 0.00000 0.00000 0.00000 0.00000 0.00000 0.00000 0.00000 0.00000 0.00000 0.00000 0.00000 
297	5	0.15177 0.00000 0.00000 0.00000 0.34823 0.00000 0.00000 0.00000 0.15177 0.00000 0.00000 0.00000 0.34823 0.00000 0.00000 0.00000 0.00000 0.00000 0.00000 0.00000 0.00000 0.00000 0.00000 0.00000 0.00000 0.00000 0.00000 0.00000 0.00000 0.00000 0.00000 0.00000 
298	5	0.15177 0.00000 0.00000 0.00000 0.34823 0.00000 0.00000 0.00000 0.15177 0.00000 0.00000 0.00000 0.34823 0.00000 0.00000 0.00000 0.00000 0.00000 0.00000 0.00000 0.00000 0.00000 0.00000 0.00000 0.00000 0.00000 0.00000 0.00000 0.00000 0.00000 0.00000 0.00000 
299	5	0.15177 0.00000 0.00000 0.00000 0.34823 0.00000 0.00000 0.00000 0.15177 0.00000 0.00000 0.00000 0.34823 0.00000 0.00000 0.00000 0.00000 0.00000 0.00000 0.00000 0.00000 0.00000 0.00000 0.00000 0.00000 0.00000 0.00000 0.00000 0.00000 0.00000 0.00000 0.00000 
300	5	0.15177 0.00000 0.00000 0.00000 0.34823 0.00000 0.00000 0.00000 0.15177 0.00000 0.00000 0.00000 0.34823 0.00000 0.00000 0.00000 0.00000 0.00000 0.00000 0.00000 0.00000 0.00000 0.00000 0.00000 0.00000 0.00000 0.00000 0.00000 0.00000 0.00000 0.00000 0.00000 
301	5	0.15177 0.00000 0.00000 0.00000 0.34823 0.00000 0.00000 0.00000 0.15177 0.00000 0.00000 0.00000 0.34823 0.00000 0.00000 0.00000 0.00000 0.00000 0.00000 0.00000 0.00000 0.00000 0.00000 0.00000 0.00000 0.00000 0.00000 0.00000 0.00000 0.00000 0.00000 0.00000 
302	5	0.15177 0.00000 0.00000 0.00000 0.34823 0.00000 0.00000 0.00000 0.15177 0.00000 0.00000 0.00000 0.34823 0.00000 0.00000 0.00000 0.00000 0.00000 0.00000 0.00000 0.00000 0.00000 0.00000 0.00000 0.00000 0.00000 0.00000 0.00000 0.00000 0.00000 0.00000 0.00000 
303	5	0.15177 0.00000 0.00000 0.00000 0.34823 0.00000 0.00000 0.00000 0.15177 0.00000 0.00000 0.00000 0.34823 0.00000 0.00000 0.00000 0.00000 0.00000 0.00000 0.00000 0.00000 0.00000 0.00000 0.00000 0.00000 0.00000 0.00000 0.00000 0.00000 0.00000 0.00000 0.00000 
304	5	0.15177 0.00000 0.00000 0.00000 0.34823 0.00000 0.00000 0.00000 0.15177 0.00000 0.00000 0.00000 0.34823 0.00000 0.00000 0.00000 0.00000 0.00000 0.00000 0.00000 0.00000 0.00000 0.00000 0.00000 0.00000 0.00000 0.00000 0.00000 0.00000 0.00000 0.00000 0.00000 
305	5	0.15177 0.00000 0.00000 0.00000 0.34823 0.00000 0.00000 0.00000 0.15177 0.00000 0.00000 0.00000 0.34823 0.00000 0.00000 0.00000 0.00000 0.00000 0.00000 0.00000 0.00000 0.00000 0.00000 0.00000 0.00000 0.00000 0.00000 0.00000 0.00000 0.00000 0.00000 0.00000 
306	5	0.15177 0.00000 0.00000 0.00000 0.34823 0.00000 0.00000 0.00000 0.15177 0.00000 0.00000 0.00000 0.34823 0.00000 0.00000 0.00000 0.00000 0.00000 0.00000 0.00000 0.00000 0.00000 0.00000 0.00000 0.00000 0.00000 0.00000 0.00000 0.00000 0.00000 0.00000 0.00000 
307	5	0.15177 0.00000 0.00000 0.00000 0.34823 0.00000 0.00000 0.00000 0.15177 0.00000 0.00000 0.00000 0.34823 0.00000 0.00000 0.00000 0.00000 0.00000 0.00000 0.00000 0.00000 0.00000 0.00000 0.00000 0.00000 0.00000 0.00000 0.00000 0.00000 0.00000 0.00000 0.00000 
308	5	0.15177 0.00000 0.00000 0.00000 0.34823 0.00000 0.00000 0.00000 0.15177 0.00000 0.00000 0.00000 0.34823 0.00000 0.00000 0.00000 0.00000 0.00000 0.00000 0.00000 0.00000 0.00000 0.00000 0.00000 0.00000 0.00000 0.00000 0.00000 0.00000 0.00000 0.00000 0.00000 
309	5	0.15177 0.00000 0.00000 0.00000 0.34823 0.00000 0.00000 0.00000 0.15177 0.00000 0.00000 0.00000 0.34823 0.00000 0.00000 0.00000 0.00000 0.00000 0.00000 0.00000 0.00000 0.00000 0.00000 0.00000 0.00000 0.00000 0.00000 0.00000 0.00000 0.00000 0.00000 0.00000 
310	5	0.15175 0.00000 0.00000 0.00000 0.34825 0.00000 0.00000 0.00000 0.15175 0.00000 0.00000 0.00000 0.34825 0.00000 0.00000 0.00000 0.00000 0.00000 0.00000 0.00000 0.00000 0.00000 0.00000 0.00000 0.00000 0.00000 0.00000 0.00000 0.00000 0.00000 0.00000 0.00000 
311	5	0.15175 0.00000 0.00000 0.00000 0.34825 0.00000 0.00000 0.00000 0.15175 0.00000 0.00000 0.00000 0.34825 0.00000 0.00000 0.00000 0.00000 0.00000 0.00000 0.00000 0.00000 0.00000 0.00000 0.00000 0.00000 0.00000 0.00000 0.00000 0.00000 0.00000 0.00000 0.00000 
312	5	0.15177 0.00000 0.00000 0.00000 0.34823 0.00000 0.00000 0.00000 0.15177 0.00000 0.00000 0.00000 0.34823 0.00000 0.00000 0.00000 0.00000 0.00000 0.00000 0.00000 0.00000 0.00000 0.00000 0.00000 0.00000 0.00000 0.00000 0.00000 0.00000 0.00000 0.00000 0.00000 
313	5	0.15175 0.00000 0.00000 0.00000 0.34825 0.00000 0.00000 0.00000 0.15175 0.00000 0.00000 0.00000 0.34825 0.00000 0.00000 0.00000 0.00000 0.00000 0.00000 0.00000 0.00000 0.00000 0.00000 0.00000 0.00000 0.00000 0.00000 0.00000 0.00000 0.00000 0.00000 0.00000 
314	5	0.15177 0.00000 0.00000 0.00000 0.34823 0.00000 0.00000 0.00000 0.15177 0.00000 0.00000 0.00000 0.34823 0.00000 0.00000 0.00000 0.00000 0.00000 0.00000 0.00000 0.00000 0.00000 0.00000 0.00000 0.00000 0.00000 0.00000 0.00000 0.00000 0.00000 0.00000 0.00000 
315	5	0.15175 0.00000 0.00000 0.00000 0.34825 0.00000 0.00000 0.00000 0.15175 0.00000 0.00000 0.00000 0.34825 0.00000 0.00000 0.00000 0.00000 0.00000 0.00000 0.00000 0.00000 0.00000 0.00000 0.00000 0.00000 0.00000 0.00000 0.00000 0.00000 0.00000 0.00000 0.00000 
316	5	0.15175 0.00000 0.00000 0.00000 0.34825 0.00000 0.00000 0.00000 0.15175 0.00000 0.00000 0.00000 0.34825 0.00000 0.00000 0.00000 0.00000 0.00000 0.00000 0.00000 0.00000 0.00000 0.00000 0.00000 0.00000 0.00000 0.00000 0.00000 0.00000 0.00000 0.00000 0.00000 
317	5	0.15177 0.00000 0.00000 0.00000 0.34823 0.00000 0.00000 0.00000 0.15177 0.00000 0.00000 0.00000 0.34823 0.00000 0.00000 0.00000 0.00000 0.00000 0.00000 0.00000 0.00000 0.00000 0.00000 0.00000 0.00000 0.00000 0.00000 0.00000 0.00000 0.00000 0.00000 0.00000 
318	5	0.15175 0.00000 0.00000 0.00000 0.34825 0.00000 0.00000 0.00000 0.15175 0.00000 0.00000 0.00000 0.34825 0.00000 0.00000 0.00000 0.00000 0.00000 0.00000 0.00000 0.00000 0.00000 0.00000 0.00000 0.00000 0.00000 0.00000 0.00000 0.00000 0.00000 0.00000 0.00000 
319	5	0.15175 0.00000 0.00000 0.00000 0.34825 0.00000 0.00000 0.00000 0.15175 0.00000 0.00000 0.00000 0.34825 0.00000 0.00000 0.00000 0.00000 0.00000 0.00000 0.00000 0.00000 0.00000 0.00000 0.00000 0.00000 0.00000 0.00000 0.00000 0.00000 0.00000 0.00000 0.00000 
320	5	0.15175 0.00000 0.00000 0.00000 0.34825 0.00000 0.00000 0.00000 0.15175 0.00000 0.00000 0.00000 0.34825 0.00000 0.00000 0.00000 0.00000 0.00000 0.00000 0.00000 0.00000 0.00000 0.00000 0.00000 0.00000 0.00000 0.00000 0.00000 0.00000 0.00000 0.00000 0.00000 
321	5	0.15175 0.00000 0.00000 0.00000 0.34825 0.00000 0.00000 0.00000 0.15175 0.00000 0.00000 0.00000 0.34825 0.00000 0.00000 0.00000 0.00000 0.00000 0.00000 0.00000 0.00000 0.00000 0.00000 0.00000 0.00000 0.00000 0.00000 0.00000 0.00000 0.00000 0.00000 0.00000 
322	5	0.15175 0.00000 0.00000 0.00000 0.34825 0.00000 0.00000 0.00000 0.15175 0.00000 0.00000 0.00000 0.34825 0.00000 0.00000 0.00000 0.00000 0.00000 0.00000 0.00000 0.00000 0.00000 0.00000 0.00000 0.00000 0.00000 0.00000 0.00000 0.00000 0.00000 0.00000 0.00000 
323	5	0.15175 0.00000 0.00000 0.00000 0.34825 0.00000 0.00000 0.00000 0.15175 0.00000 0.00000 0.00000 0.34825 0.00000 0.00000 0.00000 0.00000 0.00000 0.00000 0.00000 0.00000 0.00000 0.00000 0.00000 0.00000 0.00000 0.00000 0.00000 0.00000 0.00000 0.00000 0.00000 
324	5	0.15175 0.00000 0.00000 0.00000 0.34825 0.00000 0.00000 0.00000 0.15175 0.00000 0.00000 0.00000 0.34825 0.00000 0.00000 0.00000 0.00000 0.00000 0.00000 0.00000 0.00000 0.00000 0.00000 0.00000 0.00000 0.00000 0.00000 0.00000 0.00000 0.00000 0.00000 0.00000 
325	5	0.15175 0.00000 0.00000 0.00000 0.34825 0.00000 0.00000 0.00000 0.15175 0.00000 0.00000 0.00000 0.34825 0.00000 0.00000 0.00000 0.00000 0.00000 0.00000 0.00000 0.00000 0.00000 0.00000 0.00000 0.00000 0.00000 0.00000 0.00000 0.00000 0.00000 0.00000 0.00000 
326	5	0.15175 0.00000 0.00000 0.00000 0.34825 0.00000 0.00000 0.00000 0.15175 0.00000 0.00000 0.00000 0.34825 0.00000 0.00000 0.00000 0.00000 0.00000 0.00000 0.00000 0.00000 0.00000 0.00000 0.00000 0.00000 0.00000 0.00000 0.00000 0.00000 0.00000 0.00000 0.00000 
327	5	0.15175 0.00000 0.00000 0.00000 0.34825 0.00000 0.00000 0.00000 0.15175 0.00000 0.00000 0.00000 0.34825 0.00000 0.00000 0.00000 0.00000 0.00000 0.00000 0.00000 0.00000 0.00000 0.00000 0.00000 0.00000 0.00000 0.00000 0.00000 0.00000 0.00000 0.00000 0.00000 
328	5	0.15175 0.00000 0.00000 0.00000 0.34825 0.00000 0.00000 0.00000 0.15175 0.00000 0.00000 0.00000 0.34825 0.00000 0.00000 0.00000 0.00000 0.00000 0.00000 0.00000 0.00000 0.00000 0.00000 0.00000 0.00000 0.00000 0.00000 0.00000 0.00000 0.00000 0.00000 0.00000 
329	5	0.15175 0.00000 0.00000 0.00000 0.34825 0.00000 0.00000 0.00000 0.15175 0.00000 0.00000 0.00000 0.34825 0.00000 0.00000 0.00000 0.00000 0.00000 0.00000 0.00000 0.00000 0.00000 0.00000 0.00000 0.00000 0.00000 0.00000 0.00000 0.00000 0.00000 0.00000 0.00000 
330	5	0.15177 0.00000 0.00000 0.00000 0.34823 0.00000 0.00000 0.00000 0.15177 0.00000 0.00000 0.00000 0.34823 0.00000 0.00000 0.00000 0.00000 0.00000 0.00000 0.00000 0.00000 0.00000 0.00000 0.00000 0.00000 0.00000 0.00000 0.00000 0.00000 0.00000 0.00000 0.00000 
331	5	0.15177 0.00000 0.00000 0.00000 0.34823 0.00000 0.00000 0.00000 0.15177 0.00000 0.00000 0.00000 0.34823 0.00000 0.00000 0.00000 0.00000 0.00000 0.00000 0.00000 0.00000 0.00000 0.00000 0.00000 0.00000 0.00000 0.00000 0.00000 0.00000 0.00000 0.00000 0.00000 
332	5	0.15177 0.00000 0.00000 0.00000 0.34823 0.00000 0.00000 0.00000 0.15177 0.00000 0.00000 0.00000 0.34823 0.00000 0.00000 0.00000 0.00000 0.00000 0.00000 0.00000 0.00000 0.00000 0.00000 0.00000 0.00000 0.00000 0.00000 0.00000 0.00000 0.00000 0.00000 0.00000 
333	5	0.15177 0.00000 0.00000 0.00000 0.34823 0.00000 0.00000 0.00000 0.15177 0.00000 0.00000 0.00000 0.34823 0.00000 0.00000 0.00000 0.00000 0.00000 0.00000 0.00000 0.00000 0.00000 0.00000 0.00000 0.00000 0.00000 0.00000 0.00000 0.00000 0.00000 0.00000 0.00000 
334	5	0.15175 0.00000 0.00000 0.00000 0.34825 0.00000 0.00000 0.00000 0.15175 0.00000 0.00000 0.00000 0.34825 0.00000 0.00000 0.00000 0.00000 0.00000 0.00000 0.00000 0.00000 0.00000 0.00000 0.00000 0.00000 0.00000 0.00000 0.00000 0.00000 0.00000 0.00000 0.00000 
335	5	0.15175 0.00000 0.00000 0.00000 0.34825 0.00000 0.00000 0.00000 0.15175 0.00000 0.00000 0.00000 0.34825 0.00000 0.00000 0.00000 0.00000 0.00000 0.00000 0.00000 0.00000 0.00000 0.00000 0.00000 0.00000 0.00000 0.00000 0.00000 0.00000 0.00000 0.00000 0.00000 
336	5	0.15177 0.00000 0.00000 0.00000 0.34823 0.00000 0.00000 0.00000 0.15177 0.00000 0.00000 0.00000 0.34823 0.00000 0.00000 0.00000 0.00000 0.00000 0.00000 0.00000 0.00000 0.00000 0.00000 0.00000 0.00000 0.00000 0.00000 0.00000 0.00000 0.00000 0.00000 0.00000 
337	5	0.15177 0.00000 0.00000 0.00000 0.34823 0.00000 0.00000 0.00000 0.15177 0.00000 0.00000 0.00000 0.34823 0.00000 0.00000 0.00000 0.00000 0.00000 0.00000 0.00000 0.00000 0.00000 0.00000 0.00000 0.00000 0.00000 0.00000 0.00000 0.00000 0.00000 0.00000 0.00000 
338	5	0.15177 0.00000 0.00000 0.00000 0.34823 0.00000 0.00000 0.00000 0.15177 0.00000 0.00000 0.00000 0.34823 0.00000 0.00000 0.00000 0.00000 0.00000 0.00000 0.00000 0.00000 0.00000 0.00000 0.00000 0.00000 0.00000 0.00000 0.00000 0.00000 0.00000 0.00000 0.00000 
339	5	0.15177 0.00000 0.00000 0.00000 0.34823 0.00000 0.00000 0.00000 0.15177 0.00000 0.00000 0.00000 0.34823 0.00000 0.00000 0.00000 0.00000 0.00000 0.00000 0.00000 0.00000 0.00000 0.00000 0.00000 0.00000 0.00000 0.00000 0.00000 0.00000 0.00000 0.00000 0.00000 
340	5	0.15177 0.00000 0.00000 0.00000 0.34823 0.00000 0.00000 0.00000 0.15177 0.00000 0.00000 0.00000 0.34823 0.00000 0.00000 0.00000 0.00000 0.00000 0.00000 0.00000 0.00000 0.00000 0.00000 0.00000 0.00000 0.00000 0.00000 0.00000 0.00000 0.00000 0.00000 0.00000 
341	5	0.15177 0.00000 0.00000 0.00000 0.34823 0.00000 0.00000 0.00000 0.15177 0.00000 0.00000 0.00000 0.34823 0.00000 0.00000 0.00000 0.00000 0.00000 0.00000 0.00000 0.00000 0.00000 0.00000 0.00000 0.00000 0.00000 0.00000 0.00000 0.00000 0.00000 0.00000 0.00000 
342	5	0.15177 0.00000 0.00000 0.00000 0.34823 0.00000 0.00000 0.00000 0.15177 0.00000 0.00000 0.00000 0.34823 0.00000 0.00000 0.00000 0.00000 0.00000 0.00000 0.00000 0.00000 0.00000 0.00000 0.00000 0.00000 0.00000 0.00000 0.00000 0.00000 0.00000 0.00000 0.00000 
343	5	0.15177 0.00000 0.00000 0.00000 0.34823 0.00000 0.00000 0.00000 0.15177 0.00000 0.00000 0.00000 0.34823 0.00000 0.00000 0.00000 0.00000 0.00000 0.00000 0.00000 0.00000 0.00000 0.00000 0.00000 0.00000 0.00000 0.00000 0.00000 0.00000 0.00000 0.00000 0.00000 
344	5	0.15177 0.00000 0.00000 0.00000 0.34823 0.00000 0.00000 0.00000 0.15177 0.00000 0.00000 0.00000 0.34823 0.00000 0.00000 0.00000 0.00000 0.00000 0.00000 0.00000 0.00000 0.00000 0.00000 0.00000 0.00000 0.00000 0.00000 0.00000 0.00000 0.00000 0.00000 0.00000 
345	5	0.15177 0.00000 0.00000 0.00000 0.34823 0.00000 0.00000 0.00000 0.15177 0.00000 0.00000 0.00000 0.34823 0.00000 0.00000 0.00000 0.00000 0.00000 0.00000 0.00000 0.00000 0.00000 0.00000 0.00000 0.00000 0.00000 0.00000 0.00000 0.00000 0.00000 0.00000 0.00000 
346	5	0.15177 0.00000 0.00000 0.00000 0.34823 0.00000 0.00000 0.00000 0.15177 0.00000 0.00000 0.00000 0.34823 0.00000 0.00000 0.00000 0.00000 0.00000 0.00000 0.00000 0.00000 0.00000 0.00000 0.00000 0.00000 0.00000 0.00000 0.00000 0.00000 0.00000 0.00000 0.00000 
347	5	0.15177 0.00000 0.00000 0.00000 0.34823 0.00000 0.00000 0.00000 0.15177 0.00000 0.00000 0.00000 0.34823 0.00000 0.00000 0.00000 0.00000 0.00000 0.00000 0.00000 0.00000 0.00000 0.00000 0.00000 0.00000 0.00000 0.00000 0.00000 0.00000 0.00000 0.00000 0.00000 
348	5	0.15177 0.00000 0.00000 0.00000 0.34823 0.00000 0.00000 0.00000 0.15177 0.00000 0.00000 0.00000 0.34823 0.00000 0.00000 0.00000 0.00000 0.00000 0.00000 0.00000 0.00000 0.00000 0.00000 0.00000 0.00000 0.00000 0.00000 0.00000 0.00000 0.00000 0.00000 0.00000 
349	5	0.15177 0.00000 0.00000 0.00000 0.34823 0.00000 0.00000 0.00000 0.15177 0.00000 0.00000 0.00000 0.34823 0.00000 0.00000 0.00000 0.00000 0.00000 0.00000 0.00000 0.00000 0.00000 0.00000 0.00000 0.00000 0.00000 0.00000 0.00000 0.00000 0.00000 0.00000 0.00000 
