350	5	16
0	1	0.31537 0.00000 0.00000 0.00000 0.00000 0.00000 0.00000 0.00000 0.12560 0.00000 0.00000 0.00000 0.55902 0.00000 0.00000 0.00000 
1	1	0.10396 0.00000 0.00000 0.00000 0.00000 0.00000 0.00000 0.00000 0.11727 0.00000 0.00000 0.00000 0.77877 0.00000 0.00000 0.00000 
2	1	0.33953 0.00000 0.00000 0.00000 0.00000 0.00000 0.00000 0.00000 0.16446 0.00000 0.00000 0.00000 0.49601 0.00000 0.00000 0.00000 
3	1	0.26759 0.00000 0.00000 0.00000 0.00000 0.00000 0.00000 0.00000 0.28653 0.00000 0.00000 0.00000 0.44588 0.00000 0.00000 0.00000 
4	1	0.38469 0.00000 0.00000 0.00000 0.00000 0.00000 0.00000 0.00000 0.10555 0.00000 0.00000 0.00000 0.50975 0.00000 0.00000 0.00000 
5	1	0.21917 0.00000 0.00000 0.00000 0.00001 0.00000 0.00000 0.00000 0.07036 0.00000 0.00000 0.00000 0.71045 0.00000 0.00000 0.00000 
6	1	0.22269 0.00000 0.00000 0.00000 0.00000 0.00000 0.00000 0.00000 0.07838 0.00000 0.00000 0.00000 0.69892 0.00000 0.00000 0.00000 
7	1	0.30611 0.00000 0.00000 0.00000 0.00000 0.00000 0.00000 0.00000 0.16025 0.00000 0.00000 0.00000 0.53364 0.00000 0.00000 0.00000 
8	1	0.59652 0.00000 0.00000 0.00000 0.00000 0.00000 0.00000 0.00000 0.18097 0.00000 0.00000 0.00000 0.22250 0.00000 0.00000 0.00000 
9	1	0.30130 0.00000 0.00000 0.00000 0.00000 0.00000 0.00000 0.00000 0.12174 0.00000 0.00000 0.00000 0.57695 0.00000 0.00000 0.00000 
10	1	0.28142 0.00000 0.00000 0.00000 0.05337 0.00000 0.00000 0.00000 0.08657 0.00000 0.00000 0.00000 0.57864 0.00000 0.00000 0.00000 
11	1	0.29497 0.00000 0.00000 0.00000 0.00000 0.00000 0.00000 0.00000 0.23455 0.00000 0.00000 0.00000 0.47048 0.00000 0.00000 0.00000 
12	1	0.25412 0.00000 0.00000 0.00000 0.00000 0.00000 0.00000 0.00000 0.17571 0.00000 0.00000 0.00000 0.57017 0.00000 0.00000 0.00000 
13	1	0.39196 0.00000 0.00000 0.00000 0.00032 0.00000 0.00000 0.00000 0.15398 0.00000 0.00000 0.00000 0.45374 0.00000 0.00000 0.00000 
14	1	0.86534 0.00000 0.00000 0.00000 0.00015 0.00000 0.00000 0.00000 0.04414 0.00000 0.00000 0.00000 0.09037 0.00000 0.00000 0.00000 
15	1	0.34527 0.00000 0.00000 0.00000 0.00001 0.00000 0.00000 0.00000 0.17067 0.00000 0.00000 0.00000 0.48404 0.00000 0.00000 0.00000 
16	1	0.31821 0.00000 0.00000 0.00000 0.00000 0.00000 0.00000 0.00000 0.51909 0.00000 0.00000 0.00000 0.16270 0.00000 0.00000 0.00000 
17	1	0.31012 0.00000 0.00000 0.00000 0.00027 0.00000 0.00000 0.00000 0.17220 0.00000 0.00000 0.00000 0.51741 0.00000 0.00000 0.00000 
18	1	0.38252 0.00000 0.00000 0.00000 0.00006 0.00000 0.00000 0.00000 0.09318 0.00000 0.00000 0.00000 0.52423 0.00000 0.00000 0.00000 
19	1	0.39859 0.00000 0.00000 0.00000 0.00415 0.00000 0.00000 0.00000 0.53618 0.00000 0.00000 0.00000 0.06108 0.00000 0.00000 0.00000 
20	1	0.58159 0.00000 0.00000 0.00000 0.00637 0.00000 0.00000 0.00000 0.34424 0.00000 0.00000 0.00000 0.06780 0.00000 0.00000 0.00000 
21	1	0.42161 0.00000 0.00000 0.00000 0.03232 0.00000 0.00000 0.00000 0.20236 0.00000 0.00000 0.00000 0.34370 0.00000 0.00000 0.00000 
22	1	0.28376 0.00000 0.00000 0.00000 0.00277 0.00000 0.00000 0.00000 0.68377 0.00000 0.00000 0.00000 0.02970 0.00000 0.00000 0.00000 
23	1	0.28506 0.00000 0.00000 0.00000 0.00055 0.00000 0.00000 0.00000 0.67839 0.00000 0.00000 0.00000 0.03600 0.00000 0.00000 0.00000 
24	1	0.24617 0.00000 0.00000 0.00000 0.00074 0.00000 0.00000 0.00000 0.67675 0.00000 0.00000 0.00000 0.07633 0.00000 0.00000 0.00000 
25	1	0.32525 0.00000 0.00000 0.00000 0.00000 0.00000 0.00000 0.00000 0.00000 0.00000 0.00000 0.00000 0.67475 0.00000 0.00000 0.00000 
26	1	0.33012 0.00000 0.00000 0.00000 0.05466 0.00000 0.00000 0.00000 0.08685 0.00000 0.00000 0.00000 0.52838 0.00000 0.00000 0.00000 
27	1	0.41577 0.00000 0.00000 0.00000 0.00001 0.00000 0.00000 0.00000 0.15160 0.00000 0.00000 0.00000 0.43263 0.00000 0.00000 0.00000 
28	1	0.16499 0.00000 0.00000 0.00000 0.00236 0.00000 0.00000 0.00000 0.28433 0.00000 0.00000 0.00000 0.54831 0.00000 0.00000 0.00000 
29	1	0.15350 0.00000 0.00000 0.00000 0.00494 0.00000 0.00000 0.00000 0.12939 0.00000 0.00000 0.00000 0.71217 0.00000 0.00000 0.00000 
30	1	0.11285 0.00000 0.00000 0.00000 0.00349 0.00000 0.00000 0.00000 0.01143 0.00000 0.00000 0.00000 0.87223 0.00000 0.00000 0.00000 
31	1	0.11351 0.00000 0.00000 0.00000 0.00107 0.00000 0.00000 0.00000 0.03540 0.00000 0.00000 0.00000 0.85002 0.00000 0.00000 0.00000 
32	1	0.23718 0.00000 0.00000 0.00000 0.00002 0.00000 0.00000 0.00000 0.15553 0.00000 0.00000 0.00000 0.60727 0.00000 0.00000 0.00000 
33	1	0.53302 0.00000 0.00000 0.00000 0.03340 0.00000 0.00000 0.00000 0.11530 0.00000 0.00000 0.00000 0.31827 0.00000 0.00000 0.00000 
34	1	0.30623 0.00000 0.00000 0.00000 0.03140 0.00000 0.00000 0.00000 0.44152 0.00000 0.00000 0.00000 0.22086 0.00000 0.00000 0.00000 
35	1	0.25786 0.00000 0.00000 0.00000 0.14679 0.00000 0.00000 0.00000 0.20184 0.00000 0.00000 0.00000 0.39351 0.00000 0.00000 0.00000 
36	1	0.15768 0.00000 0.00000 0.00000 0.09544 0.00000 0.00000 0.00000 0.21796 0.00000 0.00000 0.00000 0.52892 0.00000 0.00000 0.00000 
37	1	0.51393 0.00000 0.00000 0.00000 0.00001 0.00000 0.00000 0.00000 0.00657 0.00000 0.00000 0.00000 0.47948 0.00000 0.00000 0.00000 
38	1	0.27854 0.00000 0.00000 0.00000 0.05540 0.00000 0.00000 0.00000 0.04082 0.00000 0.00000 0.00000 0.62523 0.00000 0.00000 0.00000 
39	1	0.56339 0.00000 0.00000 0.00000 0.04481 0.00000 0.00000 0.00000 0.08150 0.00000 0.00000 0.00000 0.31030 0.00000 0.00000 0.00000 
40	1	0.28992 0.00000 0.00000 0.00000 0.09256 0.00000 0.00000 0.00000 0.03440 0.00000 0.00000 0.00000 0.58312 0.00000 0.00000 0.00000 
41	1	0.34558 0.00000 0.00000 0.00000 0.07955 0.00000 0.00000 0.00000 0.25567 0.00000 0.00000 0.00000 0.31920 0.00000 0.00000 0.00000 
42	1	0.37949 0.00000 0.00000 0.00000 0.01595 0.00000 0.00000 0.00000 0.52469 0.00000 0.00000 0.00000 0.07987 0.00000 0.00000 0.00000 
43	1	0.16641 0.00000 0.00000 0.00000 0.00000 0.00000 0.00000 0.00000 0.21318 0.00000 0.00000 0.00000 0.62041 0.00000 0.00000 0.00000 
44	1	0.08217 0.00000 0.00000 0.00000 0.00000 0.00000 0.00000 0.00000 0.30592 0.00000 0.00000 0.00000 0.61191 0.00000 0.00000 0.00000 
45	1	0.44686 0.00000 0.00000 0.00000 0.00000 0.00000 0.00000 0.00000 0.10842 0.00000 0.00000 0.00000 0.44472 0.00000 0.00000 0.00000 
46	1	0.26393 0.00000 0.00000 0.00000 0.00000 0.00000 0.00000 0.00000 0.20607 0.00000 0.00000 0.00000 0.53000 0.00000 0.00000 0.00000 
47	1	0.23138 0.00000 0.00000 0.00000 0.00000 0.00000 0.00000 0.00000 0.29582 0.00000 0.00000 0.00000 0.47280 0.00000 0.00000 0.00000 
48	1	0.37152 0.00000 0.00000 0.00000 0.00000 0.00000 0.00000 0.00000 0.18160 0.00000 0.00000 0.00000 0.44687 0.00000 0.00000 0.00000 
49	1	0.20274 0.00000 0.00000 0.00000 0.00000 0.00000 0.00000 0.00000 0.30255 0.00000 0.00000 0.00000 0.49471 0.00000 0.00000 0.00000 
50	1	0.18014 0.00000 0.00000 0.00000 0.00000 0.00000 0.00000 0.00000 0.35235 0.00000 0.00000 0.00000 0.46751 0.00000 0.00000 0.00000 
51	1	0.18536 0.00000 0.00000 0.00000 0.00000 0.00000 0.00000 0.00000 0.09299 0.00000 0.00000 0.00000 0.72165 0.00000 0.00000 0.00000 
52	1	0.15643 0.00000 0.00000 0.00000 0.00000 0.00000 0.00000 0.00000 0.10202 0.00000 0.00000 0.00000 0.74154 0.00000 0.00000 0.00000 
53	1	0.17763 0.00000 0.00000 0.00000 0.00000 0.00000 0.00000 0.00000 0.06786 0.00000 0.00000 0.00000 0.75451 0.00000 0.00000 0.00000 
54	1	0.10820 0.00000 0.00000 0.00000 0.00000 0.00000 0.00000 0.00000 0.01770 0.00000 0.00000 0.00000 0.87410 0.00000 0.00000 0.00000 
55	1	0.11268 0.00000 0.00000 0.00000 0.00000 0.00000 0.00000 0.00000 0.46547 0.00000 0.00000 0.00000 0.42185 0.00000 0.00000 0.00000 
56	1	0.07756 0.00000 0.00000 0.00000 0.00000 0.00000 0.00000 0.00000 0.53029 0.00000 0.00000 0.00000 0.39215 0.00000 0.00000 0.00000 
57	1	0.33179 0.00000 0.00000 0.00000 0.00000 0.00000 0.00000 0.00000 0.56653 0.00000 0.00000 0.00000 0.10168 0.00000 0.00000 0.00000 
58	1	0.39794 0.00000 0.00000 0.00000 0.00001 0.00000 0.00000 0.00000 0.35177 0.00000 0.00000 0.00000 0.25028 0.00000 0.00000 0.00000 
59	1	0.44245 0.00000 0.00000 0.00000 0.00000 0.00000 0.00000 0.00000 0.07407 0.00000 0.00000 0.00000 0.48348 0.00000 0.00000 0.00000 
60	1	0.45978 0.00000 0.00000 0.00000 0.00006 0.00000 0.00000 0.00000 0.21794 0.00000 0.00000 0.00000 0.32222 0.00000 0.00000 0.00000 
61	1	0.39977 0.00000 0.00000 0.00000 0.00000 0.00000 0.00000 0.00000 0.52497 0.00000 0.00000 0.00000 0.07526 0.00000 0.00000 0.00000 
62	1	0.64820 0.00000 0.00000 0.00000 0.00000 0.00000 0.00000 0.00000 0.30961 0.00000 0.00000 0.00000 0.04219 0.00000 0.00000 0.00000 
63	1	0.55892 0.00000 0.00000 0.00000 0.00000 0.00000 0.00000 0.00000 0.40491 0.00000 0.00000 0.00000 0.03617 0.00000 0.00000 0.00000 
64	1	0.63660 0.00000 0.00000 0.00000 0.00000 0.00000 0.00000 0.00000 0.01772 0.00000 0.00000 0.00000 0.34568 0.00000 0.00000 0.00000 
65	1	0.53871 0.00000 0.00000 0.00000 0.00000 0.00000 0.00000 0.00000 0.19839 0.00000 0.00000 0.00000 0.26290 0.00000 0.00000 0.00000 
66	1	0.38978 0.00000 0.00000 0.00000 0.00000 0.00000 0.00000 0.00000 0.45509 0.00000 0.00000 0.00000 0.15512 0.00000 0.00000 0.00000 
67	1	0.57703 0.00000 0.00000 0.00000 0.00000 0.00000 0.00000 0.00000 0.15006 0.00000 0.00000 0.00000 0.27291 0.00000 0.00000 0.00000 
68	1	0.25597 0.00000 0.00000 0.00000 0.00000 0.00000 0.00000 0.00000 0.34319 0.00000 0.00000 0.00000 0.40084 0.00000 0.00000 0.00000 
69	1	0.32887 0.00000 0.00000 0.00000 0.00000 0.00000 0.00000 0.00000 0.19109 0.00000 0.00000 0.00000 0.48005 0.00000 0.00000 0.00000 
70	2	0.79574 0.00000 0.00000 0.00000 0.00000 0.00000 0.00000 0.00000 0.07874 0.00000 0.00000 0.00000 0.12552 0.00000 0.00000 0.00000 
71	2	0.78892 0.00000 0.00000 0.00000 0.00000 0.00000 0.00000 0.00000 0.07625 0.00000 0.00000 0.00000 0.13483 0.00000 0.00000 0.00000 
72	2	0.76446 0.00000 0.00000 0.00000 0.00001 0.00000 0.00000 0.00000 0.07344 0.00000 0.00000 0.00000 0.16209 0.00000 0.00000 0.00000 
73	2	0.78345 0.00000 0.00000 0.00000 0.00000 0.00000 0.00000 0.00000 0.08161 0.00000 0.00000 0.00000 0.13493 0.00000 0.00000 0.00000 
74	2	0.75420 0.00000 0.00000 0.00000 0.00000 0.00000 0.00000 0.00000 0.06687 0.00000 0.00000 0.00000 0.17893 0.00000 0.00000 0.00000 
75	2	0.04004 0.00000 0.00000 0.00000 0.00287 0.00000 0.00000 0.00000 0.06590 0.00000 0.00000 0.00000 0.89119 0.00000 0.00000 0.00000 
76	2	0.01420 0.00000 0.00000 0.00000 0.00122 0.00000 0.00000 0.00000 0.04134 0.00000 0.00000 0.00000 0.94323 0.00000 0.00000 0.00000 
77	2	0.02981 0.00000 0.00000 0.00000 0.00000 0.00000 0.00000 0.00000 0.37446 0.00000 0.00000 0.00000 0.59573 0.00000 0.00000 0.00000 
78	2	0.24603 0.00000 0.00000 0.00000 0.00038 0.00000 0.00000 0.00000 0.09584 0.00000 0.00000 0.00000 0.65775 0.00000 0.00000 0.00000 
79	2	0.20978 0.00000 0.00000 0.00000 0.00034 0.00000 0.00000 0.00000 0.16183 0.00000 0.00000 0.00000 0.62804 0.00000 0.00000 0.00000 
80	2	0.42495 0.00000 0.00000 0.00000 0.00000 0.00000 0.00000 0.00000 0.47193 0.00000 0.00000 0.00000 0.10312 0.00000 0.00000 0.00000 
81	2	0.13727 0.00000 0.00000 0.00000 0.00093 0.00000 0.00000 0.00000 0.12978 0.00000 0.00000 0.00000 0.73202 0.00000 0.00000 0.00000 
82	2	0.21678 0.00000 0.00000 0.00000 0.00000 0.00000 0.00000 0.00000 0.48050 0.00000 0.00000 0.00000 0.30272 0.00000 0.00000 0.00000 
83	2	0.20876 0.00000 0.00000 0.00000 0.00000 0.00000 0.00000 0.00000 0.41350 0.00000 0.00000 0.00000 0.37775 0.00000 0.00000 0.00000 
84	2	0.16495 0.00000 0.00000 0.00000 0.00000 0.00000 0.00000 0.00000 0.69244 0.00000 0.00000 0.00000 0.14262 0.00000 0.00000 0.00000 
85	2	0.13805 0.00000 0.00000 0.00000 0.00000 0.00000 0.00000 0.00000 0.53539 0.00000 0.00000 0.00000 0.32656 0.00000 0.00000 0.00000 
86	2	0.20449 0.00000 0.00000 0.00000 0.00000 0.00000 0.00000 0.00000 0.49350 0.00000 0.00000 0.00000 0.30201 0.00000 0.00000 0.00000 
87	2	0.24588 0.00000 0.00000 0.00000 0.00000 0.00000 0.00000 0.00000 0.43619 0.00000 0.00000 0.00000 0.31793 0.00000 0.00000 0.00000 
88	2	0.24101 0.00000 0.00000 0.00000 0.00000 0.00000 0.00000 0.00000 0.47351 0.00000 0.00000 0.00000 0.28547 0.00000 0.00000 0.00000 
89	2	0.36008 0.00000 0.00000 0.00000 0.00000 0.00000 0.00000 0.00000 0.19152 0.00000 0.00000 0.00000 0.44840 0.00000 0.00000 0.00000 
90	2	0.17882 0.00000 0.00000 0.00000 0.00000 0.00000 0.00000 0.00000 0.32962 0.00000 0.00000 0.00000 0.49157 0.00000 0.00000 0.00000 
91	2	0.05167 0.00000 0.00000 0.00000 0.00000 0.00000 0.00000 0.00000 0.89904 0.00000 0.00000 0.00000 0.04929 0.00000 0.00000 0.00000 
92	2	0.62834 0.00000 0.00000 0.00000 0.00087 0.00000 0.00000 0.00000 0.10767 0.00000 0.00000 0.00000 0.26312 0.00000 0.00000 0.00000 
93	2	0.72027 0.00000 0.00000 0.00000 0.00000 0.00000 0.00000 0.00000 0.10370 0.00000 0.00000 0.00000 0.17603 0.00000 0.00000 0.00000 
94	2	0.64225 0.00000 0.00000 0.00000 0.00008 0.00000 0.00000 0.00000 0.08256 0.00000 0.00000 0.00000 0.27511 0.00000 0.00000 0.00000 
95	2	0.44177 0.00000 0.00000 0.00000 0.00000 0.00000 0.00000 0.00000 0.23706 0.00000 0.00000 0.00000 0.32116 0.00000 0.00000 0.00000 
96	2	0.67678 0.00000 0.00000 0.00000 0.00000 0.00000 0.00000 0.00000 0.08606 0.00000 0.00000 0.00000 0.23716 0.00000 0.00000 0.00000 
97	2	0.78140 0.00000 0.00000 0.00000 0.00237 0.00000 0.00000 0.00000 0.03965 0.00000 0.00000 0.00000 0.17658 0.00000 0.00000 0.00000 
98	2	0.64695 0.00000 0.00000 0.00000 0.00000 0.00000 0.00000 0.00000 0.17763 0.00000 0.00000 0.00000 0.17542 0.00000 0.00000 0.00000 
99	2	0.64650 0.00000 0.00000 0.00000 0.00000 0.00000 0.00000 0.00000 0.12070 0.00000 0.00000 0.00000 0.23280 0.00000 0.00000 0.00000 
100	2	0.74811 0.00000 0.00000 0.00000 0.00077 0.00000 0.00000 0.00000 0.05419 0.00000 0.00000 0.00000 0.19692 0.00000 0.00000 0.00000 
101	2	0.68312 0.00000 0.00000 0.00000 0.00065 0.00000 0.00000 0.00000 0.05678 0.00000 0.00000 0.00000 0.25945 0.00000 0.00000 0.00000 
102	2	0.82854 0.00000 0.00000 0.00000 0.00000 0.00000 0.00000 0.00000 0.09945 0.00000 0.00000 0.00000 0.07201 0.00000 0.00000 0.00000 
103	2	0.57395 0.00000 0.00000 0.00000 0.00000 0.00000 0.00000 0.00000 0.12379 0.00000 0.00000 0.00000 0.30226 0.00000 0.00000 0.00000 
104	2	0.62835 0.00000 0.00000 0.00000 0.00000 0.00000 0.00000 0.00000 0.14333 0.00000 0.00000 0.00000 0.22832 0.00000 0.00000 0.00000 
105	2	0.72466 0.00000 0.00000 0.00000 0.00075 0.00000 0.00000 0.00000 0.04832 0.00000 0.00000 0.00000 0.22627 0.00000 0.00000 0.00000 
106	2	0.68784 0.00000 0.00000 0.00000 0.00008 0.00000 0.00000 0.00000 0.05546 0.00000 0.00000 0.00000 0.25662 0.00000 0.00000 0.00000 
107	2	0.61295 0.00000 0.00000 0.00000 0.00004 0.00000 0.00000 0.00000 0.16039 0.00000 0.00000 0.00000 0.22662 0.00000 0.00000 0.00000 
108	2	0.63026 0.00000 0.00000 0.00000 0.00015 0.00000 0.00000 0.00000 0.09326 0.00000 0.00000 0.00000 0.27633 0.00000 0.00000 0.00000 
109	2	0.61955 0.00000 0.00000 0.00000 0.00000 0.00000 0.00000 0.00000 0.08967 0.00000 0.00000 0.00000 0.29079 0.00000 0.00000 0.00000 
110	2	0.53165 0.00000 0.00000 0.00000 0.00428 0.00000 0.00000 0.00000 0.05455 0.00000 0.00000 0.00000 0.40952 0.00000 0.00000 0.00000 
111	2	0.67575 0.00000 0.00000 0.00000 0.00001 0.00000 0.00000 0.00000 0.11390 0.00000 0.00000 0.00000 0.21034 0.00000 0.00000 0.00000 
112	2	0.65643 0.00000 0.00000 0.00000 0.00151 0.00000 0.00000 0.00000 0.12134 0.00000 0.00000 0.00000 0.22071 0.00000 0.00000 0.00000 
113	2	0.86254 0.00000 0.00000 0.00000 0.00000 0.00000 0.00000 0.00000 0.07933 0.00000 0.00000 0.00000 0.05812 0.00000 0.00000 0.00000 
114	2	0.80984 0.00000 0.00000 0.00000 0.00000 0.00000 0.00000 0.00000 0.10065 0.00000 0.00000 0.00000 0.08950 0.00000 0.00000 0.00000 
115	2	0.82262 0.00000 0.00000 0.00000 0.00000 0.00000 0.00000 0.00000 0.11389 0.00000 0.00000 0.00000 0.06348 0.00000 0.00000 0.00000 
116	2	0.69668 0.00000 0.00000 0.00000 0.00000 0.00000 0.00000 0.00000 0.25024 0.00000 0.00000 0.00000 0.05308 0.00000 0.00000 0.00000 
117	2	0.63181 0.00000 0.00000 0.00000 0.02212 0.00000 0.00000 0.00000 0.15953 0.00000 0.00000 0.00000 0.18654 0.00000 0.00000 0.00000 
118	2	0.38890 0.00000 0.00000 0.00000 0.02314 0.00000 0.00000 0.00000 0.34987 0.00000 0.00000 0.00000 0.23809 0.00000 0.00000 0.00000 
119	2	0.34078 0.00000 0.00000 0.00000 0.00000 0.00000 0.00000 0.00000 0.55888 0.00000 0.00000 0.00000 0.10034 0.00000 0.00000 0.00000 
120	2	0.52525 0.00000 0.00000 0.00000 0.00000 0.00000 0.00000 0.00000 0.40862 0.00000 0.00000 0.00000 0.06612 0.00000 0.00000 0.00000 
121	2	0.36882 0.00000 0.00000 0.00000 0.00000 0.00000 0.00000 0.00000 0.57136 0.00000 0.00000 0.00000 0.05982 0.00000 0.00000 0.00000 
122	2	0.60447 0.00000 0.00000 0.00000 0.00000 0.00000 0.00000 0.00000 0.05854 0.00000 0.00000 0.00000 0.33699 0.00000 0.00000 0.00000 
123	2	0.29726 0.00000 0.00000 0.00000 0.00000 0.00000 0.00000 0.00000 0.67062 0.00000 0.00000 0.00000 0.03212 0.00000 0.00000 0.00000 
124	2	0.65206 0.00000 0.00000 0.00000 0.00000 0.00000 0.00000 0.00000 0.18655 0.00000 0.00000 0.00000 0.16139 0.00000 0.00000 0.00000 
125	2	0.78112 0.00000 0.00000 0.00000 0.00000 0.00000 0.00000 0.00000 0.06636 0.00000 0.00000 0.00000 0.15252 0.00000 0.00000 0.00000 
126	2	0.50402 0.00000 0.00000 0.00000 0.00000 0.00000 0.00000 0.00000 0.35959 0.00000 0.00000 0.00000 0.13640 0.00000 0.00000 0.00000 
127	2	0.79907 0.00000 0.00000 0.00000 0.00001 0.00000 0.00000 0.00000 0.11961 0.00000 0.00000 0.00000 0.08131 0.00000 0.00000 0.00000 
128	2	0.26215 0.00000 0.00000 0.00000 0.00000 0.00000 0.00000 0.00000 0.69603 0.00000 0.00000 0.00000 0.04182 0.00000 0.00000 0.00000 
129	2	0.31670 0.00000 0.00000 0.00000 0.00000 0.00000 0.00000 0.00000 0.62721 0.00000 0.00000 0.00000 0.05610 0.00000 0.00000 0.00000 
130	2	0.22932 0.00000 0.00000 0.00000 0.00000 0.00000 0.00000 0.00000 0.71232 0.00000 0.00000 0.00000 0.05836 0.00000 0.00000 0.00000 
131	2	0.41808 0.00000 0.00000 0.00000 0.00000 0.00000 0.00000 0.00000 0.34555 0.00000 0.00000 0.00000 0.23637 0.00000 0.00000 0.00000 
132	2	0.42998 0.00000 0.00000 0.00000 0.00001 0.00000 0.00000 0.00000 0.21041 0.00000 0.00000 0.00000 0.35960 0.00000 0.00000 0.00000 
133	2	0.72786 0.00000 0.00000 0.00000 0.00000 0.00000 0.00000 0.00000 0.15034 0.00000 0.00000 0.00000 0.12179 0.00000 0.00000 0.00000 
134	2	0.31246 0.00000 0.00000 0.00000 0.00000 0.00000 0.00000 0.00000 0.63592 0.00000 0.00000 0.00000 0.05162 0.00000 0.00000 0.00000 
135	2	0.23312 0.00000 0.00000 0.00000 0.00000 0.00000 0.00000 0.00000 0.49686 0.00000 0.00000 0.00000 0.27002 0.00000 0.00000 0.00000 
136	2	0.26784 0.00000 0.00000 0.00000 0.00000 0.00000 0.00000 0.00000 0.36815 0.00000 0.00000 0.00000 0.36401 0.00000 0.00000 0.00000 
137	2	0.40412 0.00000 0.00000 0.00000 0.00000 0.00000 0.00000 0.00000 0.54600 0.00000 0.00000 0.00000 0.04988 0.00000 0.00000 0.00000 
138	2	0.69068 0.00000 0.00000 0.00000 0.00000 0.00000 0.00000 0.00000 0.23784 0.00000 0.00000 0.00000 0.07147 0.00000 0.00000 0.00000 
139	2	0.77007 0.00000 0.00000 0.00000 0.00000 0.00000 0.00000 0.00000 0.12787 0.00000 0.00000 0.00000 0.10205 0.00000 0.00000 0.00000 
140	3	0.72901 0.00000 0.00000 0.00000 0.01560 0.00000 0.00000 0.00000 0.04100 0.00000 0.00000 0.00000 0.21439 0.00000 0.00000 0.00000 
141	3	0.54428 0.00000 0.00000 0.00000 0.00945 0.00000 0.00000 0.00000 0.11747 0.00000 0.00000 0.00000 0.32879 0.00000 0.00000 0.00000 
142	3	0.76692 0.00000 0.00000 0.00000 0.00056 0.00000 0.00000 0.00000 0.08087 0.00000 0.00000 0.00000 0.15165 0.00000 0.00000 0.00000 
143	3	0.67980 0.00000 0.00000 0.00000 0.00966 0.00000 0.00000 0.00000 0.12868 0.00000 0.00000 0.00000 0.18186 0.00000 0.00000 0.00000 
144	3	0.66330 0.00000 0.00000 0.00000 0.00120 0.00000 0.00000 0.00000 0.14964 0.00000 0.00000 0.00000 0.18585 0.00000 0.00000 0.00000 
145	3	0.54275 0.00000 0.00000 0.00000 0.00062 0.00000 0.00000 0.00000 0.26975 0.00000 0.00000 0.00000 0.18688 0.00000 0.00000 0.00000 
146	3	0.52847 0.00000 0.00000 0.00000 0.00072 0.00000 0.00000 0.00000 0.20387 0.00000 0.00000 0.00000 0.26693 0.00000 0.00000 0.00000 
147	3	0.67518 0.00000 0.00000 0.00000 0.00522 0.00000 0.00000 0.00000 0.08797 0.00000 0.00000 0.00000 0.23164 0.00000 0.00000 0.00000 
148	3	0.53541 0.00000 0.00000 0.00000 0.02830 0.00000 0.00000 0.00000 0.11707 0.00000 0.00000 0.00000 0.31922 0.00000 0.00000 0.00000 
149	3	0.43535 0.00000 0.00000 0.00000 0.02257 0.00000 0.00000 0.00000 0.02229 0.00000 0.00000 0.00000 0.51979 0.00000 0.00000 0.00000 
150	3	0.38498 0.00000 0.00000 0.00000 0.02615 0.00000 0.00000 0.00000 0.02772 0.00000 0.00000 0.00000 0.56115 0.00000 0.00000 0.00000 
151	3	0.36024 0.00000 0.00000 0.00000 0.03350 0.00000 0.00000 0.00000 0.03532 0.00000 0.00000 0.00000 0.57094 0.00000 0.00000 0.00000 
152	3	0.45954 0.00000 0.00000 0.00000 0.04775 0.00000 0.00000 0.00000 0.02482 0.00000 0.00000 0.00000 0.46789 0.00000 0.00000 0.00000 
153	3	0.66431 0.00000 0.00000 0.00000 0.00282 0.00000 0.00000 0.00000 0.10788 0.00000 0.00000 0.00000 0.22498 0.00000 0.00000 0.00000 
154	3	0.59907 0.00000 0.00000 0.00000 0.00652 0.00000 0.00000 0.00000 0.13152 0.00000 0.00000 0.00000 0.26289 0.00000 0.00000 0.00000 
155	3	0.38103 0.00000 0.00000 0.00000 0.27996 0.00000 0.00000 0.00000 0.00005 0.00000 0.00000 0.00000 0.33897 0.00000 0.00000 0.00000 
156	3	0.56732 0.00000 0.00000 0.00000 0.20774 0.00000 0.00000 0.00000 0.00007 0.00000 0.00000 0.00000 0.22487 0.00000 0.00000 0.00000 
157	3	0.47682 0.00000 0.00000 0.00000 0.32066 0.00000 0.00000 0.00000 0.00007 0.00000 0.00000 0.00000 0.20246 0.00000 0.00000 0.00000 
158	3	0.36830 0.00000 0.00000 0.00000 0.54206 0.00000 0.00000 0.00000 0.00009 0.00000 0.00000 0.00000 0.08955 0.00000 0.00000 0.00000 
159	3	0.52245 0.00000 0.00000 0.00000 0.39126 0.00000 0.00000 0.00000 0.00014 0.00000 0.00000 0.00000 0.08615 0.00000 0.00000 0.00000 
160	3	0.14552 0.00000 0.00000 0.00000 0.77920 0.00000 0.00000 0.00000 0.00001 0.00000 0.00000 0.00000 0.07527 0.00000 0.00000 0.00000 
161	3	0.80201 0.00000 0.00000 0.00000 0.18421 0.00000 0.00000 0.00000 0.00000 0.00000 0.00000 0.00000 0.01378 0.00000 0.00000 0.00000 
162	3	0.21427 0.00000 0.00000 0.00000 0.00002 0.00000 0.00000 0.00000 0.33070 0.00000 0.00000 0.00000 0.45500 0.00000 0.00000 0.00000 
163	3	0.60889 0.00000 0.00000 0.00000 0.30772 0.00000 0.00000 0.00000 0.00007 0.00000 0.00000 0.00000 0.08332 0.00000 0.00000 0.00000 
164	3	0.53992 0.00000 0.00000 0.00000 0.32232 0.00000 0.00000 0.00000 0.00006 0.00000 0.00000 0.00000 0.13770 0.00000 0.00000 0.00000 
165	3	0.62898 0.00000 0.00000 0.00000 0.00066 0.00000 0.00000 0.00000 0.13937 0.00000 0.00000 0.00000 0.23100 0.00000 0.00000 0.00000 
166	3	0.80864 0.00000 0.00000 0.00000 0.00002 0.00000 0.00000 0.00000 0.03538 0.00000 0.00000 0.00000 0.15596 0.00000 0.00000 0.00000 
167	3	0.80946 0.00000 0.00000 0.00000 0.00002 0.00000 0.00000 0.00000 0.03411 0.00000 0.00000 0.00000 0.15641 0.00000 0.00000 0.00000 
168	3	0.69334 0.00000 0.00000 0.00000 0.00011 0.00000 0.00000 0.00000 0.02980 0.00000 0.00000 0.00000 0.27675 0.00000 0.00000 0.00000 
169	3	0.76082 0.00000 0.00000 0.00000 0.00034 0.00000 0.00000 0.00000 0.03262 0.00000 0.00000 0.00000 0.20622 0.00000 0.00000 0.00000 
170	3	0.63242 0.00000 0.00000 0.00000 0.00041 0.00000 0.00000 0.00000 0.17308 0.00000 0.00000 0.00000 0.19408 0.00000 0.00000 0.00000 
171	3	0.41255 0.00000 0.00000 0.00000 0.00004 0.00000 0.00000 0.00000 0.11467 0.00000 0.00000 0.00000 0.47274 0.00000 0.00000 0.00000 
172	3	0.42207 0.00000 0.00000 0.00000 0.00031 0.00000 0.00000 0.00000 0.15334 0.00000 0.00000 0.00000 0.42428 0.00000 0.00000 0.00000 
173	3	0.69810 0.00000 0.00000 0.00000 0.00281 0.00000 0.00000 0.00000 0.12421 0.00000 0.00000 0.00000 0.17489 0.00000 0.00000 0.00000 
174	3	0.73099 0.00000 0.00000 0.00000 0.00014 0.00000 0.00000 0.00000 0.05653 0.00000 0.00000 0.00000 0.21234 0.00000 0.00000 0.00000 
175	3	0.64050 0.00000 0.00000 0.00000 0.00009 0.00000 0.00000 0.00000 0.11566 0.00000 0.00000 0.00000 0.24375 0.00000 0.00000 0.00000 
176	3	0.68058 0.00000 0.00000 0.00000 0.00006 0.00000 0.00000 0.00000 0.09602 0.00000 0.00000 0.00000 0.22334 0.00000 0.00000 0.00000 
177	3	0.70125 0.00000 0.00000 0.00000 0.00009 0.00000 0.00000 0.00000 0.07127 0.00000 0.00000 0.00000 0.22739 0.00000 0.00000 0.00000 
178	3	0.79379 0.00000 0.00000 0.00000 0.00018 0.00000 0.00000 0.00000 0.09412 0.00000 0.00000 0.00000 0.11191 0.00000 0.00000 0.00000 
179	3	0.72003 0.00000 0.00000 0.00000 0.00030 0.00000 0.00000 0.00000 0.12365 0.00000 0.00000 0.00000 0.15602 0.00000 0.00000 0.00000 
180	3	0.69604 0.00000 0.00000 0.00000 0.00008 0.00000 0.00000 0.00000 0.18171 0.00000 0.00000 0.00000 0.12217 0.00000 0.00000 0.00000 
181	3	0.75144 0.00000 0.00000 0.00000 0.00005 0.00000 0.00000 0.00000 0.19622 0.00000 0.00000 0.00000 0.05230 0.00000 0.00000 0.00000 
182	3	0.50038 0.00000 0.00000 0.00000 0.00014 0.00000 0.00000 0.00000 0.21288 0.00000 0.00000 0.00000 0.28659 0.00000 0.00000 0.00000 
183	3	0.74304 0.00000 0.00000 0.00000 0.00016 0.00000 0.00000 0.00000 0.17632 0.00000 0.00000 0.00000 0.08048 0.00000 0.00000 0.00000 
184	3	0.43996 0.00000 0.00000 0.00000 0.00368 0.00000 0.00000 0.00000 0.17280 0.00000 0.00000 0.00000 0.38356 0.00000 0.00000 0.00000 
185	3	0.41890 0.00000 0.00000 0.00000 0.00613 0.00000 0.00000 0.00000 0.18362 0.00000 0.00000 0.00000 0.39135 0.00000 0.00000 0.00000 
186	3	0.49487 0.00000 0.00000 0.00000 0.00036 0.00000 0.00000 0.00000 0.13822 0.00000 0.00000 0.00000 0.36655 0.00000 0.00000 0.00000 
187	3	0.47662 0.00000 0.00000 0.00000 0.00031 0.00000 0.00000 0.00000 0.15755 0.00000 0.00000 0.00000 0.36552 0.00000 0.00000 0.00000 
188	3	0.46883 0.00000 0.00000 0.00000 0.00066 0.00000 0.00000 0.00000 0.12831 0.00000 0.00000 0.00000 0.40220 0.00000 0.00000 0.00000 
189	3	0.35127 0.00000 0.00000 0.00000 0.00075 0.00000 0.00000 0.00000 0.27057 0.00000 0.00000 0.00000 0.37742 0.00000 0.00000 0.00000 
190	3	0.64950 0.00000 0.00000 0.00000 0.00329 0.00000 0.00000 0.00000 0.14816 0.00000 0.00000 0.00000 0.19905 0.00000 0.00000 0.00000 
191	3	0.50299 0.00000 0.00000 0.00000 0.00472 0.00000 0.00000 0.00000 0.14421 0.00000 0.00000 0.00000 0.34808 0.00000 0.00000 0.00000 
192	3	0.62819 0.00000 0.00000 0.00000 0.00450 0.00000 0.00000 0.00000 0.08549 0.00000 0.00000 0.00000 0.28182 0.00000 0.00000 0.00000 
193	3	0.51920 0.00000 0.00000 0.00000 0.00013 0.00000 0.00000 0.00000 0.22156 0.00000 0.00000 0.00000 0.25911 0.00000 0.00000 0.00000 
194	3	0.55882 0.00000 0.00000 0.00000 0.00034 0.00000 0.00000 0.00000 0.19380 0.00000 0.00000 0.00000 0.24703 0.00000 0.00000 0.00000 
195	3	0.62597 0.00000 0.00000 0.00000 0.00028 0.00000 0.00000 0.00000 0.09717 0.00000 0.00000 0.00000 0.27659 0.00000 0.00000 0.00000 
196	3	0.54524 0.00000 0.00000 0.00000 0.00035 0.00000 0.00000 0.00000 0.05585 0.00000 0.00000 0.00000 0.39857 0.00000 0.00000 0.00000 
197	3	0.70984 0.00000 0.00000 0.00000 0.00084 0.00000 0.00000 0.00000 0.05928 0.00000 0.00000 0.00000 0.23005 0.00000 0.00000 0.00000 
198	3	0.68688 0.00000 0.00000 0.00000 0.00083 0.00000 0.00000 0.00000 0.10338 0.00000 0.00000 0.00000 0.20891 0.00000 0.00000 0.00000 
199	3	0.70630 0.00000 0.00000 0.00000 0.01561 0.00000 0.00000 0.00000 0.02072 0.00000 0.00000 0.00000 0.25736 0.00000 0.00000 0.00000 
200	3	0.57081 0.00000 0.00000 0.00000 0.01430 0.00000 0.00000 0.00000 0.08966 0.00000 0.00000 0.00000 0.32523 0.00000 0.00000 0.00000 
201	3	0.72455 0.00000 0.00000 0.00000 0.00009 0.00000 0.00000 0.00000 0.17612 0.00000 0.00000 0.00000 0.09924 0.00000 0.00000 0.00000 
202	3	0.65705 0.00000 0.00000 0.00000 0.00005 0.00000 0.00000 0.00000 0.12978 0.00000 0.00000 0.00000 0.21311 0.00000 0.00000 0.00000 
203	3	0.65072 0.00000 0.00000 0.00000 0.00009 0.00000 0.00000 0.00000 0.15658 0.00000 0.00000 0.00000 0.19261 0.00000 0.00000 0.00000 
204	3	0.61145 0.00000 0.00000 0.00000 0.02037 0.00000 0.00000 0.00000 0.12545 0.00000 0.00000 0.00000 0.24273 0.00000 0.00000 0.00000 
205	3	0.85932 0.00000 0.00000 0.00000 0.00111 0.00000 0.00000 0.00000 0.06200 0.00000 0.00000 0.00000 0.07756 0.00000 0.00000 0.00000 
206	3	0.85211 0.00000 0.00000 0.00000 0.00099 0.00000 0.00000 0.00000 0.06720 0.00000 0.00000 0.00000 0.07970 0.00000 0.00000 0.00000 
207	3	0.77010 0.00000 0.00000 0.00000 0.00053 0.00000 0.00000 0.00000 0.15198 0.00000 0.00000 0.00000 0.07739 0.00000 0.00000 0.00000 
208	3	0.21447 0.00000 0.00000 0.00000 0.00083 0.00000 0.00000 0.00000 0.27098 0.00000 0.00000 0.00000 0.51372 0.00000 0.00000 0.00000 
209	3	0.38782 0.00000 0.00000 0.00000 0.00027 0.00000 0.00000 0.00000 0.24716 0.00000 0.00000 0.00000 0.36474 0.00000 0.00000 0.00000 
210	4	0.53347 0.00000 0.00000 0.00000 0.00013 0.00000 0.00000 0.00000 0.07659 0.00000 0.00000 0.00000 0.38980 0.00000 0.00000 0.00000 
211	4	0.53219 0.00000 0.00000 0.00000 0.00032 0.00000 0.00000 0.00000 0.06078 0.00000 0.00000 0.00000 0.40670 0.00000 0.00000 0.00000 
212	4	0.52035 0.00000 0.00000 0.00000 0.00112 0.00000 0.00000 0.00000 0.07300 0.00000 0.00000 0.00000 0.40553 0.00000 0.00000 0.00000 
213	4	0.55702 0.00000 0.00000 0.00000 0.00040 0.00000 0.00000 0.00000 0.20524 0.00000 0.00000 0.00000 0.23734 0.00000 0.00000 0.00000 
214	4	0.48342 0.00000 0.00000 0.00000 0.00000 0.00000 0.00000 0.00000 0.18872 0.00000 0.00000 0.00000 0.32785 0.00000 0.00000 0.00000 
215	4	0.45012 0.00000 0.00000 0.00000 0.00001 0.00000 0.00000 0.00000 0.26187 0.00000 0.00000 0.00000 0.28800 0.00000 0.00000 0.00000 
216	4	0.32038 0.00000 0.00000 0.00000 0.00000 0.00000 0.00000 0.00000 0.45444 0.00000 0.00000 0.00000 0.22518 0.00000 0.00000 0.00000 
217	4	0.11354 0.00000 0.00000 0.00000 0.00075 0.00000 0.00000 0.00000 0.56513 0.00000 0.00000 0.00000 0.32058 0.00000 0.00000 0.00000 
218	4	0.81574 0.00000 0.00000 0.00000 0.02826 0.00000 0.00000 0.00000 0.00038 0.00000 0.00000 0.00000 0.15562 0.00000 0.00000 0.00000 
219	4	0.74833 0.00000 0.00000 0.00000 0.00314 0.00000 0.00000 0.00000 0.01177 0.00000 0.00000 0.00000 0.23676 0.00000 0.00000 0.00000 
220	4	0.29250 0.00000 0.00000 0.00000 0.00182 0.00000 0.00000 0.00000 0.24008 0.00000 0.00000 0.00000 0.46560 0.00000 0.00000 0.00000 
221	4	0.51894 0.00000 0.00000 0.00000 0.00169 0.00000 0.00000 0.00000 0.01674 0.00000 0.00000 0.00000 0.46264 0.00000 0.00000 0.00000 
222	4	0.60437 0.00000 0.00000 0.00000 0.00366 0.00000 0.00000 0.00000 0.04912 0.00000 0.00000 0.00000 0.34285 0.00000 0.00000 0.00000 
223	4	0.35106 0.00000 0.00000 0.00000 0.00036 0.00000 0.00000 0.00000 0.04422 0.00000 0.00000 0.00000 0.60437 0.00000 0.00000 0.00000 
224	4	0.48322 0.00000 0.00000 0.00000 0.00012 0.00000 0.00000 0.00000 0.15337 0.00000 0.00000 0.00000 0.36329 0.00000 0.00000 0.00000 
225	4	0.72012 0.00000 0.00000 0.00000 0.00208 0.00000 0.00000 0.00000 0.00855 0.00000 0.00000 0.00000 0.26925 0.00000 0.00000 0.00000 
226	4	0.43315 0.00000 0.00000 0.00000 0.00221 0.00000 0.00000 0.00000 0.26852 0.00000 0.00000 0.00000 0.29612 0.00000 0.00000 0.00000 
227	4	0.40525 0.00000 0.00000 0.00000 0.01659 0.00000 0.00000 0.00000 0.03000 0.00000 0.00000 0.00000 0.54816 0.00000 0.00000 0.00000 
228	4	0.52840 0.00000 0.00000 0.00000 0.00276 0.00000 0.00000 0.00000 0.15779 0.00000 0.00000 0.00000 0.31105 0.00000 0.00000 0.00000 
229	4	0.60406 0.00000 0.00000 0.00000 0.00853 0.00000 0.00000 0.00000 0.06791 0.00000 0.00000 0.00000 0.31950 0.00000 0.00000 0.00000 
230	4	0.64479 0.00000 0.00000 0.00000 0.00091 0.00000 0.00000 0.00000 0.07815 0.00000 0.00000 0.00000 0.27615 0.00000 0.00000 0.00000 
231	4	0.39244 0.00000 0.00000 0.00000 0.00037 0.00000 0.00000 0.00000 0.22156 0.00000 0.00000 0.00000 0.38563 0.00000 0.00000 0.00000 
232	4	0.42584 0.00000 0.00000 0.00000 0.10345 0.00000 0.00000 0.00000 0.15412 0.00000 0.00000 0.00000 0.31658 0.00000 0.00000 0.00000 
233	4	0.51177 0.00000 0.00000 0.00000 0.04175 0.00000 0.00000 0.00000 0.03579 0.00000 0.00000 0.00000 0.41068 0.00000 0.00000 0.00000 
234	4	0.55470 0.00000 0.00000 0.00000 0.01487 0.00000 0.00000 0.00000 0.20436 0.00000 0.00000 0.00000 0.22607 0.00000 0.00000 0.00000 
235	4	0.61546 0.00000 0.00000 0.00000 0.00751 0.00000 0.00000 0.00000 0.12237 0.00000 0.00000 0.00000 0.25466 0.00000 0.00000 0.00000 
236	4	0.53680 0.00000 0.00000 0.00000 0.00066 0.00000 0.00000 0.00000 0.25035 0.00000 0.00000 0.00000 0.21219 0.00000 0.00000 0.00000 
237	4	0.55257 0.00000 0.00000 0.00000 0.00151 0.00000 0.00000 0.00000 0.11075 0.00000 0.00000 0.00000 0.33518 0.00000 0.00000 0.00000 
238	4	0.76815 0.00000 0.00000 0.00000 0.00000 0.00000 0.00000 0.00000 0.03095 0.00000 0.00000 0.00000 0.20090 0.00000 0.00000 0.00000 
239	4	0.71419 0.00000 0.00000 0.00000 0.00000 0.00000 0.00000 0.00000 0.26510 0.00000 0.00000 0.00000 0.02071 0.00000 0.00000 0.00000 
240	4	0.96577 0.00000 0.00000 0.00000 0.00000 0.00000 0.00000 0.00000 0.01838 0.00000 0.00000 0.00000 0.01585 0.00000 0.00000 0.00000 
241	4	0.69754 0.00000 0.00000 0.00000 0.00000 0.00000 0.00000 0.00000 0.10503 0.00000 0.00000 0.00000 0.19742 0.00000 0.00000 0.00000 
242	4	0.67050 0.00000 0.00000 0.00000 0.00000 0.00000 0.00000 0.00000 0.10627 0.00000 0.00000 0.00000 0.22323 0.00000 0.00000 0.00000 
243	4	0.55409 0.00000 0.00000 0.00000 0.00000 0.00000 0.00000 0.00000 0.12085 0.00000 0.00000 0.00000 0.32506 0.00000 0.00000 0.00000 
244	4	0.64632 0.00000 0.00000 0.00000 0.00000 0.00000 0.00000 0.00000 0.13635 0.00000 0.00000 0.00000 0.21733 0.00000 0.00000 0.00000 
245	4	0.69210 0.00000 0.00000 0.00000 0.00000 0.00000 0.00000 0.00000 0.08511 0.00000 0.00000 0.00000 0.22279 0.00000 0.00000 0.00000 
246	4	0.74755 0.00000 0.00000 0.00000 0.00000 0.00000 0.00000 0.00000 0.07717 0.00000 0.00000 0.00000 0.17529 0.00000 0.00000 0.00000 
247	4	0.83774 0.00000 0.00000 0.00000 0.00000 0.00000 0.00000 0.00000 0.04068 0.00000 0.00000 0.00000 0.12158 0.00000 0.00000 0.00000 
248	4	0.56293 0.00000 0.00000 0.00000 0.00000 0.00000 0.00000 0.00000 0.04767 0.00000 0.00000 0.00000 0.38940 0.00000 0.00000 0.00000 
249	4	0.59442 0.00000 0.00000 0.00000 0.00000 0.00000 0.00000 0.00000 0.25931 0.00000 0.00000 0.00000 0.14627 0.00000 0.00000 0.00000 
250	4	0.44238 0.00000 0.00000 0.00000 0.00000 0.00000 0.00000 0.00000 0.40367 0.00000 0.00000 0.00000 0.15395 0.00000 0.00000 0.00000 
251	4	0.65068 0.00000 0.00000 0.00000 0.00535 0.00000 0.00000 0.00000 0.05627 0.00000 0.00000 0.00000 0.28770 0.00000 0.00000 0.00000 
252	4	0.55372 0.00000 0.00000 0.00000 0.00026 0.00000 0.00000 0.00000 0.02254 0.00000 0.00000 0.00000 0.42347 0.00000 0.00000 0.00000 
253	4	0.50304 0.00000 0.00000 0.00000 0.00045 0.00000 0.00000 0.00000 0.03882 0.00000 0.00000 0.00000 0.45769 0.00000 0.00000 0.00000 
254	4	0.60498 0.00000 0.00000 0.00000 0.00145 0.00000 0.00000 0.00000 0.02080 0.00000 0.00000 0.00000 0.37277 0.00000 0.00000 0.00000 
255	4	0.61866 0.00000 0.00000 0.00000 0.00095 0.00000 0.00000 0.00000 0.01614 0.00000 0.00000 0.00000 0.36425 0.00000 0.00000 0.00000 
256	4	0.52957 0.00000 0.00000 0.00000 0.00058 0.00000 0.00000 0.00000 0.03534 0.00000 0.00000 0.00000 0.43451 0.00000 0.00000 0.00000 
257	4	0.42123 0.00000 0.00000 0.00000 0.00003 0.00000 0.00000 0.00000 0.15525 0.00000 0.00000 0.00000 0.42349 0.00000 0.00000 0.00000 
258	4	0.77601 0.00000 0.00000 0.00000 0.01385 0.00000 0.00000 0.00000 0.01876 0.00000 0.00000 0.00000 0.19138 0.00000 0.00000 0.00000 
259	4	0.52738 0.00000 0.00000 0.00000 0.01506 0.00000 0.00000 0.00000 0.10295 0.00000 0.00000 0.00000 0.35461 0.00000 0.00000 0.00000 
260	4	0.52281 0.00000 0.00000 0.00000 0.01902 0.00000 0.00000 0.00000 0.05962 0.00000 0.00000 0.00000 0.39855 0.00000 0.00000 0.00000 
261	4	0.51232 0.00000 0.00000 0.00000 0.00029 0.00000 0.00000 0.00000 0.33885 0.00000 0.00000 0.00000 0.14853 0.00000 0.00000 0.00000 
262	4	0.40352 0.00000 0.00000 0.00000 0.00340 0.00000 0.00000 0.00000 0.43085 0.00000 0.00000 0.00000 0.16223 0.00000 0.00000 0.00000 
263	4	0.46795 0.00000 0.00000 0.00000 0.00452 0.00000 0.00000 0.00000 0.41471 0.00000 0.00000 0.00000 0.11282 0.00000 0.00000 0.00000 
264	4	0.58465 0.00000 0.00000 0.00000 0.00080 0.00000 0.00000 0.00000 0.02678 0.00000 0.00000 0.00000 0.38777 0.00000 0.00000 0.00000 
265	4	0.57264 0.00000 0.00000 0.00000 0.00090 0.00000 0.00000 0.00000 0.02910 0.00000 0.00000 0.00000 0.39736 0.00000 0.00000 0.00000 
266	4	0.53155 0.00000 0.00000 0.00000 0.00046 0.00000 0.00000 0.00000 0.02305 0.00000 0.00000 0.00000 0.44494 0.00000 0.00000 0.00000 
267	4	0.50188 0.00000 0.00000 0.00000 0.00078 0.00000 0.00000 0.00000 0.03704 0.00000 0.00000 0.00000 0.46030 0.00000 0.00000 0.00000 
268	4	0.54862 0.00000 0.00000 0.00000 0.00000 0.00000 0.00000 0.00000 0.18743 0.00000 0.00000 0.00000 0.26394 0.00000 0.00000 0.00000 
269	4	0.62422 0.00000 0.00000 0.00000 0.00002 0.00000 0.00000 0.00000 0.15907 0.00000 0.00000 0.00000 0.21668 0.00000 0.00000 0.00000 
270	4	0.62010 0.00000 0.00000 0.00000 0.00001 0.00000 0.00000 0.00000 0.08748 0.00000 0.00000 0.00000 0.29241 0.00000 0.00000 0.00000 
271	4	0.63533 0.00000 0.00000 0.00000 0.00002 0.00000 0.00000 0.00000 0.08600 0.00000 0.00000 0.00000 0.27864 0.00000 0.00000 0.00000 
272	4	0.73617 0.00000 0.00000 0.00000 0.00000 0.00000 0.00000 0.00000 0.08907 0.00000 0.00000 0.00000 0.17475 0.00000 0.00000 0.00000 
273	4	0.67957 0.00000 0.00000 0.00000 0.00000 0.00000 0.00000 0.00000 0.08228 0.00000 0.00000 0.00000 0.23815 0.00000 0.00000 0.00000 
274	4	0.66875 0.00000 0.00000 0.00000 0.00000 0.00000 0.00000 0.00000 0.16572 0.00000 0.00000 0.00000 0.16552 0.00000 0.00000 0.00000 
275	4	0.45440 0.00000 0.00000 0.00000 0.03836 0.00000 0.00000 0.00000 0.24018 0.00000 0.00000 0.00000 0.26706 0.00000 0.00000 0.00000 
276	4	0.17954 0.00000 0.00000 0.00000 0.04900 0.00000 0.00000 0.00000 0.14909 0.00000 0.00000 0.00000 0.62236 0.00000 0.00000 0.00000 
277	4	0.67096 0.00000 0.00000 0.00000 0.04710 0.00000 0.00000 0.00000 0.00107 0.00000 0.00000 0.00000 0.28087 0.00000 0.00000 0.00000 
278	4	0.67865 0.00000 0.00000 0.00000 0.05191 0.00000 0.00000 0.00000 0.00003 0.00000 0.00000 0.00000 0.26940 0.00000 0.00000 0.00000 
279	4	0.79759 0.00000 0.00000 0.00000 0.09950 0.00000 0.00000 0.00000 0.00000 0.00000 0.00000 0.00000 0.10292 0.00000 0.00000 0.00000 
280	5	0.33803 0.00000 0.00000 0.00000 0.00010 0.00000 0.00000 0.00000 0.10841 0.00000 0.00000 0.00000 0.55346 0.00000 0.00000 0.00000 
281	5	0.68910 0.00000 0.00000 0.00000 0.00000 0.00000 0.00000 0.00000 0.15798 0.00000 0.00000 0.00000 0.15292 0.00000 0.00000 0.00000 
282	5	0.54502 0.00000 0.00000 0.00000 0.00004 0.00000 0.00000 0.00000 0.11141 0.00000 0.00000 0.00000 0.34353 0.00000 0.00000 0.00000 
283	5	0.17432 0.00000 0.00000 0.00000 0.00000 0.00000 0.00000 0.00000 0.25121 0.00000 0.00000 0.00000 0.57447 0.00000 0.00000 0.00000 
284	5	0.27511 0.00000 0.00000 0.00000 0.00000 0.00000 0.00000 0.00000 0.26810 0.00000 0.00000 0.00000 0.45679 0.00000 0.00000 0.00000 
285	5	0.22186 0.00000 0.00000 0.00000 0.00000 0.00000 0.00000 0.00000 0.39289 0.00000 0.00000 0.00000 0.38525 0.00000 0.00000 0.00000 
286	5	0.58033 0.00000 0.00000 0.00000 0.00000 0.00000 0.00000 0.00000 0.05574 0.00000 0.00000 0.00000 0.36393 0.00000 0.00000 0.00000 
287	5	0.59002 0.00000 0.00000 0.00000 0.00000 0.00000 0.00000 0.00000 0.25707 0.00000 0.00000 0.00000 0.15291 0.00000 0.00000 0.00000 
288	5	0.47053 0.00000 0.00000 0.00000 0.00273 0.00000 0.00000 0.00000 0.06556 0.00000 0.00000 0.00000 0.46118 0.00000 0.00000 0.00000 
289	5	0.13231 0.00000 0.00000 0.00000 0.00000 0.00000 0.00000 0.00000 0.35017 0.00000 0.00000 0.00000 0.51752 0.00000 0.00000 0.00000 
290	5	0.17337 0.00000 0.00000 0.00000 0.00000 0.00000 0.00000 0.00000 0.39027 0.00000 0.00000 0.00000 0.43636 0.00000 0.00000 0.00000 
291	5	0.37912 0.00000 0.00000 0.00000 0.00000 0.00000 0.00000 0.00000 0.50467 0.00000 0.00000 0.00000 0.11621 0.00000 0.00000 0.00000 
292	5	0.25805 0.00000 0.00000 0.00000 0.00000 0.00000 0.00000 0.00000 0.23079 0.00000 0.00000 0.00000 0.51116 0.00000 0.00000 0.00000 
293	5	0.52517 0.00000 0.00000 0.00000 0.00000 0.00000 0.00000 0.00000 0.38837 0.00000 0.00000 0.00000 0.08645 0.00000 0.00000 0.00000 
294	5	0.24463 0.00000 0.00000 0.00000 0.00000 0.00000 0.00000 0.00000 0.60721 0.00000 0.00000 0.00000 0.14816 0.00000 0.00000 0.00000 
295	5	0.62864 0.00000 0.00000 0.00000 0.02460 0.00000 0.00000 0.00000 0.02004 0.00000 0.00000 0.00000 0.32672 0.00000 0.00000 0.00000 
296	5	0.39942 0.00000 0.00000 0.00000 0.00200 0.00000 0.00000 0.00000 0.12308 0.00000 0.00000 0.00000 0.47550 0.00000 0.00000 0.00000 
297	5	0.36067 0.00000 0.00000 0.00000 0.02049 0.00000 0.00000 0.00000 0.02872 0.00000 0.00000 0.00000 0.59012 0.00000 0.00000 0.00000 
298	5	0.51768 0.00000 0.00000 0.00000 0.02040 0.00000 0.00000 0.00000 0.01777 0.00000 0.00000 0.00000 0.44415 0.00000 0.00000 0.00000 
299	5	0.34349 0.00000 0.00000 0.00000 0.00235 0.00000 0.00000 0.00000 0.17397 0.00000 0.00000 0.00000 0.48019 0.00000 0.00000 0.00000 
300	5	0.41558 0.00000 0.00000 0.00000 0.00275 0.00000 0.00000 0.00000 0.12129 0.00000 0.00000 0.00000 0.46037 0.00000 0.00000 0.00000 
301	5	0.57337 0.00000 0.00000 0.00000 0.00003 0.00000 0.00000 0.00000 0.08399 0.00000 0.00000 0.00000 0.34262 0.00000 0.00000 0.00000 
302	5	0.45478 0.00000 0.00000 0.00000 0.00000 0.00000 0.00000 0.00000 0.17510 0.00000 0.00000 0.00000 0.37012 0.00000 0.00000 0.00000 
303	5	0.56465 0.00000 0.00000 0.00000 0.00000 0.00000 0.00000 0.00000 0.15449 0.00000 0.00000 0.00000 0.28085 0.00000 0.00000 0.00000 
304	5	0.57118 0.00000 0.00000 0.00000 0.00192 0.00000 0.00000 0.00000 0.03579 0.00000 0.00000 0.00000 0.39111 0.00000 0.00000 0.00000 
305	5	0.82977 0.00000 0.00000 0.00000 0.00017 0.00000 0.00000 0.00000 0.02297 0.00000 0.00000 0.00000 0.14708 0.00000 0.00000 0.00000 
306	5	0.65481 0.00000 0.00000 0.00000 0.02164 0.00000 0.00000 0.00000 0.02217 0.00000 0.00000 0.00000 0.30137 0.00000 0.00000 0.00000 
307	5	0.53005 0.00000 0.00000 0.00000 0.03204 0.00000 0.00000 0.00000 0.07618 0.00000 0.00000 0.00000 0.36173 0.00000 0.00000 0.00000 
308	5	0.66129 0.00000 0.00000 0.00000 0.00924 0.00000 0.00000 0.00000 0.08558 0.00000 0.00000 0.00000 0.24389 0.00000 0.00000 0.00000 
309	5	0.80463 0.00000 0.00000 0.00000 0.00745 0.00000 0.00000 0.00000 0.05268 0.00000 0.00000 0.00000 0.13524 0.00000 0.00000 0.00000 
310	5	0.60483 0.00000 0.00000 0.00000 0.00012 0.00000 0.00000 0.00000 0.06172 0.00000 0.00000 0.00000 0.33333 0.00000 0.00000 0.00000 
311	5	0.52695 0.00000 0.00000 0.00000 0.00250 0.00000 0.00000 0.00000 0.08769 0.00000 0.00000 0.00000 0.38286 0.00000 0.00000 0.00000 
312	5	0.54317 0.00000 0.00000 0.00000 0.04130 0.00000 0.00000 0.00000 0.06838 0.00000 0.00000 0.00000 0.34715 0.00000 0.00000 0.00000 
313	5	0.45902 0.00000 0.00000 0.00000 0.04577 0.00000 0.00000 0.00000 0.01320 0.00000 0.00000 0.00000 0.48201 0.00000 0.00000 0.00000 
314	5	0.78615 0.00000 0.00000 0.00000 0.02950 0.00000 0.00000 0.00000 0.06952 0.00000 0.00000 0.00000 0.11484 0.00000 0.00000 0.00000 
315	5	0.51907 0.00000 0.00000 0.00000 0.05311 0.00000 0.00000 0.00000 0.06367 0.00000 0.00000 0.00000 0.36415 0.00000 0.00000 0.00000 
316	5	0.58571 0.00000 0.00000 0.00000 0.04665 0.00000 0.00000 0.00000 0.04635 0.00000 0.00000 0.00000 0.32129 0.00000 0.00000 0.00000 
317	5	0.74495 0.00000 0.00000 0.00000 0.00812 0.00000 0.00000 0.00000 0.02821 0.00000 0.00000 0.00000 0.21871 0.00000 0.00000 0.00000 
318	5	0.41865 0.00000 0.00000 0.00000 0.09124 0.00000 0.00000 0.00000 0.03367 0.00000 0.00000 0.00000 0.45645 0.00000 0.00000 0.00000 
319	5	0.66250 0.00000 0.00000 0.00000 0.00110 0.00000 0.00000 0.00000 0.03715 0.00000 0.00000 0.00000 0.29924 0.00000 0.00000 0.00000 
320	5	0.68828 0.00000 0.00000 0.00000 0.00962 0.00000 0.00000 0.00000 0.03172 0.00000 0.00000 0.00000 0.27037 0.00000 0.00000 0.00000 
321	5	0.84580 0.00000 0.00000 0.00000 0.08843 0.00000 0.00000 0.00000 0.02236 0.00000 0.00000 0.00000 0.04341 0.00000 0.00000 0.00000 
322	5	0.27414 0.00000 0.00000 0.00000 0.22590 0.00000 0.00000 0.00000 0.30531 0.00000 0.00000 0.00000 0.19465 0.00000 0.00000 0.00000 
323	5	0.82654 0.00000 0.00000 0.00000 0.00107 0.00000 0.00000 0.00000 0.02224 0.00000 0.00000 0.00000 0.15015 0.00000 0.00000 0.00000 
324	5	0.83432 0.00000 0.00000 0.00000 0.00079 0.00000 0.00000 0.00000 0.01280 0.00000 0.00000 0.00000 0.15210 0.00000 0.00000 0.00000 
325	5	0.75509 0.00000 0.00000 0.00000 0.00774 0.00000 0.00000 0.00000 0.02655 0.00000 0.00000 0.00000 0.21062 0.00000 0.00000 0.00000 
326	5	0.82797 0.00000 0.00000 0.00000 0.00264 0.00000 0.00000 0.00000 0.05260 0.00000 0.00000 0.00000 0.11679 0.00000 0.00000 0.00000 
327	5	0.68481 0.00000 0.00000 0.00000 0.00027 0.00000 0.00000 0.00000 0.02508 0.00000 0.00000 0.00000 0.28984 0.00000 0.00000 0.00000 
328	5	0.65187 0.00000 0.00000 0.00000 0.00267 0.00000 0.00000 0.00000 0.02125 0.00000 0.00000 0.00000 0.32420 0.00000 0.00000 0.00000 
329	5	0.78473 0.00000 0.00000 0.00000 0.00064 0.00000 0.00000 0.00000 0.01836 0.00000 0.00000 0.00000 0.19627 0.00000 0.00000 0.00000 
330	5	0.12694 0.00000 0.00000 0.00000 0.00091 0.00000 0.00000 0.00000 0.03326 0.00000 0.00000 0.00000 0.83889 0.00000 0.00000 0.00000 
331	5	0.07845 0.00000 0.00000 0.00000 0.00017 0.00000 0.00000 0.00000 0.01618 0.00000 0.00000 0.00000 0.90519 0.00000 0.00000 0.00000 
332	5	0.16484 0.00000 0.00000 0.00000 0.00015 0.00000 0.00000 0.00000 0.05595 0.00000 0.00000 0.00000 0.77906 0.00000 0.00000 0.00000 
333	5	0.58205 0.00000 0.00000 0.00000 0.03791 0.00000 0.00000 0.00000 0.03252 0.00000 0.00000 0.00000 0.34752 0.00000 0.00000 0.00000 
334	5	0.46446 0.00000 0.00000 0.00000 0.01131 0.00000 0.00000 0.00000 0.03977 0.00000 0.00000 0.00000 0.48446 0.00000 0.00000 0.00000 
335	5	0.34328 0.00000 0.00000 0.00000 0.03417 0.00000 0.00000 0.00000 0.05238 0.00000 0.00000 0.00000 0.57017 0.00000 0.00000 0.00000 
336	5	0.39912 0.00000 0.00000 0.00000 0.03957 0.00000 0.00000 0.00000 0.04508 0.00000 0.00000 0.00000 0.51622 0.00000 0.00000 0.00000 
337	5	0.46104 0.00000 0.00000 0.00000 0.06050 0.00000 0.00000 0.00000 0.06915 0.00000 0.00000 0.00000 0.40931 0.00000 0.00000 0.00000 
338	5	0.63991 0.00000 0.00000 0.00000 0.00099 0.00000 0.00000 0.00000 0.21555 0.00000 0.00000 0.00000 0.14355 0.00000 0.00000 0.00000 
339	5	0.61188 0.00000 0.00000 0.00000 0.00277 0.00000 0.00000 0.00000 0.23176 0.00000 0.00000 0.00000 0.15359 0.00000 0.00000 0.00000 
340	5	0.86044 0.00000 0.00000 0.00000 0.00001 0.00000 0.00000 0.00000 0.02622 0.00000 0.00000 0.00000 0.11333 0.00000 0.00000 0.00000 
341	5	0.81301 0.00000 0.00000 0.00000 0.00011 0.00000 0.00000 0.00000 0.03082 0.00000 0.00000 0.00000 0.15606 0.00000 0.00000 0.00000 
342	5	0.81462 0.00000 0.00000 0.00000 0.00000 0.00000 0.00000 0.00000 0.07081 0.00000 0.00000 0.00000 0.11457 0.00000 0.00000 0.00000 
343	5	0.75522 0.00000 0.00000 0.00000 0.00003 0.00000 0.00000 0.00000 0.10404 0.00000 0.00000 0.00000 0.14071 0.00000 0.00000 0.00000 
344	5	0.26542 0.00000 0.00000 0.00000 0.00520 0.00000 0.00000 0.00000 0.11206 0.00000 0.00000 0.00000 0.61731 0.00000 0.00000 0.00000 
345	5	0.31997 0.00000 0.00000 0.00000 0.01343 0.00000 0.00000 0.00000 0.04014 0.00000 0.00000 0.00000 0.62646 0.00000 0.00000 0.00000 
346	5	0.51620 0.00000 0.00000 0.00000 0.01005 0.00000 0.00000 0.00000 0.03437 0.00000 0.00000 0.00000 0.43939 0.00000 0.00000 0.00000 
347	5	0.59479 0.00000 0.00000 0.00000 0.01000 0.00000 0.00000 0.00000 0.03891 0.00000 0.00000 0.00000 0.35629 0.00000 0.00000 0.00000 
348	5	0.74667 0.00000 0.00000 0.00000 0.00739 0.00000 0.00000 0.00000 0.03481 0.00000 0.00000 0.00000 0.21112 0.00000 0.00000 0.00000 
349	5	0.58558 0.00000 0.00000 0.00000 0.00921 0.00000 0.00000 0.00000 0.08188 0.00000 0.00000 0.00000 0.32332 0.00000 0.00000 0.00000 
