350	5	6
0	1	0.50628 0.86904 0.08947 0.34058 0.83792 0.37794 
1	1	0.76429 0.73233 0.15097 0.62911 0.86355 0.21129 
2	1	0.42592 0.77829 0.20917 0.28118 0.75479 0.47877 
3	1	0.28949 0.68836 0.41202 0.19023 0.61698 0.60977 
4	1	0.44442 0.72534 0.49083 0.23577 0.57171 0.60374 
5	1	0.58420 0.73431 0.29071 0.38166 0.69748 0.44684 
6	1	0.48315 0.73103 0.33808 0.30359 0.67113 0.49646 
7	1	0.57454 0.73678 0.37500 0.35220 0.60755 0.52364 
8	1	0.21723 0.58599 0.40966 0.12167 0.48236 0.67006 
9	1	0.52069 0.70804 0.37526 0.29888 0.59812 0.54934 
10	1	0.41364 0.86865 0.11275 0.25132 0.76285 0.47263 
11	1	0.39451 0.72950 0.32865 0.22859 0.63966 0.56722 
12	1	0.44367 0.70466 0.31791 0.25516 0.65332 0.54546 
13	1	0.35338 0.90986 0.07259 0.24329 0.86596 0.43942 
14	1	0.26622 0.86245 0.13911 0.18959 0.79567 0.54140 
15	1	0.33942 0.87528 0.23920 0.21359 0.69276 0.56188 
16	1	0.54313 0.88712 0.13125 0.36137 0.80972 0.38535 
17	1	0.31063 0.89107 0.23708 0.24407 0.74282 0.51676 
18	1	0.25579 0.86393 0.30739 0.19159 0.68770 0.58458 
19	1	0.35370 0.79390 0.25586 0.18913 0.63681 0.57544 
20	1	0.21943 0.77030 0.45716 0.08705 0.40086 0.75198 
21	1	0.33144 0.80490 0.36334 0.14692 0.51357 0.69849 
22	1	0.53188 0.80937 0.15819 0.34536 0.76087 0.41902 
23	1	0.43188 0.87571 0.16969 0.25120 0.76059 0.51463 
24	1	0.39669 0.89545 0.10309 0.33795 0.86209 0.38557 
25	1	0.28391 0.65763 0.62505 0.15781 0.54938 0.69211 
26	1	0.44824 0.79944 0.15190 0.28442 0.72105 0.45346 
27	1	0.26633 0.74868 0.38464 0.15310 0.63584 0.66050 
28	1	0.76009 0.69697 0.16752 0.60302 0.78737 0.26504 
29	1	0.72472 0.72365 0.13832 0.56312 0.80648 0.25877 
30	1	0.43313 0.83640 0.14748 0.30112 0.77784 0.42263 
31	1	0.53448 0.86242 0.10762 0.38069 0.83794 0.34779 
32	1	0.66545 0.80068 0.19715 0.47562 0.78563 0.36564 
33	1	0.23999 0.89466 0.17105 0.11623 0.62696 0.63989 
34	1	0.47094 0.91530 0.09173 0.29740 0.81039 0.43876 
35	1	0.30889 0.78413 0.21474 0.20729 0.72730 0.52280 
36	1	0.27603 0.77716 0.21127 0.22935 0.76526 0.48383 
37	1	0.35518 0.81637 0.50551 0.17536 0.66284 0.66283 
38	1	0.44761 0.58631 0.45882 0.24323 0.51349 0.59197 
39	1	0.16878 0.65926 0.47315 0.07599 0.36665 0.75908 
40	1	0.40333 0.76132 0.20321 0.23591 0.65682 0.51233 
41	1	0.48414 0.81675 0.15998 0.29266 0.72334 0.45884 
42	1	0.39626 0.88463 0.08746 0.29374 0.82490 0.41089 
43	1	0.61727 0.70730 0.25343 0.42771 0.74013 0.38088 
44	1	0.69806 0.66150 0.12452 0.53116 0.79358 0.24494 
45	1	0.31448 0.77901 0.48909 0.14768 0.52315 0.68883 
46	1	0.54665 0.79152 0.16543 0.39713 0.82263 0.36639 
47	1	0.47519 0.80852 0.10231 0.39699 0.88055 0.31770 
48	1	0.28648 0.74522 0.38182 0.16459 0.63168 0.64522 
49	1	0.42661 0.84667 0.07123 0.36582 0.88828 0.32372 
50	1	0.46239 0.80645 0.08449 0.41086 0.88929 0.29092 
51	1	0.45389 0.79258 0.23621 0.33445 0.76497 0.42223 
52	1	0.66041 0.73250 0.24148 0.47608 0.75773 0.35812 
53	1	0.58130 0.71938 0.27170 0.38659 0.73703 0.42780 
54	1	0.83104 0.62411 0.24654 0.70464 0.79909 0.22767 
55	1	0.66884 0.76549 0.18707 0.56470 0.92177 0.18782 
56	1	0.96836 0.76753 0.19072 0.94419 0.93334 0.02732 
57	1	0.66110 0.91900 0.13312 0.50238 0.85770 0.29511 
58	1	0.54936 0.87431 0.23318 0.34711 0.71667 0.45344 
59	1	0.26674 0.72497 0.43836 0.15856 0.60205 0.66807 
60	1	0.47843 0.85521 0.25725 0.28426 0.69287 0.51405 
61	1	0.52486 0.86677 0.24626 0.31850 0.68878 0.48323 
62	1	0.32537 0.95343 0.02143 0.29210 0.97895 0.33381 
63	1	0.28625 0.94193 0.04110 0.26239 0.95930 0.37454 
64	1	0.32826 0.91729 0.18653 0.21169 0.63133 0.48009 
65	1	0.43296 0.96697 0.12570 0.31570 0.77198 0.39893 
66	1	0.34105 0.95818 0.11258 0.23664 0.78037 0.44544 
67	1	0.20764 0.92174 0.22068 0.12187 0.62251 0.63138 
68	1	0.28710 0.71070 0.29543 0.19826 0.64175 0.57401 
69	1	0.43756 0.80853 0.16804 0.30183 0.78986 0.44311 
70	2	0.23760 0.76612 0.35875 0.08980 0.46562 0.75467 
71	2	0.26488 0.81223 0.34089 0.10319 0.48580 0.74468 
72	2	0.20657 0.80591 0.32677 0.08060 0.49228 0.75163 
73	2	0.18845 0.76541 0.41491 0.06649 0.43132 0.80025 
74	2	0.15494 0.83638 0.33331 0.07070 0.48322 0.76389 
75	2	0.44009 0.50897 0.17507 0.27652 0.59811 0.41485 
76	2	0.36908 0.67436 0.15484 0.22683 0.63073 0.47598 
77	2	0.40908 0.80455 0.05986 0.35796 0.87088 0.30479 
78	2	0.59009 0.92616 0.09243 0.37940 0.80302 0.43417 
79	2	0.59509 0.90776 0.09681 0.38940 0.79776 0.41642 
80	2	0.47502 0.44692 0.58307 0.25085 0.43159 0.61436 
81	2	0.51610 0.90734 0.05554 0.36601 0.87403 0.35078 
82	2	0.38297 0.90504 0.11289 0.19738 0.73449 0.56027 
83	2	0.34175 0.94311 0.06934 0.19946 0.83164 0.50855 
84	2	0.65084 0.87561 0.05579 0.49526 0.90121 0.25979 
85	2	0.39231 0.91526 0.10696 0.22130 0.75826 0.52585 
86	2	0.42729 0.90062 0.10092 0.23706 0.75738 0.51814 
87	2	0.34017 0.88015 0.11977 0.18322 0.72382 0.54758 
88	2	0.39214 0.88977 0.09493 0.22078 0.77575 0.50181 
89	2	0.43118 0.94258 0.08056 0.27029 0.81955 0.44866 
90	2	0.49720 0.90740 0.05398 0.32878 0.85464 0.38245 
91	2	1.00000 0.00000 0.12093 1.00000 0.89402 0.00000 
92	2	0.33077 0.86026 0.12121 0.19951 0.75293 0.51416 
93	2	0.21189 0.72896 0.18460 0.14838 0.57165 0.54719 
94	2	0.13870 0.69838 0.32778 0.08501 0.46404 0.68818 
95	2	0.35658 0.75541 0.16793 0.19993 0.62773 0.50694 
96	2	0.18222 0.87368 0.14987 0.11295 0.63915 0.59239 
97	2	0.24280 0.78462 0.16168 0.13731 0.61306 0.56763 
98	2	0.23953 0.87781 0.11384 0.14987 0.71041 0.53878 
99	2	0.35370 0.88531 0.08312 0.25520 0.77841 0.39845 
100	2	0.23097 0.91321 0.09325 0.18884 0.75048 0.46445 
101	2	0.35162 0.90806 0.06268 0.24922 0.82467 0.38902 
102	2	0.24863 0.16830 0.58493 0.15856 0.39036 0.64028 
103	2	0.18745 0.78176 0.18426 0.13194 0.59417 0.58935 
104	2	0.19833 0.79829 0.15049 0.14297 0.62648 0.55011 
105	2	0.21991 0.88629 0.20375 0.10355 0.60107 0.66280 
106	2	0.14544 0.71650 0.23161 0.10871 0.50000 0.61151 
107	2	0.31749 0.84978 0.11374 0.19202 0.70527 0.49435 
108	2	0.19140 0.88445 0.18540 0.09334 0.59900 0.66382 
109	2	0.17973 0.88345 0.20294 0.09829 0.57019 0.66647 
110	2	0.26079 0.81421 0.12072 0.17301 0.70176 0.47868 
111	2	0.23783 0.66806 0.27472 0.11841 0.44800 0.63006 
112	2	0.37976 0.84792 0.10267 0.24306 0.79628 0.46026 
113	2	0.56288 0.03604 0.45895 0.34744 0.49023 0.48948 
114	2	0.28737 0.24527 0.68413 0.11646 0.25915 0.72204 
115	2	0.20660 0.29149 0.66293 0.08823 0.25825 0.73285 
116	2	0.20103 0.58670 0.41965 0.09795 0.38840 0.71055 
117	2	0.25392 0.90507 0.13050 0.15494 0.69357 0.59125 
118	2	0.35473 0.85266 0.05500 0.29759 0.87141 0.32780 
119	2	0.48740 0.93228 0.06166 0.30402 0.84864 0.39823 
120	2	0.68535 0.80809 0.12423 0.49740 0.80456 0.32994 
121	2	0.65279 0.78797 0.12512 0.47136 0.82875 0.33382 
122	2	0.29151 0.84449 0.18283 0.18125 0.63403 0.54840 
123	2	0.61251 0.37744 0.18179 0.48048 0.79855 0.26168 
124	2	0.20721 0.82990 0.18229 0.13146 0.62145 0.58746 
125	2	0.29362 0.83618 0.19681 0.13385 0.55766 0.62645 
126	2	0.30901 0.47987 0.42067 0.13609 0.37935 0.65825 
127	2	0.22491 0.17218 0.68354 0.09725 0.24456 0.72130 
128	2	0.47365 0.89010 0.07006 0.36300 0.89595 0.31764 
129	2	0.40769 0.89228 0.08898 0.30595 0.85693 0.37290 
130	2	0.66885 0.82458 0.11401 0.48515 0.80859 0.31742 
131	2	0.36121 0.18869 0.63791 0.15974 0.27513 0.67614 
132	2	0.32381 0.69363 0.34522 0.14708 0.47177 0.64201 
133	2	0.22759 0.10711 0.81480 0.08246 0.14401 0.76594 
134	2	0.63276 0.81139 0.17736 0.43238 0.76505 0.39753 
135	2	0.42127 0.86052 0.09786 0.24712 0.76749 0.47831 
136	2	0.29338 0.91125 0.09871 0.16478 0.74979 0.56162 
137	2	0.56292 0.74169 0.25196 0.35525 0.67226 0.44936 
138	2	0.11836 0.79098 0.36896 0.05984 0.44208 0.77863 
139	2	0.08525 0.71384 0.46321 0.04445 0.30851 0.81709 
140	3	0.24243 0.91187 0.14555 0.13057 0.73084 0.61499 
141	3	0.13636 0.89563 0.17958 0.09646 0.71497 0.67368 
142	3	0.30798 0.91990 0.14928 0.15088 0.73208 0.60411 
143	3	0.11927 0.86210 0.22246 0.08416 0.64171 0.69310 
144	3	0.07585 0.50317 0.89876 0.01787 0.12327 0.92228 
145	3	0.12874 0.46989 0.49018 0.06838 0.26661 0.74759 
146	3	0.03442 0.45692 0.75879 0.02377 0.11978 0.87966 
147	3	0.11570 0.76071 0.42644 0.05687 0.48433 0.79849 
148	3	0.09046 0.87828 0.24132 0.06365 0.58666 0.74978 
149	3	0.11926 0.87857 0.23876 0.07515 0.55737 0.71883 
150	3	0.23874 0.86918 0.30442 0.09195 0.51666 0.75469 
151	3	0.21487 0.90454 0.21523 0.09666 0.58925 0.70950 
152	3	0.13948 0.91679 0.15760 0.10509 0.68736 0.64517 
153	3	0.18939 0.82783 0.34255 0.07569 0.54538 0.76284 
154	3	0.10287 0.79929 0.33977 0.05787 0.50749 0.78007 
155	3	0.11447 0.90154 0.17619 0.09410 0.67357 0.65111 
156	3	0.26224 0.90607 0.14470 0.13674 0.69874 0.59267 
157	3	0.19327 0.95152 0.12490 0.12229 0.71100 0.59944 
158	3	0.24184 0.73475 0.19509 0.14145 0.57608 0.54223 
159	3	0.31314 0.81617 0.16749 0.20508 0.67388 0.49040 
160	3	0.27768 0.75838 0.20691 0.18932 0.57572 0.51640 
161	3	0.82236 0.85943 0.06141 0.69632 0.88865 0.18817 
162	3	0.22396 0.77091 0.18102 0.15486 0.55022 0.52541 
163	3	0.41436 0.85588 0.13118 0.25176 0.73584 0.45112 
164	3	0.31660 0.86997 0.21263 0.15761 0.62782 0.60068 
165	3	0.30305 0.78308 0.32761 0.14227 0.57748 0.65879 
166	3	0.37610 0.64609 0.32747 0.25572 0.64843 0.49721 
167	3	0.41594 0.72877 0.34585 0.22178 0.61985 0.57340 
168	3	0.46697 0.89672 0.14450 0.27955 0.76284 0.45347 
169	3	0.45194 0.88874 0.10013 0.30939 0.85252 0.41392 
170	3	0.27359 0.71194 0.26791 0.13750 0.55484 0.62414 
171	3	0.30608 0.67397 0.50822 0.12037 0.42177 0.75261 
172	3	0.37397 0.69834 0.40441 0.17364 0.50387 0.66961 
173	3	0.28299 0.81942 0.11613 0.21517 0.73253 0.49384 
174	3	0.40902 0.66166 0.56886 0.19598 0.49708 0.68010 
175	3	0.25742 0.86156 0.18923 0.14589 0.66579 0.59840 
176	3	0.29700 0.73167 0.40773 0.12970 0.49117 0.70167 
177	3	0.25228 0.78069 0.30763 0.14826 0.65231 0.62819 
178	3	0.22440 0.74574 0.32739 0.12887 0.57770 0.65054 
179	3	0.19419 0.73661 0.39293 0.09372 0.49843 0.71500 
180	3	0.19192 0.74681 0.33366 0.09974 0.55024 0.68447 
181	3	0.19159 0.76168 0.27645 0.12508 0.60939 0.63128 
182	3	0.05402 0.66499 0.68562 0.01955 0.24415 0.91892 
183	3	0.22863 0.86740 0.16559 0.15749 0.73274 0.57093 
184	3	0.15973 0.86344 0.14336 0.12909 0.69493 0.58688 
185	3	0.21294 0.81175 0.15560 0.14483 0.66489 0.56626 
186	3	0.17580 0.63222 0.56478 0.06090 0.29765 0.81604 
187	3	0.17664 0.64744 0.49415 0.07020 0.32762 0.78349 
188	3	0.11230 0.71160 0.62754 0.03014 0.26635 0.88853 
189	3	0.14376 0.77712 0.28639 0.09415 0.54238 0.68940 
190	3	0.16681 0.66686 0.64437 0.05596 0.25582 0.83665 
191	3	0.03414 0.66000 0.72219 0.01606 0.18652 0.91875 
192	3	0.03998 0.62366 0.76847 0.02122 0.18635 0.90779 
193	3	0.00000 0.48402 1.00000 0.00000 0.00000 1.00000 
194	3	0.44712 0.87989 0.17339 0.27206 0.78915 0.49636 
195	3	0.35506 0.94441 0.15334 0.19951 0.78749 0.55253 
196	3	0.37386 0.96108 0.14201 0.20961 0.78486 0.55003 
197	3	0.40095 0.74508 0.15076 0.25156 0.71353 0.45504 
198	3	0.27518 0.73951 0.17184 0.18757 0.68273 0.51751 
199	3	0.28250 0.89685 0.15002 0.16590 0.67415 0.55811 
200	3	0.20545 0.93355 0.10618 0.12406 0.75524 0.60603 
201	3	0.20665 0.85039 0.17596 0.13375 0.68763 0.61457 
202	3	0.21122 0.78334 0.20383 0.12559 0.59193 0.61020 
203	3	0.19065 0.78850 0.22677 0.10811 0.56919 0.64777 
204	3	0.27100 0.81711 0.12696 0.19447 0.72789 0.51715 
205	3	0.28277 0.60218 0.54016 0.17446 0.38560 0.61222 
206	3	0.33730 0.67464 0.44683 0.18956 0.43222 0.59305 
207	3	0.19312 0.70938 0.42062 0.11729 0.50940 0.66359 
208	3	0.24729 0.79747 0.23946 0.14711 0.62878 0.60703 
209	3	0.16466 0.85867 0.19667 0.10874 0.67429 0.64056 
210	4	0.35290 0.95798 0.06278 0.25384 0.87105 0.45475 
211	4	0.41532 0.93175 0.05591 0.29375 0.87339 0.40266 
212	4	0.44241 0.91576 0.06171 0.29888 0.86676 0.39363 
213	4	0.23624 0.93492 0.09581 0.16025 0.79558 0.54067 
214	4	0.37668 0.85238 0.16740 0.22702 0.74215 0.52052 
215	4	0.40955 0.82527 0.20683 0.23300 0.70971 0.52824 
216	4	0.43398 0.87397 0.10562 0.30423 0.83343 0.41825 
217	4	0.50612 0.85007 0.04840 0.42737 0.90718 0.25453 
218	4	0.40568 0.92003 0.02989 0.34988 0.94404 0.31903 
219	4	0.47449 0.86680 0.08268 0.30668 0.82998 0.41571 
220	4	0.36066 0.91628 0.08051 0.24352 0.79579 0.46732 
221	4	0.36555 0.91038 0.07717 0.24426 0.83400 0.43824 
222	4	0.22005 0.85314 0.16348 0.16567 0.74073 0.57462 
223	4	0.37731 0.97674 0.03842 0.23076 0.90238 0.46417 
224	4	0.24482 0.80824 0.17700 0.17931 0.70821 0.53755 
225	4	0.28595 0.89912 0.11488 0.19271 0.77996 0.54064 
226	4	0.50710 0.93258 0.06032 0.32772 0.85364 0.40516 
227	4	0.25822 0.83433 0.21811 0.13131 0.63954 0.64221 
228	4	0.22533 0.91605 0.15940 0.12459 0.70009 0.62283 
229	4	0.13400 0.84516 0.23235 0.08339 0.56876 0.69671 
230	4	0.29145 0.92805 0.08585 0.22136 0.80259 0.49221 
231	4	0.26694 0.91941 0.10281 0.17868 0.75247 0.54019 
232	4	0.21702 0.89801 0.11036 0.16935 0.77076 0.51497 
233	4	0.23669 0.79856 0.27330 0.12632 0.59175 0.64570 
234	4	0.16826 0.74683 0.28285 0.09649 0.52395 0.68340 
235	4	0.35055 0.84999 0.17892 0.19121 0.67652 0.57325 
236	4	0.41400 0.90519 0.08826 0.26976 0.83236 0.43865 
237	4	0.36882 0.91950 0.05875 0.29566 0.87426 0.39423 
238	4	0.64183 0.87088 0.24555 0.43968 0.73827 0.41826 
239	4	0.41534 1.00000 0.00731 0.29909 1.00000 0.33268 
240	4	0.40994 0.96889 0.01569 0.30354 0.97343 0.31272 
241	4	0.25087 0.78423 0.24847 0.13298 0.65188 0.64227 
242	4	0.30089 0.84378 0.15277 0.17775 0.74572 0.55178 
243	4	0.19357 0.91149 0.13030 0.14579 0.77875 0.54632 
244	4	0.17439 0.96036 0.04935 0.17903 0.91172 0.45661 
245	4	0.20639 0.88069 0.15785 0.12222 0.69460 0.62730 
246	4	0.22342 0.76912 0.30382 0.11286 0.58039 0.67987 
247	4	0.39920 0.75263 0.19419 0.21618 0.67498 0.54312 
248	4	0.26479 0.74142 0.34864 0.16287 0.58821 0.60567 
249	4	0.49058 0.92308 0.08773 0.33999 0.87748 0.38363 
250	4	0.34148 0.93252 0.15267 0.19063 0.74955 0.55239 
251	4	0.43592 0.79674 0.20471 0.23454 0.66528 0.53092 
252	4	0.35342 0.96123 0.05375 0.25282 0.88077 0.40205 
253	4	0.41956 0.89033 0.15524 0.25796 0.76920 0.45565 
254	4	0.42715 0.92450 0.05793 0.31387 0.88257 0.35129 
255	4	0.38629 0.95414 0.05188 0.28372 0.90058 0.35068 
256	4	0.44100 0.90719 0.14447 0.26464 0.77368 0.45512 
257	4	0.27452 0.90419 0.17031 0.15345 0.79278 0.58837 
258	4	0.36555 0.61377 0.31506 0.18631 0.55995 0.59116 
259	4	0.48950 0.73204 0.24786 0.27315 0.63504 0.53957 
260	4	0.52659 0.61216 0.29900 0.30656 0.60322 0.52631 
261	4	0.43529 0.88824 0.20652 0.23256 0.70708 0.57523 
262	4	0.45427 0.77794 0.23944 0.24582 0.63506 0.56152 
263	4	0.45524 0.79402 0.22035 0.25162 0.64953 0.53747 
264	4	0.53327 0.92370 0.04253 0.38489 0.90300 0.29526 
265	4	0.49336 0.90259 0.14106 0.30988 0.78952 0.42076 
266	4	0.28149 0.91734 0.08660 0.19078 0.84259 0.46842 
267	4	0.44097 0.89545 0.16088 0.27167 0.77496 0.45134 
268	4	0.23989 0.86958 0.16771 0.15299 0.76794 0.56310 
269	4	0.20942 0.86967 0.17983 0.15354 0.76383 0.56304 
270	4	0.16316 0.79298 0.28448 0.09437 0.59098 0.69678 
271	4	0.18073 0.79243 0.30578 0.09445 0.58039 0.71468 
272	4	0.25068 0.81809 0.20424 0.13934 0.65845 0.62027 
273	4	0.18765 0.77813 0.27421 0.10819 0.61625 0.66818 
274	4	0.25023 0.93551 0.14558 0.16869 0.82385 0.55766 
275	4	0.45397 0.85617 0.17505 0.26322 0.74482 0.49746 
276	4	0.85597 0.80706 0.11746 0.75181 0.89656 0.14890 
277	4	0.42311 0.83295 0.16131 0.25803 0.77594 0.45246 
278	4	0.23482 0.86495 0.15204 0.17557 0.77213 0.50523 
279	4	0.37020 0.94379 0.07595 0.27892 0.86990 0.38701 
280	5	0.36522 0.96288 0.04495 0.23812 0.88788 0.44683 
281	5	0.18004 0.85812 0.25764 0.08635 0.59823 0.72085 
282	5	0.11394 0.86158 0.21409 0.07951 0.57752 0.69983 
283	5	0.37723 0.93948 0.05303 0.26853 0.89021 0.41948 
284	5	0.34197 0.94992 0.06804 0.20580 0.84385 0.50730 
285	5	0.31940 0.94969 0.06209 0.27096 0.89532 0.42678 
286	5	0.18084 0.97264 0.10408 0.13335 0.76750 0.59075 
287	5	0.16760 0.88151 0.13920 0.11598 0.68132 0.61894 
288	5	0.31905 0.80065 0.14870 0.19299 0.70233 0.52543 
289	5	0.52986 0.95957 0.01519 0.38520 0.95275 0.29943 
290	5	0.52921 0.95927 0.01506 0.39245 0.95302 0.29230 
291	5	0.21223 0.95494 0.03855 0.18729 0.88411 0.46841 
292	5	0.41848 0.95217 0.04903 0.25872 0.87912 0.43878 
293	5	0.28466 0.96379 0.03494 0.19580 0.89220 0.47193 
294	5	0.16902 0.97829 0.02913 0.15614 0.90393 0.50553 
295	5	0.22153 0.96148 0.03832 0.17861 0.88678 0.48666 
296	5	0.44404 0.85604 0.07855 0.28871 0.82149 0.41046 
297	5	0.36239 0.96244 0.02411 0.27694 0.92111 0.38681 
298	5	0.17770 0.95422 0.05490 0.15422 0.84273 0.53004 
299	5	0.31512 0.81743 0.15296 0.20032 0.64969 0.51222 
300	5	0.20748 0.79631 0.21736 0.11664 0.55150 0.63144 
301	5	0.14889 0.93108 0.10203 0.12524 0.75882 0.57846 
302	5	0.31429 0.97811 0.01280 0.25887 0.95524 0.39192 
303	5	0.28659 0.98741 0.00000 0.25867 0.99115 0.35602 
304	5	0.20491 0.94453 0.06813 0.17150 0.84093 0.52282 
305	5	0.43884 0.87608 0.08587 0.25456 0.75832 0.45591 
306	5	0.07168 0.76203 0.38122 0.05164 0.42473 0.76719 
307	5	0.16474 0.57772 0.41767 0.07019 0.30904 0.73877 
308	5	0.07302 0.70622 0.34192 0.05910 0.37522 0.73385 
309	5	0.10260 0.58738 0.44183 0.05766 0.29264 0.75674 
310	5	0.17639 0.87047 0.14608 0.11155 0.63741 0.61318 
311	5	0.20333 0.77698 0.19461 0.11735 0.56855 0.61218 
312	5	0.17039 0.58455 0.38075 0.07855 0.33261 0.70976 
313	5	0.14877 0.81253 0.25328 0.08721 0.56737 0.68578 
314	5	0.68557 0.85633 0.04470 0.51725 0.87182 0.25633 
315	5	0.14410 0.63800 0.31341 0.08609 0.38908 0.67813 
316	5	0.24864 0.53744 0.31388 0.12828 0.39884 0.62560 
317	5	0.16512 0.92282 0.14037 0.10020 0.66501 0.63223 
318	5	0.21832 0.48828 0.36326 0.10626 0.34409 0.65743 
319	5	0.11736 0.88458 0.17321 0.08610 0.60509 0.66005 
320	5	0.17596 0.81158 0.22991 0.09265 0.54857 0.66600 
321	5	0.59973 0.89654 0.01860 0.46213 0.93658 0.23372 
322	5	0.49933 0.68102 0.11933 0.32529 0.70422 0.37927 
323	5	0.32840 0.90471 0.10503 0.17711 0.72329 0.53852 
324	5	0.29071 0.90180 0.09979 0.17289 0.74880 0.52202 
325	5	0.17723 0.89773 0.15875 0.10390 0.62299 0.63346 
326	5	0.29727 0.85091 0.14438 0.15337 0.62914 0.57449 
327	5	0.17773 0.95678 0.10919 0.11389 0.73756 0.60302 
328	5	0.21932 0.97712 0.07917 0.14764 0.80573 0.54391 
329	5	0.35949 0.94412 0.04106 0.23212 0.87657 0.43036 
330	5	0.38321 0.98078 0.01822 0.25222 0.93841 0.41023 
331	5	0.52034 0.96883 0.00699 0.41373 0.97234 0.25677 
332	5	0.59830 0.96342 0.00709 0.43429 0.96953 0.26589 
333	5	0.20870 0.84415 0.15170 0.12761 0.62822 0.59311 
334	5	0.21479 0.92518 0.13178 0.11053 0.68676 0.64159 
335	5	0.22004 0.90475 0.11907 0.13470 0.70959 0.58627 
336	5	0.23717 0.84044 0.14354 0.13684 0.65090 0.57527 
337	5	0.22080 0.89931 0.16191 0.14853 0.63832 0.56606 
338	5	0.17195 0.69561 0.30275 0.11151 0.54348 0.64302 
339	5	0.15422 0.68170 0.31995 0.09716 0.48680 0.68374 
340	5	0.25290 0.68238 0.21482 0.16672 0.51933 0.54812 
341	5	0.20939 0.66195 0.29996 0.11301 0.44343 0.65443 
342	5	0.16477 0.49525 0.38744 0.10312 0.33131 0.67746 
343	5	0.30576 0.46386 0.33390 0.15072 0.40753 0.60703 
344	5	0.24999 0.86362 0.18557 0.12120 0.60360 0.63085 
345	5	0.20427 0.92413 0.13238 0.14714 0.75102 0.59159 
346	5	0.20577 0.94368 0.17540 0.10440 0.67625 0.66858 
347	5	0.13610 0.79124 0.31527 0.06647 0.44132 0.73789 
348	5	0.16427 0.81844 0.30620 0.06499 0.44275 0.76931 
349	5	0.22543 0.89603 0.12743 0.16558 0.72663 0.54112 
