350	5	6
0	1	0.42331 0.86703 0.11049 0.28306 0.79462 0.43901 
1	1	0.75713 0.73171 0.18756 0.62403 0.83981 0.23237 
2	1	0.35773 0.78242 0.24757 0.22842 0.70321 0.55453 
3	1	0.24173 0.68725 0.49581 0.16599 0.55564 0.68268 
4	1	0.41869 0.72682 0.51085 0.22001 0.52182 0.64134 
5	1	0.56454 0.73097 0.32960 0.36988 0.66168 0.47889 
6	1	0.48247 0.72852 0.37286 0.30398 0.63572 0.52482 
7	1	0.55002 0.74425 0.45832 0.33371 0.54168 0.58200 
8	1	0.18341 0.58518 0.40581 0.11687 0.44974 0.68738 
9	1	0.47546 0.70698 0.44251 0.26424 0.53668 0.61502 
10	1	0.38244 0.86052 0.11751 0.24669 0.75059 0.48711 
11	1	0.32173 0.72923 0.38570 0.19917 0.58962 0.62876 
12	1	0.38059 0.69825 0.37687 0.22274 0.60021 0.60591 
13	1	0.34517 0.90980 0.07536 0.24497 0.86302 0.45152 
14	1	0.23343 0.87071 0.14229 0.17660 0.78689 0.57091 
15	1	0.32572 0.87149 0.25421 0.20367 0.67466 0.60232 
16	1	0.57258 0.88710 0.10463 0.41561 0.86245 0.34152 
17	1	0.31414 0.88625 0.22293 0.23332 0.71632 0.55300 
18	1	0.26320 0.85581 0.32765 0.16506 0.60896 0.66192 
19	1	0.34630 0.78057 0.24666 0.19366 0.63213 0.57933 
20	1	0.19173 0.76637 0.41279 0.08372 0.38677 0.75268 
21	1	0.31977 0.80420 0.33760 0.15492 0.50680 0.69608 
22	1	0.54988 0.79511 0.14056 0.37205 0.77742 0.39757 
23	1	0.46519 0.87780 0.14168 0.30034 0.79208 0.46327 
24	1	0.39290 0.88626 0.08942 0.33767 0.87073 0.38178 
25	1	0.25602 0.64834 0.70528 0.14653 0.49604 0.74180 
26	1	0.36483 0.79184 0.16200 0.26716 0.70773 0.46683 
27	1	0.22566 0.76177 0.38363 0.13733 0.60656 0.69415 
28	1	0.67478 0.68818 0.18584 0.51579 0.76907 0.30498 
29	1	0.67228 0.69830 0.14920 0.52586 0.80344 0.26655 
30	1	0.60796 0.77009 0.16691 0.42621 0.76179 0.37761 
31	1	0.35850 0.83403 0.13038 0.33503 0.81352 0.37801 
32	1	0.67537 0.77475 0.20342 0.49613 0.77962 0.36297 
33	1	0.20894 0.89762 0.17184 0.10803 0.60399 0.66894 
34	1	0.36401 0.91275 0.08454 0.27031 0.81874 0.44630 
35	1	0.32728 0.76087 0.19697 0.23838 0.73611 0.48784 
36	1	0.24946 0.76771 0.21403 0.23070 0.75106 0.48658 
37	1	0.35846 0.83241 0.48674 0.18405 0.63913 0.66715 
38	1	0.43449 0.55369 0.47842 0.24413 0.47638 0.60461 
39	1	0.16244 0.66065 0.42685 0.08505 0.35592 0.74252 
40	1	0.41303 0.73436 0.18135 0.26772 0.65585 0.47739 
41	1	0.47476 0.79867 0.13994 0.30863 0.73673 0.43335 
42	1	0.33816 0.87981 0.07596 0.31000 0.84428 0.38861 
43	1	0.56560 0.71152 0.28835 0.37892 0.69695 0.43521 
44	1	0.60117 0.65912 0.15067 0.43692 0.74218 0.30229 
45	1	0.30316 0.77603 0.57200 0.14591 0.46080 0.73865 
46	1	0.51144 0.80348 0.18247 0.36602 0.80091 0.40903 
47	1	0.42705 0.82018 0.12209 0.35533 0.86586 0.36952 
48	1	0.25474 0.75426 0.38662 0.15159 0.60185 0.67663 
49	1	0.33753 0.83988 0.10032 0.29180 0.83646 0.40588 
50	1	0.38906 0.81150 0.10840 0.35444 0.85763 0.36039 
51	1	0.44892 0.78723 0.27011 0.31612 0.72135 0.46830 
52	1	0.62966 0.71631 0.29708 0.44108 0.68531 0.41321 
53	1	0.53857 0.73027 0.30188 0.35683 0.70753 0.46839 
54	1	0.81001 0.64700 0.28060 0.67861 0.76939 0.25713 
55	1	0.62279 0.77673 0.18781 0.54175 0.92898 0.19420 
56	1	0.98383 0.76978 0.17655 0.97277 0.94018 0.00300 
57	1	0.65189 0.89699 0.12101 0.48529 0.83974 0.31463 
58	1	0.49147 0.87892 0.18796 0.33698 0.79708 0.43228 
59	1	0.24660 0.74448 0.41699 0.14576 0.57415 0.69527 
60	1	0.42272 0.85305 0.24153 0.24860 0.68235 0.55950 
61	1	0.49729 0.87525 0.18874 0.34468 0.79442 0.43046 
62	1	0.33067 0.96059 0.02515 0.26397 0.98345 0.36886 
63	1	0.28181 0.93322 0.04238 0.27876 0.95867 0.36539 
64	1	0.30309 0.92284 0.19202 0.20437 0.62335 0.50679 
65	1	0.38896 0.97181 0.12056 0.30150 0.78504 0.42449 
66	1	0.30948 0.96894 0.08183 0.26561 0.85983 0.41563 
67	1	0.16104 0.92856 0.23324 0.09823 0.60437 0.69425 
68	1	0.26166 0.70716 0.35760 0.18489 0.59413 0.62649 
69	1	0.41117 0.82343 0.18326 0.28359 0.78093 0.47955 
70	2	0.22469 0.77504 0.36535 0.08694 0.42866 0.77896 
71	2	0.23749 0.82447 0.34210 0.09598 0.45098 0.76713 
72	2	0.20857 0.81941 0.32516 0.08451 0.47318 0.76844 
73	2	0.16272 0.78002 0.41114 0.06220 0.40971 0.81893 
74	2	0.14950 0.84710 0.32702 0.07053 0.46459 0.77950 
75	2	0.43622 0.45173 0.21572 0.27508 0.52214 0.44350 
76	2	0.29776 0.65870 0.19340 0.19202 0.55363 0.53558 
77	2	0.46176 0.83753 0.09412 0.32248 0.83495 0.40484 
78	2	0.55314 0.92151 0.11560 0.34814 0.76164 0.48436 
79	2	0.57783 0.90049 0.11687 0.37802 0.76948 0.45069 
80	2	0.45300 0.45238 0.64508 0.24011 0.37023 0.65074 
81	2	0.45809 0.90687 0.06667 0.33669 0.86287 0.38621 
82	2	0.33624 0.91209 0.17249 0.15884 0.65300 0.67073 
83	2	0.34601 0.95257 0.09927 0.19597 0.78410 0.57194 
84	2	0.62156 0.87576 0.11243 0.44309 0.81397 0.36170 
85	2	0.39431 0.92266 0.11133 0.22964 0.75920 0.54330 
86	2	0.17565 0.90784 0.13726 0.12407 0.69434 0.65093 
87	2	0.18061 0.89874 0.16306 0.10513 0.65245 0.67347 
88	2	0.20186 0.89509 0.14496 0.12194 0.67985 0.64516 
89	2	0.28626 0.94365 0.12343 0.18377 0.74553 0.55207 
90	2	0.26157 0.89497 0.10345 0.21040 0.74554 0.52227 
91	2	1.00000 0.04258 0.15392 1.00000 0.88250 0.00000 
92	2	0.34035 0.85503 0.15589 0.18136 0.68809 0.58580 
93	2	0.13077 0.73726 0.23094 0.10453 0.48042 0.64246 
94	2	0.10906 0.70102 0.35656 0.07758 0.41582 0.72889 
95	2	0.20129 0.74031 0.21521 0.12903 0.52337 0.60266 
96	2	0.13502 0.87638 0.17914 0.09305 0.58406 0.66216 
97	2	0.22521 0.81326 0.17194 0.12760 0.60173 0.60310 
98	2	0.22503 0.89680 0.11966 0.16335 0.71773 0.54688 
99	2	0.34770 0.87530 0.09912 0.24757 0.74906 0.42887 
100	2	0.22953 0.92729 0.09175 0.19082 0.76666 0.47501 
101	2	0.20960 0.89777 0.10714 0.14138 0.70429 0.54649 
102	2	0.28466 0.13979 0.66562 0.15372 0.31792 0.68774 
103	2	0.14100 0.79023 0.20983 0.11260 0.54503 0.64755 
104	2	0.13507 0.81585 0.16924 0.11836 0.58662 0.60473 
105	2	0.19540 0.89229 0.21750 0.09531 0.57132 0.70183 
106	2	0.18122 0.75695 0.27362 0.09960 0.45183 0.68248 
107	2	0.28271 0.85027 0.12517 0.17968 0.67730 0.52641 
108	2	0.12645 0.89262 0.20949 0.08092 0.56275 0.70695 
109	2	0.17419 0.90647 0.23356 0.09411 0.53596 0.70773 
110	2	0.21002 0.83454 0.12080 0.17410 0.72928 0.49967 
111	2	0.21128 0.67907 0.28908 0.10877 0.40454 0.66268 
112	2	0.36013 0.84541 0.13790 0.20990 0.72588 0.54290 
113	2	0.60934 0.00000 0.51120 0.40466 0.45801 0.48375 
114	2	0.17590 0.16197 0.84470 0.06645 0.13660 0.82846 
115	2	0.10974 0.22009 0.83023 0.04513 0.12000 0.84435 
116	2	0.17547 0.58183 0.41890 0.09669 0.35132 0.72231 
117	2	0.29386 0.89932 0.13870 0.15613 0.65913 0.61008 
118	2	0.35931 0.85672 0.05428 0.30720 0.88317 0.32791 
119	2	0.50472 0.95527 0.06343 0.32976 0.86054 0.40495 
120	2	0.42754 0.78791 0.16241 0.28474 0.74123 0.46945 
121	2	0.47376 0.79650 0.15747 0.34256 0.79121 0.42212 
122	2	0.26331 0.85435 0.20591 0.16698 0.60315 0.58720 
123	2	0.76529 0.31172 0.19751 0.63217 0.79048 0.21055 
124	2	0.14881 0.82755 0.19429 0.12185 0.59512 0.61176 
125	2	0.30874 0.84305 0.20811 0.14654 0.54384 0.64596 
126	2	0.28746 0.46490 0.43534 0.13243 0.33541 0.67698 
127	2	0.15301 0.15881 0.80106 0.07333 0.13975 0.79095 
128	2	0.49343 0.88700 0.06931 0.37595 0.90252 0.31230 
129	2	0.38399 0.89105 0.08971 0.30324 0.85593 0.37444 
130	2	0.72328 0.81734 0.12185 0.55824 0.80391 0.28973 
131	2	0.27578 0.19007 0.74495 0.11265 0.18033 0.76381 
132	2	0.30661 0.68917 0.35399 0.14853 0.45024 0.65222 
133	2	0.11314 0.09435 1.00000 0.04109 0.00000 0.86800 
134	2	0.60246 0.82439 0.21096 0.41060 0.74507 0.43000 
135	2	0.32176 0.86501 0.14395 0.17186 0.67577 0.59721 
136	2	0.15548 0.91401 0.13683 0.10627 0.67629 0.66779 
137	2	0.49917 0.75862 0.30537 0.30481 0.63463 0.51536 
138	2	0.05425 0.81077 0.36526 0.04990 0.41576 0.80290 
139	2	0.06320 0.73300 0.46353 0.03800 0.26660 0.84130 
140	3	0.16060 0.93046 0.12524 0.11703 0.75837 0.63355 
141	3	0.11355 0.91059 0.19572 0.07760 0.69895 0.73514 
142	3	0.28959 0.94204 0.11066 0.16699 0.80142 0.58244 
143	3	0.09783 0.89454 0.18731 0.09077 0.70464 0.68499 
144	3	0.05731 0.57605 0.81406 0.01663 0.10565 0.94085 
145	3	0.09212 0.53151 0.48438 0.05491 0.22593 0.78412 
146	3	0.03309 0.49971 0.74880 0.01988 0.07064 0.91351 
147	3	0.06267 0.78674 0.36658 0.05966 0.50854 0.79117 
148	3	0.08413 0.89933 0.21919 0.06889 0.60141 0.74602 
149	3	0.09872 0.88327 0.24826 0.07070 0.52385 0.74359 
150	3	0.21539 0.87676 0.29595 0.08711 0.48881 0.77424 
151	3	0.19981 0.90672 0.21319 0.09503 0.56650 0.72450 
152	3	0.12303 0.92594 0.15899 0.09757 0.67557 0.67436 
153	3	0.18960 0.86331 0.30940 0.08650 0.56622 0.75897 
154	3	0.07596 0.82048 0.32405 0.05356 0.51192 0.80176 
155	3	0.13348 0.94503 0.15757 0.09035 0.68912 0.68533 
156	3	0.14493 0.96010 0.11391 0.11151 0.75854 0.62602 
157	3	0.17083 0.97721 0.10322 0.14338 0.74992 0.58354 
158	3	0.32284 0.86352 0.12585 0.21111 0.70241 0.47720 
159	3	0.27950 0.90402 0.13129 0.20157 0.74039 0.49468 
160	3	0.56422 0.83856 0.16717 0.37060 0.64824 0.40683 
161	3	0.80224 0.90471 0.04288 0.67937 0.93181 0.16968 
162	3	0.50988 0.95943 0.06959 0.31823 0.81731 0.43414 
163	3	0.36349 0.93241 0.09789 0.22751 0.78476 0.47968 
164	3	0.26555 0.93622 0.18596 0.13240 0.65686 0.66655 
165	3	0.13840 0.84504 0.44164 0.07012 0.48401 0.82543 
166	3	0.32401 0.75000 0.35279 0.25120 0.65883 0.52535 
167	3	0.30937 0.80309 0.31174 0.21606 0.67239 0.58333 
168	3	0.19455 0.94551 0.16454 0.15476 0.79040 0.57608 
169	3	0.38002 0.96024 0.09835 0.28046 0.88606 0.44562 
170	3	0.11596 0.77857 0.35005 0.08027 0.47242 0.76807 
171	3	0.25522 0.74617 0.44882 0.10819 0.46039 0.76344 
172	3	0.19980 0.74030 0.32521 0.11442 0.53478 0.69359 
173	3	0.34835 0.87099 0.09494 0.22699 0.78191 0.49346 
174	3	0.32286 0.77333 0.49545 0.14416 0.48164 0.72854 
175	3	0.11921 0.88920 0.18240 0.08883 0.63425 0.67965 
176	3	0.28250 0.81280 0.37929 0.13113 0.49892 0.71776 
177	3	0.29389 0.84522 0.33189 0.15208 0.62747 0.66269 
178	3	0.27539 0.85202 0.27737 0.13361 0.65626 0.67541 
179	3	0.21556 0.83772 0.33807 0.09794 0.56689 0.73576 
180	3	0.19167 0.85368 0.27938 0.10775 0.62460 0.70048 
181	3	0.18216 0.87323 0.22885 0.12868 0.69500 0.64335 
182	3	0.03290 0.77342 0.56110 0.01998 0.29219 0.91524 
183	3	0.19752 0.93216 0.13741 0.13523 0.78933 0.60576 
184	3	0.17377 0.88720 0.12990 0.13337 0.72054 0.60178 
185	3	0.23309 0.84262 0.12724 0.16900 0.71558 0.54100 
186	3	0.07435 0.75836 0.71103 0.02815 0.29240 0.92828 
187	3	0.08795 0.77296 0.58864 0.03290 0.32940 0.90563 
188	3	0.07761 0.76419 0.70835 0.02097 0.26068 0.94120 
189	3	0.15062 0.83047 0.28338 0.09410 0.60719 0.72642 
190	3	0.12249 0.67751 0.54942 0.05433 0.31845 0.84103 
191	3	0.01247 0.65121 0.64942 0.01777 0.20384 0.91292 
192	3	0.02318 0.63193 0.76404 0.01291 0.15229 0.95027 
193	3	0.00000 0.55599 0.85892 0.00000 0.00893 1.00000 
194	3	0.35840 0.92473 0.17209 0.20193 0.82090 0.57770 
195	3	0.24196 0.95373 0.17938 0.14522 0.81726 0.63437 
196	3	0.29618 0.97403 0.14192 0.17640 0.83465 0.58930 
197	3	0.40936 0.89655 0.21181 0.23741 0.73120 0.55463 
198	3	0.34946 0.87600 0.24249 0.19214 0.70630 0.60368 
199	3	0.30826 0.95580 0.14205 0.20948 0.81709 0.53043 
200	3	0.12741 0.96354 0.10451 0.11464 0.82317 0.62770 
201	3	0.15563 0.88549 0.16201 0.12279 0.74402 0.64289 
202	3	0.13767 0.86603 0.23078 0.09432 0.64245 0.69728 
203	3	0.15648 0.86388 0.22931 0.10243 0.65584 0.68643 
204	3	0.26281 0.88499 0.09295 0.20872 0.80486 0.50375 
205	3	0.44279 0.70824 0.47618 0.29100 0.61891 0.54200 
206	3	0.65629 0.76871 0.33331 0.46729 0.73061 0.42822 
207	3	0.38371 0.78854 0.34972 0.20894 0.70728 0.60559 
208	3	0.42768 0.82325 0.17953 0.26521 0.70385 0.51245 
209	3	0.16662 0.88493 0.18137 0.11819 0.68605 0.65831 
210	4	0.32702 0.95761 0.07119 0.23351 0.85599 0.49464 
211	4	0.39035 0.93632 0.06189 0.27182 0.86716 0.43645 
212	4	0.41776 0.92525 0.06870 0.29503 0.86244 0.41684 
213	4	0.23570 0.93891 0.09335 0.16398 0.79715 0.55222 
214	4	0.32549 0.86318 0.17646 0.19709 0.72074 0.56632 
215	4	0.35075 0.83616 0.21969 0.20261 0.68280 0.57461 
216	4	0.31909 0.88256 0.10863 0.26778 0.83503 0.45468 
217	4	0.44684 0.85342 0.05355 0.40732 0.90250 0.27462 
218	4	0.40439 0.93279 0.03496 0.30558 0.93815 0.37639 
219	4	0.31502 0.86600 0.09820 0.25332 0.80860 0.46424 
220	4	0.36297 0.91540 0.08889 0.24069 0.78344 0.49295 
221	4	0.33058 0.90716 0.08640 0.23250 0.81676 0.46385 
222	4	0.23138 0.84752 0.18132 0.16224 0.71676 0.60407 
223	4	0.29650 0.97798 0.04624 0.19319 0.89017 0.52116 
224	4	0.21515 0.79666 0.20024 0.16577 0.66329 0.57808 
225	4	0.46490 0.90590 0.11924 0.27852 0.78481 0.51322 
226	4	0.31940 0.91932 0.07481 0.23231 0.82336 0.48110 
227	4	0.22141 0.82976 0.23628 0.12281 0.60702 0.67796 
228	4	0.13117 0.91160 0.17940 0.09382 0.66088 0.68431 
229	4	0.12468 0.84030 0.25220 0.07725 0.53131 0.73277 
230	4	0.25580 0.92497 0.10118 0.17792 0.76937 0.55028 
231	4	0.21760 0.91415 0.11201 0.16383 0.73049 0.57770 
232	4	0.19260 0.89835 0.10974 0.17160 0.76931 0.52616 
233	4	0.17041 0.79754 0.29911 0.10182 0.55186 0.69976 
234	4	0.19196 0.71478 0.31070 0.09919 0.47139 0.70941 
235	4	0.34779 0.84663 0.19792 0.18997 0.64654 0.60345 
236	4	0.26714 0.89771 0.10288 0.21043 0.80234 0.50207 
237	4	0.34231 0.91893 0.06815 0.26214 0.85607 0.43435 
238	4	0.46347 0.87737 0.28797 0.27120 0.70067 0.56380 
239	4	0.28783 1.00000 0.01434 0.27049 0.99546 0.36178 
240	4	0.27286 0.96828 0.01944 0.25732 0.97757 0.34735 
241	4	0.20038 0.78858 0.28070 0.11428 0.61715 0.69327 
242	4	0.24932 0.84119 0.17256 0.16382 0.71992 0.58885 
243	4	0.20794 0.91906 0.15160 0.14667 0.76800 0.56980 
244	4	0.33280 0.96751 0.05358 0.23391 0.92329 0.43317 
245	4	0.19440 0.88449 0.18564 0.10755 0.65386 0.68513 
246	4	0.24894 0.76989 0.36198 0.10828 0.51809 0.74363 
247	4	0.34666 0.75472 0.22813 0.19946 0.64487 0.58233 
248	4	0.23060 0.73959 0.39316 0.14780 0.54074 0.64719 
249	4	0.47170 0.91970 0.09887 0.33317 0.87097 0.40594 
250	4	0.37846 0.91847 0.17364 0.21008 0.72186 0.58037 
251	4	0.33573 0.79021 0.23051 0.17703 0.62430 0.59816 
252	4	0.35354 0.97225 0.05949 0.25763 0.89009 0.39262 
253	4	0.40587 0.89350 0.16539 0.25783 0.75709 0.47233 
254	4	0.42801 0.92921 0.06965 0.31045 0.87510 0.36244 
255	4	0.39445 0.94884 0.06995 0.27415 0.87552 0.40660 
256	4	0.43500 0.91096 0.15569 0.27042 0.76343 0.46515 
257	4	0.22640 0.90729 0.19190 0.13175 0.78206 0.63365 
258	4	0.23756 0.61078 0.30887 0.16332 0.55417 0.61284 
259	4	0.28436 0.73766 0.29727 0.15359 0.56671 0.66770 
260	4	0.37204 0.62699 0.35288 0.20025 0.53774 0.63572 
261	4	0.22702 0.87405 0.25210 0.12552 0.65099 0.69272 
262	4	0.39609 0.79183 0.28212 0.20854 0.58985 0.62771 
263	4	0.41092 0.79731 0.26149 0.22040 0.59928 0.59982 
264	4	0.53525 0.92868 0.05032 0.38958 0.89814 0.31376 
265	4	0.48793 0.90970 0.15136 0.31434 0.78004 0.43100 
266	4	0.23312 0.92553 0.09239 0.17599 0.84049 0.49944 
267	4	0.42954 0.90305 0.17393 0.26936 0.76230 0.47192 
268	4	0.20342 0.87389 0.20249 0.15006 0.74111 0.59610 
269	4	0.25903 0.86928 0.21029 0.16504 0.74230 0.58384 
270	4	0.12418 0.79122 0.33246 0.07649 0.53851 0.76282 
271	4	0.11545 0.79293 0.35869 0.07297 0.52636 0.78142 
272	4	0.17105 0.81749 0.24726 0.11304 0.59827 0.68862 
273	4	0.16453 0.77723 0.30391 0.09989 0.57762 0.71105 
274	4	0.23555 0.93727 0.16282 0.16162 0.81590 0.58660 
275	4	0.44340 0.88022 0.17041 0.25413 0.72818 0.53236 
276	4	0.85587 0.80665 0.13362 0.75718 0.89268 0.14743 
277	4	0.30798 0.86418 0.15191 0.19808 0.75278 0.51993 
278	4	0.37496 0.88416 0.15140 0.22344 0.75825 0.52844 
279	4	0.31448 0.95898 0.08377 0.20413 0.83053 0.49972 
280	5	0.35369 0.96331 0.05006 0.23004 0.88127 0.47332 
281	5	0.13139 0.85843 0.30993 0.06377 0.53884 0.79117 
282	5	0.07868 0.85614 0.24177 0.06708 0.53023 0.74865 
283	5	0.34153 0.93967 0.05610 0.26751 0.89187 0.42504 
284	5	0.30182 0.95128 0.08333 0.18466 0.82094 0.56113 
285	5	0.31914 0.95111 0.07435 0.27169 0.88530 0.45611 
286	5	0.16291 0.97673 0.10701 0.13179 0.76228 0.61160 
287	5	0.12426 0.88493 0.14278 0.10866 0.66907 0.64351 
288	5	0.28149 0.79550 0.16264 0.18295 0.67154 0.55255 
289	5	0.50774 0.96136 0.01748 0.37059 0.95353 0.32153 
290	5	0.47904 0.96375 0.01504 0.36684 0.95991 0.31282 
291	5	0.17658 0.96096 0.05069 0.15262 0.86208 0.54179 
292	5	0.39903 0.95517 0.05442 0.24727 0.87032 0.47172 
293	5	0.27163 0.96897 0.03925 0.17931 0.88930 0.51529 
294	5	0.14179 0.97952 0.03314 0.14326 0.90009 0.54062 
295	5	0.18481 0.96346 0.04417 0.16263 0.87810 0.52658 
296	5	0.42607 0.85309 0.08562 0.28566 0.81053 0.42599 
297	5	0.32733 0.96500 0.02778 0.26280 0.91901 0.41741 
298	5	0.13152 0.95532 0.06236 0.13962 0.82963 0.57026 
299	5	0.26396 0.80848 0.17525 0.18528 0.60709 0.54582 
300	5	0.14614 0.79757 0.27329 0.09368 0.46926 0.70798 
301	5	0.11122 0.93162 0.11445 0.11188 0.73488 0.61936 
302	5	0.28469 0.98013 0.01341 0.24688 0.96129 0.41576 
303	5	0.24313 0.99108 0.00000 0.23447 1.00000 0.39104 
304	5	0.17797 0.94243 0.06791 0.17063 0.83896 0.53184 
305	5	0.35650 0.87193 0.10228 0.20647 0.71621 0.51165 
306	5	0.06549 0.76335 0.50251 0.02847 0.31591 0.88855 
307	5	0.10858 0.57132 0.49441 0.04734 0.20104 0.81510 
308	5	0.02845 0.71412 0.46315 0.02639 0.23094 0.87262 
309	5	0.06237 0.58611 0.50013 0.04131 0.20329 0.82167 
310	5	0.12168 0.87050 0.17098 0.09108 0.58435 0.67388 
311	5	0.17844 0.78138 0.23078 0.09732 0.50015 0.68055 
312	5	0.13054 0.58179 0.46733 0.05629 0.22401 0.79326 
313	5	0.10480 0.81068 0.30381 0.06802 0.49985 0.75922 
314	5	0.72984 0.83983 0.04412 0.57881 0.87805 0.22294 
315	5	0.13975 0.62803 0.37163 0.07055 0.30003 0.74487 
316	5	0.24133 0.52188 0.33943 0.12478 0.34094 0.65410 
317	5	0.09037 0.92068 0.17510 0.07278 0.59646 0.71507 
318	5	0.18888 0.47800 0.39618 0.09842 0.27511 0.69311 
319	5	0.05554 0.88761 0.20541 0.06460 0.54875 0.73109 
320	5	0.12955 0.81546 0.27333 0.06816 0.47750 0.74440 
321	5	0.58194 0.86664 0.02721 0.46223 0.91997 0.23274 
322	5	0.55409 0.64868 0.12087 0.38874 0.70592 0.33888 
323	5	0.30659 0.89671 0.12286 0.16861 0.68412 0.57302 
324	5	0.25158 0.89850 0.11691 0.15613 0.71340 0.56545 
325	5	0.14372 0.89740 0.16320 0.09947 0.60392 0.65851 
326	5	0.26846 0.85158 0.16329 0.13863 0.58598 0.62011 
327	5	0.14350 0.95893 0.12162 0.09871 0.71687 0.65375 
328	5	0.18033 0.97900 0.11336 0.11291 0.74870 0.64935 
329	5	0.39731 0.93896 0.04278 0.25598 0.87616 0.42340 
330	5	0.32585 0.98284 0.02625 0.21622 0.92515 0.47199 
331	5	0.51932 0.96959 0.00848 0.41124 0.97677 0.27039 
332	5	0.52151 0.96512 0.01319 0.37222 0.96049 0.32051 
333	5	0.20707 0.81951 0.14206 0.14714 0.63007 0.56579 
334	5	0.17696 0.92118 0.14105 0.10049 0.65659 0.67891 
335	5	0.19706 0.88889 0.12460 0.13696 0.68922 0.59477 
336	5	0.21002 0.83101 0.15036 0.13639 0.62384 0.59226 
337	5	0.15522 0.89639 0.20120 0.11623 0.55525 0.64396 
338	5	0.14016 0.68135 0.36795 0.08753 0.46303 0.71512 
339	5	0.18597 0.65349 0.31313 0.10647 0.45410 0.67528 
340	5	0.22007 0.68833 0.23322 0.15970 0.47127 0.57379 
341	5	0.14770 0.66440 0.33344 0.09845 0.37543 0.69879 
342	5	0.15643 0.51534 0.43617 0.08431 0.25472 0.74052 
343	5	0.23108 0.47360 0.38015 0.11834 0.32622 0.66911 
344	5	0.13967 0.83258 0.25640 0.08360 0.48691 0.71104 
345	5	0.23333 0.91143 0.14963 0.14424 0.71097 0.61943 
346	5	0.17361 0.93563 0.20792 0.08407 0.60911 0.72828 
347	5	0.11217 0.77607 0.31018 0.06635 0.42335 0.75084 
348	5	0.11638 0.79851 0.41691 0.04350 0.31938 0.85958 
349	5	0.14872 0.86333 0.16036 0.11636 0.66641 0.62610 
