350	5	6
0	1	0.53672 0.87127 0.08674 0.37151 0.85352 0.36413 
1	1	0.75439 0.73012 0.18406 0.61782 0.85005 0.22806 
2	1	0.43429 0.77470 0.21186 0.30241 0.75727 0.46309 
3	1	0.26564 0.68422 0.53181 0.17384 0.56078 0.67350 
4	1	0.43930 0.72952 0.53269 0.23247 0.54172 0.62384 
5	1	0.59580 0.73285 0.34049 0.39179 0.67249 0.46575 
6	1	0.48758 0.73438 0.38268 0.30297 0.64445 0.52231 
7	1	0.57219 0.74541 0.42970 0.35104 0.57315 0.54894 
8	1	0.20878 0.58552 0.48147 0.10925 0.42944 0.71995 
9	1	0.50415 0.70928 0.45846 0.28226 0.54808 0.59920 
10	1	0.39631 0.87353 0.12082 0.24277 0.75553 0.49170 
11	1	0.35620 0.73134 0.40086 0.20715 0.59673 0.62081 
12	1	0.42205 0.69834 0.39061 0.24076 0.60938 0.59145 
13	1	0.37254 0.91019 0.07525 0.25608 0.86879 0.43882 
14	1	0.26320 0.86950 0.14193 0.18576 0.79663 0.55364 
15	1	0.34676 0.88356 0.27500 0.20942 0.67347 0.59445 
16	1	0.54161 0.89605 0.12549 0.37379 0.83643 0.37277 
17	1	0.37572 0.90463 0.23972 0.24828 0.73837 0.52690 
18	1	0.27420 0.87565 0.29345 0.18911 0.68294 0.59169 
19	1	0.35878 0.81166 0.27600 0.19250 0.61772 0.59538 
20	1	0.23412 0.78797 0.45531 0.09071 0.37242 0.76126 
21	1	0.32926 0.81476 0.36585 0.14655 0.50513 0.71267 
22	1	0.48337 0.82648 0.15588 0.31662 0.76393 0.43652 
23	1	0.46326 0.89371 0.15395 0.30769 0.78744 0.45541 
24	1	0.49882 0.90419 0.09811 0.35882 0.86406 0.38764 
25	1	0.27258 0.65048 0.71456 0.15004 0.51006 0.73119 
26	1	0.42017 0.80410 0.17197 0.26544 0.70104 0.48762 
27	1	0.25629 0.75576 0.40556 0.14638 0.61282 0.68497 
28	1	0.74923 0.68731 0.17196 0.59236 0.78754 0.27160 
29	1	0.73196 0.71378 0.13457 0.58246 0.82287 0.23676 
30	1	0.36881 0.83222 0.18023 0.27671 0.75972 0.45991 
31	1	0.53810 0.86144 0.12834 0.38179 0.82805 0.36407 
32	1	0.64275 0.80435 0.21429 0.45356 0.77964 0.38545 
33	1	0.22334 0.91124 0.17400 0.10680 0.61768 0.66766 
34	1	0.49569 0.92265 0.08163 0.32161 0.83151 0.41582 
35	1	0.32537 0.78100 0.20357 0.23382 0.74902 0.49678 
36	1	0.25598 0.78260 0.22159 0.23220 0.76784 0.48838 
37	1	0.34441 0.82820 0.51395 0.16950 0.65207 0.67560 
38	1	0.43865 0.57359 0.49097 0.23978 0.48746 0.60713 
39	1	0.17013 0.66402 0.46230 0.08023 0.35691 0.75584 
40	1	0.38260 0.76198 0.22598 0.22541 0.63366 0.53942 
41	1	0.46489 0.82273 0.15211 0.28508 0.73899 0.46190 
42	1	0.43331 0.89707 0.08861 0.29648 0.82802 0.42460 
43	1	0.58687 0.70927 0.30935 0.39247 0.70221 0.42895 
44	1	0.63836 0.65792 0.15526 0.46567 0.75372 0.28893 
45	1	0.31681 0.78158 0.55624 0.15423 0.49458 0.70886 
46	1	0.52415 0.79831 0.19078 0.38057 0.80549 0.39384 
47	1	0.46560 0.80925 0.11819 0.39366 0.87617 0.33147 
48	1	0.27710 0.74969 0.40902 0.15864 0.60822 0.66974 
49	1	0.37702 0.83880 0.09444 0.33751 0.86008 0.36470 
50	1	0.43169 0.80612 0.09708 0.40462 0.88162 0.30441 
51	1	0.43272 0.79615 0.28061 0.31920 0.73754 0.45772 
52	1	0.65609 0.73055 0.29779 0.46872 0.72122 0.38986 
53	1	0.59632 0.71767 0.27645 0.40211 0.72859 0.42649 
54	1	0.83389 0.62491 0.24929 0.71113 0.79679 0.22189 
55	1	0.70597 0.77083 0.19454 0.59371 0.92217 0.18218 
56	1	0.97266 0.77345 0.17415 0.95299 0.94713 0.01121 
57	1	0.67425 0.91745 0.13916 0.50459 0.82589 0.30400 
58	1	0.52015 0.87995 0.23758 0.31779 0.70516 0.48057 
59	1	0.25233 0.73826 0.43977 0.15270 0.58542 0.68370 
60	1	0.40922 0.87216 0.25815 0.24329 0.69908 0.54776 
61	1	0.51946 0.87424 0.23929 0.31553 0.69033 0.49017 
62	1	0.28948 0.95979 0.02310 0.28574 0.99505 0.34752 
63	1	0.31863 0.94572 0.04778 0.27509 0.96571 0.38589 
64	1	0.31740 0.92698 0.19971 0.21204 0.62300 0.49420 
65	1	0.44911 0.97437 0.11528 0.35655 0.79949 0.36385 
66	1	0.31588 0.96689 0.10796 0.24085 0.80620 0.44439 
67	1	0.19513 0.94065 0.23516 0.11202 0.60984 0.66556 
68	1	0.27484 0.71051 0.34417 0.19512 0.61457 0.60314 
69	1	0.44773 0.80962 0.16886 0.31853 0.79615 0.43225 
70	2	0.23442 0.77174 0.38173 0.08686 0.43702 0.77390 
71	2	0.25367 0.82213 0.35521 0.09902 0.46214 0.75918 
72	2	0.22150 0.81609 0.33868 0.08513 0.47976 0.76221 
73	2	0.18016 0.77392 0.42976 0.06470 0.41714 0.81005 
74	2	0.15998 0.84635 0.34461 0.07202 0.47348 0.77354 
75	2	0.46090 0.49893 0.22095 0.27222 0.54349 0.46665 
76	2	0.29499 0.67197 0.19442 0.18689 0.56742 0.53756 
77	2	0.52502 0.82695 0.08952 0.34892 0.84642 0.38302 
78	2	0.58074 0.93039 0.10570 0.37064 0.79074 0.45936 
79	2	0.58450 0.90983 0.11060 0.37916 0.78459 0.44103 
80	2	0.45947 0.45838 0.67913 0.23718 0.37946 0.65513 
81	2	0.47699 0.91148 0.06547 0.34872 0.86986 0.37434 
82	2	0.21733 0.90914 0.16053 0.11952 0.67343 0.67431 
83	2	0.29295 0.94775 0.11564 0.15641 0.75594 0.60983 
84	2	0.46460 0.85852 0.12849 0.29216 0.77300 0.44675 
85	2	0.41207 0.91949 0.11687 0.23734 0.76031 0.53208 
86	2	0.29947 0.90750 0.12692 0.15506 0.72642 0.60890 
87	2	0.22518 0.89709 0.15129 0.12736 0.69362 0.63212 
88	2	0.19081 0.89348 0.14962 0.12517 0.69165 0.63577 
89	2	0.27730 0.94476 0.12401 0.17830 0.74991 0.54838 
90	2	0.27291 0.89482 0.10544 0.20357 0.75138 0.52191 
91	2	1.00000 0.01838 0.15259 1.00000 0.88789 0.00000 
92	2	0.26517 0.85275 0.16474 0.14630 0.67609 0.60387 
93	2	0.16262 0.72363 0.23434 0.11507 0.49510 0.61696 
94	2	0.13009 0.69353 0.36841 0.07862 0.42077 0.72208 
95	2	0.29997 0.75144 0.20723 0.16165 0.56268 0.56895 
96	2	0.16163 0.87189 0.18382 0.10003 0.59481 0.64635 
97	2	0.22709 0.79642 0.18512 0.12438 0.58791 0.60344 
98	2	0.24045 0.89123 0.12673 0.15819 0.70842 0.55197 
99	2	0.35529 0.86865 0.10632 0.24476 0.74067 0.44089 
100	2	0.24328 0.92028 0.09908 0.19784 0.76049 0.46844 
101	2	0.42227 0.92878 0.05186 0.30558 0.86845 0.34592 
102	2	0.50073 0.00000 0.68671 0.27771 0.34423 0.60492 
103	2	0.16013 0.77964 0.21951 0.11657 0.54788 0.63774 
104	2	0.17325 0.80289 0.17386 0.12745 0.59239 0.58820 
105	2	0.20707 0.88767 0.23308 0.09411 0.56755 0.70171 
106	2	0.21786 0.74391 0.26987 0.11172 0.47213 0.65703 
107	2	0.28326 0.85049 0.13251 0.17628 0.67853 0.52523 
108	2	0.18001 0.89013 0.20546 0.08640 0.57431 0.69637 
109	2	0.13029 0.90157 0.24051 0.07730 0.52495 0.72210 
110	2	0.24518 0.82552 0.12607 0.17710 0.72452 0.49009 
111	2	0.22378 0.66236 0.31117 0.10922 0.40000 0.66257 
112	2	0.37416 0.84887 0.12195 0.23229 0.77286 0.49497 
113	2	0.32230 0.16858 0.47074 0.21183 0.45663 0.56029 
114	2	0.16630 0.20702 0.84484 0.06609 0.16146 0.81293 
115	2	0.14582 0.27598 0.80972 0.05677 0.15781 0.80920 
116	2	0.18898 0.58017 0.45229 0.09278 0.35125 0.73262 
117	2	0.25415 0.90796 0.13907 0.14960 0.68294 0.61073 
118	2	0.43721 0.86010 0.04414 0.35179 0.91021 0.28364 
119	2	0.50809 0.94702 0.07015 0.31984 0.84181 0.40957 
120	2	0.61572 0.82093 0.14994 0.41991 0.78099 0.38839 
121	2	0.63732 0.79967 0.14574 0.45574 0.81784 0.35830 
122	2	0.27830 0.85269 0.21387 0.16794 0.60497 0.58620 
123	2	0.71216 0.33851 0.20747 0.56637 0.78926 0.23868 
124	2	0.16947 0.82901 0.19679 0.12567 0.60672 0.60370 
125	2	0.29613 0.84145 0.21583 0.13376 0.54199 0.65083 
126	2	0.29909 0.47080 0.46146 0.13062 0.33550 0.68313 
127	2	0.20424 0.08901 0.82637 0.08035 0.15014 0.77879 
128	2	0.38285 0.90638 0.07104 0.35813 0.91033 0.31146 
129	2	0.34617 0.90775 0.09150 0.30279 0.86324 0.37320 
130	2	0.66809 0.83654 0.13533 0.48327 0.79207 0.33871 
131	2	0.30001 0.17541 0.75790 0.12169 0.20518 0.74610 
132	2	0.32475 0.69272 0.37886 0.14832 0.44012 0.66114 
133	2	0.15648 0.08530 1.00000 0.05125 0.03185 0.84290 
134	2	0.64053 0.82770 0.21050 0.44454 0.75595 0.40428 
135	2	0.36453 0.85756 0.15448 0.18848 0.67948 0.58344 
136	2	0.19829 0.91059 0.14352 0.11300 0.67637 0.65678 
137	2	0.54642 0.75734 0.29563 0.34151 0.64922 0.47777 
138	2	0.05927 0.81099 0.38235 0.05007 0.42270 0.80061 
139	2	0.08316 0.72316 0.48527 0.04157 0.27720 0.83275 
140	3	0.21775 0.92858 0.13057 0.13589 0.76950 0.61372 
141	3	0.11210 0.90753 0.20005 0.08346 0.70399 0.72106 
142	3	0.29299 0.93396 0.13894 0.14649 0.75972 0.61683 
143	3	0.11560 0.88394 0.20206 0.09013 0.68077 0.68706 
144	3	0.08618 0.53519 0.87342 0.01815 0.10311 0.92991 
145	3	0.10201 0.48561 0.55493 0.05326 0.19325 0.80105 
146	3	0.04277 0.47587 0.71270 0.02637 0.10885 0.86786 
147	3	0.10893 0.77492 0.39971 0.06376 0.49880 0.78853 
148	3	0.09913 0.88690 0.22799 0.07560 0.60866 0.72888 
149	3	0.10560 0.88141 0.25498 0.06949 0.53906 0.73965 
150	3	0.23048 0.87677 0.30994 0.08703 0.49812 0.77274 
151	3	0.20682 0.91055 0.22045 0.09178 0.57701 0.72770 
152	3	0.11790 0.92285 0.16698 0.09808 0.67671 0.67055 
153	3	0.18833 0.84455 0.33999 0.07630 0.54133 0.77565 
154	3	0.09544 0.81290 0.36269 0.05239 0.49329 0.81260 
155	3	0.13280 0.93603 0.15503 0.10019 0.70433 0.65466 
156	3	0.36051 0.93961 0.10423 0.20420 0.77567 0.50882 
157	3	0.23988 0.97979 0.08871 0.17117 0.78883 0.53875 
158	3	0.25050 0.84529 0.13666 0.19766 0.68837 0.47992 
159	3	0.30355 0.89177 0.13028 0.23272 0.74950 0.45924 
160	3	0.56986 0.82212 0.15721 0.36882 0.67485 0.39731 
161	3	0.81015 0.92987 0.03611 0.68158 0.93800 0.17479 
162	3	0.40177 0.92845 0.09094 0.24283 0.76579 0.46159 
163	3	0.40189 0.92167 0.09860 0.24535 0.79086 0.45229 
164	3	0.27903 0.93192 0.17352 0.14645 0.67942 0.62259 
165	3	0.20433 0.81513 0.40600 0.09909 0.53690 0.74029 
166	3	0.42414 0.68729 0.34993 0.27180 0.64068 0.50723 
167	3	0.34047 0.76432 0.30561 0.23127 0.66653 0.53446 
168	3	0.40494 0.91721 0.16942 0.22290 0.75575 0.53655 
169	3	0.32178 0.93731 0.10174 0.22322 0.86577 0.48349 
170	3	0.17731 0.73751 0.32676 0.10539 0.50162 0.69683 
171	3	0.23798 0.69404 0.44186 0.09532 0.43142 0.75243 
172	3	0.39750 0.70983 0.34222 0.20169 0.56601 0.62622 
173	3	0.34458 0.85193 0.09869 0.23281 0.77589 0.47594 
174	3	0.38064 0.72174 0.52379 0.17988 0.49784 0.68775 
175	3	0.25924 0.87399 0.19971 0.14753 0.65945 0.61427 
176	3	0.26716 0.78233 0.36818 0.12501 0.49949 0.69545 
177	3	0.25593 0.80627 0.33342 0.14766 0.63550 0.64876 
178	3	0.28595 0.81119 0.28051 0.14893 0.65798 0.63242 
179	3	0.24412 0.80091 0.34026 0.11424 0.56683 0.69745 
180	3	0.22113 0.81881 0.28145 0.11942 0.62872 0.65518 
181	3	0.16608 0.84056 0.23389 0.12997 0.68727 0.61920 
182	3	0.08448 0.71996 0.60298 0.02467 0.28214 0.91076 
183	3	0.19593 0.91544 0.14132 0.14997 0.78685 0.57024 
184	3	0.14467 0.88028 0.14650 0.12397 0.69829 0.61399 
185	3	0.20218 0.83202 0.15363 0.14799 0.67539 0.57762 
186	3	0.10015 0.72127 0.62584 0.03826 0.30264 0.88541 
187	3	0.12720 0.73882 0.52582 0.04885 0.34870 0.85266 
188	3	0.06929 0.75352 0.70020 0.01696 0.24727 0.95019 
189	3	0.17185 0.81780 0.26561 0.11511 0.62920 0.67698 
190	3	0.17502 0.67966 0.61318 0.08274 0.34144 0.81444 
191	3	0.03765 0.66271 0.73967 0.01578 0.17902 0.93504 
192	3	0.04628 0.62816 0.73172 0.02575 0.18877 0.89516 
193	3	0.00000 0.52181 0.92300 0.00000 0.00000 1.00000 
194	3	0.38370 0.91644 0.15708 0.22611 0.81614 0.54113 
195	3	0.35305 0.95817 0.15500 0.19612 0.81299 0.58252 
196	3	0.32691 0.97694 0.13150 0.18356 0.82291 0.58362 
197	3	0.55155 0.86489 0.16759 0.35865 0.76697 0.43000 
198	3	0.43226 0.85087 0.18989 0.25480 0.75029 0.50588 
199	3	0.30105 0.94815 0.12919 0.20277 0.79442 0.51958 
200	3	0.20757 0.96423 0.09556 0.13297 0.82458 0.60384 
201	3	0.22666 0.87362 0.16720 0.14035 0.73659 0.61611 
202	3	0.19579 0.85233 0.20862 0.11636 0.65443 0.64639 
203	3	0.18203 0.84925 0.22490 0.10650 0.64265 0.67093 
204	3	0.32979 0.87184 0.09168 0.22554 0.81266 0.47562 
205	3	0.47662 0.66576 0.52591 0.28800 0.52597 0.54334 
206	3	0.32900 0.72161 0.42585 0.21293 0.52680 0.57883 
207	3	0.27334 0.74277 0.41685 0.15272 0.59293 0.63750 
208	3	0.25573 0.81516 0.20529 0.17816 0.66575 0.56372 
209	3	0.15452 0.87866 0.19952 0.10228 0.67475 0.66510 
210	4	0.34316 0.96220 0.06660 0.25264 0.87586 0.46577 
211	4	0.40668 0.93526 0.05809 0.30209 0.88258 0.40483 
212	4	0.43416 0.91222 0.06634 0.29733 0.86550 0.40052 
213	4	0.27816 0.94662 0.08377 0.18741 0.83096 0.51673 
214	4	0.37091 0.85888 0.17014 0.23302 0.74235 0.52610 
215	4	0.41695 0.82983 0.22113 0.23588 0.69074 0.54598 
216	4	0.45634 0.87788 0.11063 0.32023 0.82738 0.41987 
217	4	0.57689 0.84943 0.05162 0.45910 0.91003 0.24782 
218	4	0.51476 0.91168 0.02741 0.40215 0.95577 0.28429 
219	4	0.56280 0.86914 0.08279 0.37869 0.84391 0.38402 
220	4	0.34623 0.91828 0.08957 0.23609 0.78684 0.48702 
221	4	0.35088 0.90448 0.08629 0.23040 0.81951 0.46153 
222	4	0.19966 0.85218 0.18187 0.15662 0.72628 0.60217 
223	4	0.37193 0.98211 0.04148 0.22593 0.90788 0.48336 
224	4	0.23850 0.81503 0.18562 0.17553 0.69717 0.55458 
225	4	0.36605 0.90387 0.11864 0.21774 0.79039 0.53916 
226	4	0.50074 0.93488 0.06494 0.32440 0.85233 0.41867 
227	4	0.24457 0.83311 0.24308 0.12323 0.61503 0.67218 
228	4	0.23539 0.92091 0.17438 0.12702 0.68592 0.64077 
229	4	0.12207 0.84664 0.25754 0.07552 0.53777 0.72967 
230	4	0.33031 0.93475 0.08706 0.24375 0.81329 0.48532 
231	4	0.25545 0.92295 0.11061 0.17396 0.74213 0.56089 
232	4	0.20475 0.90322 0.11530 0.16619 0.76619 0.53132 
233	4	0.25048 0.79865 0.30241 0.13055 0.56790 0.66610 
234	4	0.12460 0.75122 0.31693 0.08516 0.48073 0.72017 
235	4	0.33396 0.85187 0.19933 0.18145 0.65336 0.60193 
236	4	0.41837 0.91134 0.08923 0.28231 0.84202 0.43861 
237	4	0.35918 0.92796 0.05686 0.30891 0.89118 0.39183 
238	4	0.62855 0.85795 0.30095 0.42487 0.70763 0.45030 
239	4	0.27772 1.00000 0.01553 0.25515 0.99755 0.36982 
240	4	0.28578 0.95154 0.01821 0.30959 0.97763 0.30081 
241	4	0.30928 0.78103 0.27354 0.15624 0.63832 0.64968 
242	4	0.27348 0.83947 0.19054 0.16209 0.71228 0.60142 
243	4	0.17820 0.90709 0.16499 0.13680 0.75637 0.58579 
244	4	0.29556 0.96332 0.06211 0.20061 0.91115 0.46481 
245	4	0.24682 0.88414 0.18816 0.12135 0.66382 0.67063 
246	4	0.23023 0.77086 0.37006 0.09962 0.53193 0.73938 
247	4	0.37757 0.75178 0.22309 0.20017 0.65163 0.57756 
248	4	0.24226 0.72161 0.44069 0.13659 0.53030 0.66748 
249	4	0.46059 0.91601 0.10249 0.31554 0.86951 0.41337 
250	4	0.48659 0.94724 0.16550 0.29814 0.74482 0.49312 
251	4	0.44816 0.79365 0.24240 0.24484 0.63486 0.55367 
252	4	0.34953 0.96903 0.06558 0.24440 0.87108 0.42139 
253	4	0.41371 0.88257 0.18527 0.25473 0.74820 0.47979 
254	4	0.43005 0.93005 0.07288 0.30793 0.87766 0.36242 
255	4	0.23619 0.96018 0.05447 0.23266 0.90338 0.39368 
256	4	0.32009 0.89664 0.16687 0.18075 0.74690 0.54251 
257	4	0.27181 0.88716 0.19054 0.16573 0.78684 0.57997 
258	4	0.47613 0.62614 0.33845 0.26126 0.55459 0.56315 
259	4	0.47189 0.73582 0.29696 0.25591 0.59238 0.59080 
260	4	0.52212 0.61161 0.34914 0.30222 0.56471 0.55905 
261	4	0.42670 0.89215 0.25725 0.22178 0.67009 0.61688 
262	4	0.41778 0.78715 0.31213 0.21153 0.58603 0.62918 
263	4	0.43881 0.79501 0.26435 0.23675 0.61022 0.57560 
264	4	0.53115 0.92291 0.05034 0.38332 0.89992 0.30703 
265	4	0.41721 0.89345 0.17004 0.24267 0.75777 0.49805 
266	4	0.51335 0.88076 0.09584 0.34466 0.85151 0.35676 
267	4	0.29892 0.87649 0.19230 0.17439 0.74009 0.55763 
268	4	0.22517 0.84794 0.19952 0.16147 0.75360 0.58353 
269	4	0.16061 0.85469 0.21292 0.13765 0.75102 0.60423 
270	4	0.16562 0.79242 0.34199 0.08309 0.54891 0.75137 
271	4	0.17243 0.79046 0.36152 0.08127 0.54080 0.76519 
272	4	0.18886 0.81700 0.25347 0.12003 0.61337 0.67820 
273	4	0.19962 0.77155 0.32790 0.10040 0.57382 0.71834 
274	4	0.39500 0.91753 0.17362 0.22127 0.81417 0.55166 
275	4	0.44705 0.86755 0.17860 0.25447 0.73701 0.52044 
276	4	0.85062 0.80922 0.12897 0.74451 0.89533 0.15849 
277	4	0.44449 0.85530 0.15237 0.27808 0.78166 0.44360 
278	4	0.29522 0.88986 0.17012 0.16606 0.74624 0.57720 
279	4	0.36923 0.96602 0.06177 0.28682 0.89346 0.37465 
280	5	0.34574 0.96791 0.05611 0.21937 0.87785 0.49023 
281	5	0.16841 0.86539 0.32576 0.06960 0.55152 0.79161 
282	5	0.10079 0.86470 0.25279 0.06571 0.52982 0.75494 
283	5	0.34392 0.94146 0.06022 0.25885 0.88937 0.43805 
284	5	0.30572 0.95286 0.08123 0.18892 0.83032 0.54604 
285	5	0.32410 0.95432 0.07287 0.26253 0.88839 0.45904 
286	5	0.16799 0.97962 0.11521 0.12487 0.75832 0.62176 
287	5	0.13198 0.89077 0.16075 0.09738 0.64984 0.67140 
288	5	0.31279 0.79875 0.16569 0.18812 0.68309 0.54812 
289	5	0.51513 0.96331 0.01810 0.37506 0.95365 0.31806 
290	5	0.53103 0.96392 0.01485 0.39749 0.96185 0.29415 
291	5	0.18773 0.96187 0.05347 0.15535 0.86036 0.54466 
292	5	0.40982 0.96113 0.05724 0.24635 0.87038 0.47719 
293	5	0.29538 0.97141 0.03667 0.19189 0.89990 0.49783 
294	5	0.20554 0.97872 0.03008 0.16624 0.91199 0.50030 
295	5	0.22325 0.96496 0.04273 0.17483 0.88631 0.50892 
296	5	0.43981 0.85517 0.08837 0.28574 0.81327 0.42676 
297	5	0.32354 0.96621 0.02901 0.25846 0.91845 0.41659 
298	5	0.15649 0.95736 0.06314 0.14380 0.83439 0.56154 
299	5	0.28975 0.82169 0.19118 0.17366 0.59579 0.57609 
300	5	0.17499 0.80018 0.26594 0.09804 0.49184 0.69282 
301	5	0.13758 0.93440 0.11302 0.11795 0.74672 0.60473 
302	5	0.30676 0.98191 0.01277 0.25564 0.96392 0.40386 
303	5	0.26133 0.99280 0.00000 0.23967 1.00000 0.38523 
304	5	0.18967 0.94736 0.07341 0.16551 0.83851 0.54326 
305	5	0.42742 0.87405 0.09225 0.24874 0.75107 0.46665 
306	5	0.09653 0.76413 0.48405 0.03903 0.34814 0.85050 
307	5	0.18013 0.57209 0.44295 0.07246 0.26884 0.75464 
308	5	0.05162 0.70833 0.47063 0.03058 0.24487 0.85838 
309	5	0.08918 0.58074 0.46932 0.05357 0.24631 0.77654 
310	5	0.13675 0.87695 0.17652 0.09059 0.59021 0.67238 
311	5	0.16958 0.78568 0.22582 0.10005 0.52477 0.66257 
312	5	0.12176 0.58151 0.45916 0.05851 0.24802 0.77408 
313	5	0.12689 0.81367 0.29851 0.07408 0.52123 0.73699 
314	5	0.69973 0.85294 0.04819 0.53517 0.87230 0.25081 
315	5	0.11129 0.63999 0.39220 0.06391 0.29732 0.75337 
316	5	0.24241 0.52886 0.35054 0.12375 0.35021 0.65307 
317	5	0.13630 0.92658 0.16671 0.08627 0.62628 0.68416 
318	5	0.21077 0.47967 0.40491 0.10061 0.28945 0.68758 
319	5	0.09020 0.89001 0.20200 0.07222 0.56453 0.71022 
320	5	0.17459 0.81640 0.26801 0.08155 0.50086 0.71559 
321	5	0.57427 0.87899 0.02900 0.43935 0.91684 0.25698 
322	5	0.50008 0.67518 0.13160 0.33417 0.69311 0.37632 
323	5	0.32460 0.90520 0.12221 0.17121 0.69984 0.57005 
324	5	0.25403 0.90432 0.11806 0.15299 0.72387 0.56257 
325	5	0.17023 0.90377 0.17268 0.09719 0.60127 0.66060 
326	5	0.26301 0.85722 0.16766 0.13536 0.59347 0.61806 
327	5	0.16442 0.96103 0.12253 0.10404 0.72063 0.63930 
328	5	0.19695 0.98254 0.10051 0.13117 0.77792 0.60866 
329	5	0.36125 0.94646 0.04455 0.23174 0.87698 0.44218 
330	5	0.35752 0.98479 0.02135 0.23592 0.93951 0.43879 
331	5	0.47709 0.97253 0.00949 0.39823 0.97501 0.27263 
332	5	0.55919 0.96809 0.01050 0.39932 0.96898 0.29933 
333	5	0.20636 0.84451 0.14998 0.13613 0.63188 0.58607 
334	5	0.19911 0.93139 0.14621 0.09992 0.66264 0.68117 
335	5	0.20258 0.90700 0.13638 0.12323 0.68308 0.62512 
336	5	0.27494 0.83555 0.13959 0.15766 0.65997 0.55699 
337	5	0.17805 0.90237 0.20396 0.12140 0.57373 0.63234 
338	5	0.12504 0.71106 0.36891 0.08558 0.47769 0.71527 
339	5	0.13928 0.69257 0.33297 0.08956 0.45262 0.70857 
340	5	0.27703 0.67482 0.23758 0.16580 0.48679 0.56905 
341	5	0.20921 0.65792 0.33369 0.10911 0.40435 0.68233 
342	5	0.18867 0.49733 0.40152 0.10132 0.29880 0.68967 
343	5	0.22742 0.47092 0.40528 0.11499 0.31835 0.67360 
344	5	0.25733 0.86771 0.21185 0.12118 0.58156 0.66425 
345	5	0.18773 0.92855 0.14245 0.14216 0.74411 0.61286 
346	5	0.19309 0.94635 0.20773 0.09625 0.64823 0.71147 
347	5	0.12068 0.79569 0.32166 0.06224 0.42815 0.75705 
348	5	0.09950 0.81528 0.38501 0.04392 0.36123 0.84078 
349	5	0.20802 0.89733 0.15044 0.15016 0.69977 0.58259 
