350	5	32
0	1	0.03199 0.00000 0.00000 0.00000 0.21029 0.00000 0.00000 0.00000 0.08455 0.00000 0.00000 0.00000 0.51452 0.00000 0.00000 0.00000 0.02607 0.00000 0.00000 0.00000 0.04702 0.00000 0.00000 0.00000 0.04105 0.00000 0.00000 0.00000 0.04451 0.00000 0.00000 0.00000 
1	1	0.01741 0.00000 0.00000 0.00000 0.01027 0.00000 0.00000 0.00000 0.07138 0.00000 0.00000 0.00000 0.71782 0.00000 0.00000 0.00000 0.02442 0.00000 0.00000 0.00000 0.05185 0.00000 0.00000 0.00000 0.04589 0.00000 0.00000 0.00000 0.06095 0.00000 0.00000 0.00000 
2	1	0.04430 0.00000 0.00000 0.00000 0.15849 0.00000 0.00000 0.00000 0.11797 0.00000 0.00000 0.00000 0.44845 0.00000 0.00000 0.00000 0.05350 0.00000 0.00000 0.00000 0.08324 0.00000 0.00000 0.00000 0.04648 0.00000 0.00000 0.00000 0.04756 0.00000 0.00000 0.00000 
3	1	0.04437 0.00000 0.00000 0.00000 0.02668 0.00000 0.00000 0.00000 0.21963 0.00000 0.00000 0.00000 0.37216 0.00000 0.00000 0.00000 0.08050 0.00000 0.00000 0.00000 0.11603 0.00000 0.00000 0.00000 0.06690 0.00000 0.00000 0.00000 0.07372 0.00000 0.00000 0.00000 
4	1	0.16002 0.00000 0.00000 0.00000 0.03657 0.00000 0.00000 0.00000 0.03648 0.00000 0.00000 0.00000 0.42760 0.00000 0.00000 0.00000 0.08211 0.00000 0.00000 0.00000 0.10600 0.00000 0.00000 0.00000 0.06907 0.00000 0.00000 0.00000 0.08215 0.00000 0.00000 0.00000 
5	1	0.03565 0.00000 0.00000 0.00000 0.02441 0.00000 0.00000 0.00000 0.00872 0.00000 0.00000 0.00000 0.63165 0.00000 0.00000 0.00000 0.05955 0.00000 0.00000 0.00000 0.09957 0.00000 0.00000 0.00000 0.06150 0.00000 0.00000 0.00000 0.07894 0.00000 0.00000 0.00000 
6	1	0.04062 0.00000 0.00000 0.00000 0.01627 0.00000 0.00000 0.00000 0.01437 0.00000 0.00000 0.00000 0.61205 0.00000 0.00000 0.00000 0.06380 0.00000 0.00000 0.00000 0.10200 0.00000 0.00000 0.00000 0.06395 0.00000 0.00000 0.00000 0.08693 0.00000 0.00000 0.00000 
7	1	0.08970 0.00000 0.00000 0.00000 0.02594 0.00000 0.00000 0.00000 0.08929 0.00000 0.00000 0.00000 0.45733 0.00000 0.00000 0.00000 0.07784 0.00000 0.00000 0.00000 0.11263 0.00000 0.00000 0.00000 0.07096 0.00000 0.00000 0.00000 0.07631 0.00000 0.00000 0.00000 
8	1	0.05311 0.00000 0.00000 0.00000 0.25981 0.00000 0.00000 0.00000 0.10051 0.00000 0.00000 0.00000 0.14106 0.00000 0.00000 0.00000 0.09633 0.00000 0.00000 0.00000 0.18727 0.00000 0.00000 0.00000 0.08045 0.00000 0.00000 0.00000 0.08145 0.00000 0.00000 0.00000 
9	1	0.05899 0.00000 0.00000 0.00000 0.03700 0.00000 0.00000 0.00000 0.05291 0.00000 0.00000 0.00000 0.48899 0.00000 0.00000 0.00000 0.07825 0.00000 0.00000 0.00000 0.12707 0.00000 0.00000 0.00000 0.06883 0.00000 0.00000 0.00000 0.08797 0.00000 0.00000 0.00000 
10	1	0.02247 0.00000 0.00000 0.00000 0.17351 0.00000 0.00000 0.00000 0.05954 0.00000 0.00000 0.00000 0.51300 0.00000 0.00000 0.00000 0.03146 0.00000 0.00000 0.00000 0.10734 0.00000 0.00000 0.00000 0.02703 0.00000 0.00000 0.00000 0.06564 0.00000 0.00000 0.00000 
11	1	0.06259 0.00000 0.00000 0.00000 0.04145 0.00000 0.00000 0.00000 0.17107 0.00000 0.00000 0.00000 0.40401 0.00000 0.00000 0.00000 0.07438 0.00000 0.00000 0.00000 0.11655 0.00000 0.00000 0.00000 0.06348 0.00000 0.00000 0.00000 0.06647 0.00000 0.00000 0.00000 
12	1	0.04189 0.00000 0.00000 0.00000 0.03652 0.00000 0.00000 0.00000 0.11659 0.00000 0.00000 0.00000 0.49054 0.00000 0.00000 0.00000 0.06450 0.00000 0.00000 0.00000 0.11120 0.00000 0.00000 0.00000 0.05912 0.00000 0.00000 0.00000 0.07963 0.00000 0.00000 0.00000 
13	1	0.03191 0.00000 0.00000 0.00000 0.28057 0.00000 0.00000 0.00000 0.10717 0.00000 0.00000 0.00000 0.41813 0.00000 0.00000 0.00000 0.02228 0.00000 0.00000 0.00000 0.05751 0.00000 0.00000 0.00000 0.04681 0.00000 0.00000 0.00000 0.03560 0.00000 0.00000 0.00000 
14	1	0.37881 0.00000 0.00000 0.00000 0.36471 0.00000 0.00000 0.00000 0.02137 0.00000 0.00000 0.00000 0.07254 0.00000 0.00000 0.00000 0.05286 0.00000 0.00000 0.00000 0.06910 0.00000 0.00000 0.00000 0.02276 0.00000 0.00000 0.00000 0.01783 0.00000 0.00000 0.00000 
15	1	0.10900 0.00000 0.00000 0.00000 0.08725 0.00000 0.00000 0.00000 0.12807 0.00000 0.00000 0.00000 0.44758 0.00000 0.00000 0.00000 0.06800 0.00000 0.00000 0.00000 0.08103 0.00000 0.00000 0.00000 0.04052 0.00000 0.00000 0.00000 0.03855 0.00000 0.00000 0.00000 
16	1	0.04382 0.00000 0.00000 0.00000 0.18422 0.00000 0.00000 0.00000 0.48057 0.00000 0.00000 0.00000 0.13641 0.00000 0.00000 0.00000 0.03381 0.00000 0.00000 0.00000 0.05635 0.00000 0.00000 0.00000 0.03705 0.00000 0.00000 0.00000 0.02775 0.00000 0.00000 0.00000 
17	1	0.12351 0.00000 0.00000 0.00000 0.08723 0.00000 0.00000 0.00000 0.00977 0.00000 0.00000 0.00000 0.63237 0.00000 0.00000 0.00000 0.04966 0.00000 0.00000 0.00000 0.04999 0.00000 0.00000 0.00000 0.02075 0.00000 0.00000 0.00000 0.02671 0.00000 0.00000 0.00000 
18	1	0.11166 0.00000 0.00000 0.00000 0.14512 0.00000 0.00000 0.00000 0.00401 0.00000 0.00000 0.00000 0.55414 0.00000 0.00000 0.00000 0.06260 0.00000 0.00000 0.00000 0.06320 0.00000 0.00000 0.00000 0.02488 0.00000 0.00000 0.00000 0.03438 0.00000 0.00000 0.00000 
19	1	0.03694 0.00000 0.00000 0.00000 0.14732 0.00000 0.00000 0.00000 0.36585 0.00000 0.00000 0.00000 0.15176 0.00000 0.00000 0.00000 0.07545 0.00000 0.00000 0.00000 0.14303 0.00000 0.00000 0.00000 0.06377 0.00000 0.00000 0.00000 0.01588 0.00000 0.00000 0.00000 
20	1	0.13390 0.00000 0.00000 0.00000 0.10405 0.00000 0.00000 0.00000 0.13227 0.00000 0.00000 0.00000 0.18139 0.00000 0.00000 0.00000 0.14926 0.00000 0.00000 0.00000 0.20075 0.00000 0.00000 0.00000 0.07564 0.00000 0.00000 0.00000 0.02273 0.00000 0.00000 0.00000 
21	1	0.16233 0.00000 0.00000 0.00000 0.07787 0.00000 0.00000 0.00000 0.13372 0.00000 0.00000 0.00000 0.25410 0.00000 0.00000 0.00000 0.07589 0.00000 0.00000 0.00000 0.13784 0.00000 0.00000 0.00000 0.06860 0.00000 0.00000 0.00000 0.08964 0.00000 0.00000 0.00000 
22	1	0.03385 0.00000 0.00000 0.00000 0.10147 0.00000 0.00000 0.00000 0.63305 0.00000 0.00000 0.00000 0.01922 0.00000 0.00000 0.00000 0.04945 0.00000 0.00000 0.00000 0.10177 0.00000 0.00000 0.00000 0.05068 0.00000 0.00000 0.00000 0.01052 0.00000 0.00000 0.00000 
23	1	0.06787 0.00000 0.00000 0.00000 0.06096 0.00000 0.00000 0.00000 0.58998 0.00000 0.00000 0.00000 0.06414 0.00000 0.00000 0.00000 0.06558 0.00000 0.00000 0.00000 0.09120 0.00000 0.00000 0.00000 0.04498 0.00000 0.00000 0.00000 0.01529 0.00000 0.00000 0.00000 
24	1	0.07970 0.00000 0.00000 0.00000 0.05412 0.00000 0.00000 0.00000 0.55757 0.00000 0.00000 0.00000 0.13836 0.00000 0.00000 0.00000 0.04894 0.00000 0.00000 0.00000 0.06416 0.00000 0.00000 0.00000 0.03940 0.00000 0.00000 0.00000 0.01775 0.00000 0.00000 0.00000 
25	1	0.07564 0.00000 0.00000 0.00000 0.04551 0.00000 0.00000 0.00000 0.00000 0.00000 0.00000 0.00000 0.58290 0.00000 0.00000 0.00000 0.09476 0.00000 0.00000 0.00000 0.10934 0.00000 0.00000 0.00000 0.00000 0.00000 0.00000 0.00000 0.09185 0.00000 0.00000 0.00000 
26	1	0.02671 0.00000 0.00000 0.00000 0.17211 0.00000 0.00000 0.00000 0.05521 0.00000 0.00000 0.00000 0.45921 0.00000 0.00000 0.00000 0.05063 0.00000 0.00000 0.00000 0.13533 0.00000 0.00000 0.00000 0.03163 0.00000 0.00000 0.00000 0.06917 0.00000 0.00000 0.00000 
27	1	0.09622 0.00000 0.00000 0.00000 0.15420 0.00000 0.00000 0.00000 0.12332 0.00000 0.00000 0.00000 0.38663 0.00000 0.00000 0.00000 0.07633 0.00000 0.00000 0.00000 0.08903 0.00000 0.00000 0.00000 0.02827 0.00000 0.00000 0.00000 0.04600 0.00000 0.00000 0.00000 
28	1	0.02091 0.00000 0.00000 0.00000 0.02389 0.00000 0.00000 0.00000 0.21489 0.00000 0.00000 0.00000 0.44969 0.00000 0.00000 0.00000 0.03052 0.00000 0.00000 0.00000 0.09203 0.00000 0.00000 0.00000 0.06941 0.00000 0.00000 0.00000 0.09865 0.00000 0.00000 0.00000 
29	1	0.01581 0.00000 0.00000 0.00000 0.02983 0.00000 0.00000 0.00000 0.07257 0.00000 0.00000 0.00000 0.60770 0.00000 0.00000 0.00000 0.02252 0.00000 0.00000 0.00000 0.09028 0.00000 0.00000 0.00000 0.05677 0.00000 0.00000 0.00000 0.10451 0.00000 0.00000 0.00000 
30	1	0.01361 0.00000 0.00000 0.00000 0.01843 0.00000 0.00000 0.00000 0.00011 0.00000 0.00000 0.00000 0.80318 0.00000 0.00000 0.00000 0.02164 0.00000 0.00000 0.00000 0.06265 0.00000 0.00000 0.00000 0.01132 0.00000 0.00000 0.00000 0.06905 0.00000 0.00000 0.00000 
31	1	0.01335 0.00000 0.00000 0.00000 0.02185 0.00000 0.00000 0.00000 0.00137 0.00000 0.00000 0.00000 0.77947 0.00000 0.00000 0.00000 0.01755 0.00000 0.00000 0.00000 0.06182 0.00000 0.00000 0.00000 0.03403 0.00000 0.00000 0.00000 0.07055 0.00000 0.00000 0.00000 
32	1	0.04163 0.00000 0.00000 0.00000 0.08127 0.00000 0.00000 0.00000 0.11078 0.00000 0.00000 0.00000 0.55305 0.00000 0.00000 0.00000 0.04292 0.00000 0.00000 0.00000 0.07137 0.00000 0.00000 0.00000 0.04475 0.00000 0.00000 0.00000 0.05423 0.00000 0.00000 0.00000 
33	1	0.07841 0.00000 0.00000 0.00000 0.20127 0.00000 0.00000 0.00000 0.04207 0.00000 0.00000 0.00000 0.31878 0.00000 0.00000 0.00000 0.10896 0.00000 0.00000 0.00000 0.17779 0.00000 0.00000 0.00000 0.02403 0.00000 0.00000 0.00000 0.04869 0.00000 0.00000 0.00000 
34	1	0.08844 0.00000 0.00000 0.00000 0.11915 0.00000 0.00000 0.00000 0.37155 0.00000 0.00000 0.00000 0.23022 0.00000 0.00000 0.00000 0.04981 0.00000 0.00000 0.00000 0.08022 0.00000 0.00000 0.00000 0.02791 0.00000 0.00000 0.00000 0.03270 0.00000 0.00000 0.00000 
35	1	0.03267 0.00000 0.00000 0.00000 0.22650 0.00000 0.00000 0.00000 0.15355 0.00000 0.00000 0.00000 0.33737 0.00000 0.00000 0.00000 0.04082 0.00000 0.00000 0.00000 0.10465 0.00000 0.00000 0.00000 0.04829 0.00000 0.00000 0.00000 0.05615 0.00000 0.00000 0.00000 
36	1	0.02314 0.00000 0.00000 0.00000 0.07917 0.00000 0.00000 0.00000 0.16669 0.00000 0.00000 0.00000 0.43988 0.00000 0.00000 0.00000 0.03475 0.00000 0.00000 0.00000 0.11606 0.00000 0.00000 0.00000 0.05127 0.00000 0.00000 0.00000 0.08904 0.00000 0.00000 0.00000 
37	1	0.32727 0.00000 0.00000 0.00000 0.07647 0.00000 0.00000 0.00000 0.00001 0.00000 0.00000 0.00000 0.42437 0.00000 0.00000 0.00000 0.05387 0.00000 0.00000 0.00000 0.05634 0.00000 0.00000 0.00000 0.00656 0.00000 0.00000 0.00000 0.05512 0.00000 0.00000 0.00000 
38	1	0.05675 0.00000 0.00000 0.00000 0.04117 0.00000 0.00000 0.00000 0.01568 0.00000 0.00000 0.00000 0.48429 0.00000 0.00000 0.00000 0.07886 0.00000 0.00000 0.00000 0.15716 0.00000 0.00000 0.00000 0.02514 0.00000 0.00000 0.00000 0.14094 0.00000 0.00000 0.00000 
39	1	0.12527 0.00000 0.00000 0.00000 0.11965 0.00000 0.00000 0.00000 0.03523 0.00000 0.00000 0.00000 0.20916 0.00000 0.00000 0.00000 0.13260 0.00000 0.00000 0.00000 0.23068 0.00000 0.00000 0.00000 0.04620 0.00000 0.00000 0.00000 0.10120 0.00000 0.00000 0.00000 
40	1	0.02996 0.00000 0.00000 0.00000 0.13337 0.00000 0.00000 0.00000 0.00696 0.00000 0.00000 0.00000 0.46848 0.00000 0.00000 0.00000 0.05034 0.00000 0.00000 0.00000 0.16881 0.00000 0.00000 0.00000 0.02744 0.00000 0.00000 0.00000 0.11464 0.00000 0.00000 0.00000 
41	1	0.02730 0.00000 0.00000 0.00000 0.18555 0.00000 0.00000 0.00000 0.19205 0.00000 0.00000 0.00000 0.28662 0.00000 0.00000 0.00000 0.06591 0.00000 0.00000 0.00000 0.14637 0.00000 0.00000 0.00000 0.03158 0.00000 0.00000 0.00000 0.06461 0.00000 0.00000 0.00000 
42	1	0.07856 0.00000 0.00000 0.00000 0.19550 0.00000 0.00000 0.00000 0.45444 0.00000 0.00000 0.00000 0.10446 0.00000 0.00000 0.00000 0.05133 0.00000 0.00000 0.00000 0.07005 0.00000 0.00000 0.00000 0.02799 0.00000 0.00000 0.00000 0.01767 0.00000 0.00000 0.00000 
43	1	0.03102 0.00000 0.00000 0.00000 0.01580 0.00000 0.00000 0.00000 0.10519 0.00000 0.00000 0.00000 0.53196 0.00000 0.00000 0.00000 0.03775 0.00000 0.00000 0.00000 0.08184 0.00000 0.00000 0.00000 0.10799 0.00000 0.00000 0.00000 0.08845 0.00000 0.00000 0.00000 
44	1	0.00957 0.00000 0.00000 0.00000 0.00737 0.00000 0.00000 0.00000 0.13849 0.00000 0.00000 0.00000 0.46209 0.00000 0.00000 0.00000 0.01416 0.00000 0.00000 0.00000 0.05107 0.00000 0.00000 0.00000 0.16742 0.00000 0.00000 0.00000 0.14982 0.00000 0.00000 0.00000 
45	1	0.23229 0.00000 0.00000 0.00000 0.02078 0.00000 0.00000 0.00000 0.04758 0.00000 0.00000 0.00000 0.37064 0.00000 0.00000 0.00000 0.09036 0.00000 0.00000 0.00000 0.10342 0.00000 0.00000 0.00000 0.06083 0.00000 0.00000 0.00000 0.07409 0.00000 0.00000 0.00000 
46	1	0.03737 0.00000 0.00000 0.00000 0.10447 0.00000 0.00000 0.00000 0.16518 0.00000 0.00000 0.00000 0.49910 0.00000 0.00000 0.00000 0.04742 0.00000 0.00000 0.00000 0.07467 0.00000 0.00000 0.00000 0.04089 0.00000 0.00000 0.00000 0.03090 0.00000 0.00000 0.00000 
47	1	0.01737 0.00000 0.00000 0.00000 0.12108 0.00000 0.00000 0.00000 0.25533 0.00000 0.00000 0.00000 0.44512 0.00000 0.00000 0.00000 0.03120 0.00000 0.00000 0.00000 0.06173 0.00000 0.00000 0.00000 0.04049 0.00000 0.00000 0.00000 0.02767 0.00000 0.00000 0.00000 
48	1	0.08303 0.00000 0.00000 0.00000 0.11386 0.00000 0.00000 0.00000 0.15137 0.00000 0.00000 0.00000 0.39649 0.00000 0.00000 0.00000 0.07898 0.00000 0.00000 0.00000 0.09565 0.00000 0.00000 0.00000 0.03023 0.00000 0.00000 0.00000 0.05039 0.00000 0.00000 0.00000 
49	1	0.01282 0.00000 0.00000 0.00000 0.12664 0.00000 0.00000 0.00000 0.25636 0.00000 0.00000 0.00000 0.45694 0.00000 0.00000 0.00000 0.02007 0.00000 0.00000 0.00000 0.04321 0.00000 0.00000 0.00000 0.04619 0.00000 0.00000 0.00000 0.03777 0.00000 0.00000 0.00000 
50	1	0.00971 0.00000 0.00000 0.00000 0.09395 0.00000 0.00000 0.00000 0.30444 0.00000 0.00000 0.00000 0.43510 0.00000 0.00000 0.00000 0.02313 0.00000 0.00000 0.00000 0.05335 0.00000 0.00000 0.00000 0.04791 0.00000 0.00000 0.00000 0.03241 0.00000 0.00000 0.00000 
51	1	0.02946 0.00000 0.00000 0.00000 0.02914 0.00000 0.00000 0.00000 0.02072 0.00000 0.00000 0.00000 0.63276 0.00000 0.00000 0.00000 0.04863 0.00000 0.00000 0.00000 0.07812 0.00000 0.00000 0.00000 0.07215 0.00000 0.00000 0.00000 0.08900 0.00000 0.00000 0.00000 
52	1	0.02587 0.00000 0.00000 0.00000 0.01223 0.00000 0.00000 0.00000 0.01889 0.00000 0.00000 0.00000 0.62613 0.00000 0.00000 0.00000 0.04546 0.00000 0.00000 0.00000 0.07287 0.00000 0.00000 0.00000 0.08307 0.00000 0.00000 0.00000 0.11547 0.00000 0.00000 0.00000 
53	1	0.03982 0.00000 0.00000 0.00000 0.01380 0.00000 0.00000 0.00000 0.03573 0.00000 0.00000 0.00000 0.67964 0.00000 0.00000 0.00000 0.04095 0.00000 0.00000 0.00000 0.08306 0.00000 0.00000 0.00000 0.03213 0.00000 0.00000 0.00000 0.07487 0.00000 0.00000 0.00000 
54	1	0.02871 0.00000 0.00000 0.00000 0.00249 0.00000 0.00000 0.00000 0.00069 0.00000 0.00000 0.00000 0.80666 0.00000 0.00000 0.00000 0.02841 0.00000 0.00000 0.00000 0.04860 0.00000 0.00000 0.00000 0.01700 0.00000 0.00000 0.00000 0.06744 0.00000 0.00000 0.00000 
55	1	0.04093 0.00000 0.00000 0.00000 0.03335 0.00000 0.00000 0.00000 0.42943 0.00000 0.00000 0.00000 0.38686 0.00000 0.00000 0.00000 0.02220 0.00000 0.00000 0.00000 0.01620 0.00000 0.00000 0.00000 0.03603 0.00000 0.00000 0.00000 0.03499 0.00000 0.00000 0.00000 
56	1	0.04119 0.00000 0.00000 0.00000 0.00000 0.00000 0.00000 0.00000 0.49250 0.00000 0.00000 0.00000 0.36242 0.00000 0.00000 0.00000 0.02145 0.00000 0.00000 0.00000 0.01492 0.00000 0.00000 0.00000 0.03778 0.00000 0.00000 0.00000 0.02972 0.00000 0.00000 0.00000 
57	1	0.10672 0.00000 0.00000 0.00000 0.06136 0.00000 0.00000 0.00000 0.53106 0.00000 0.00000 0.00000 0.08438 0.00000 0.00000 0.00000 0.08488 0.00000 0.00000 0.00000 0.07883 0.00000 0.00000 0.00000 0.02957 0.00000 0.00000 0.00000 0.02319 0.00000 0.00000 0.00000 
58	1	0.10215 0.00000 0.00000 0.00000 0.15821 0.00000 0.00000 0.00000 0.22302 0.00000 0.00000 0.00000 0.32126 0.00000 0.00000 0.00000 0.06176 0.00000 0.00000 0.00000 0.07583 0.00000 0.00000 0.00000 0.02731 0.00000 0.00000 0.00000 0.03046 0.00000 0.00000 0.00000 
59	1	0.09343 0.00000 0.00000 0.00000 0.15857 0.00000 0.00000 0.00000 0.03884 0.00000 0.00000 0.00000 0.42223 0.00000 0.00000 0.00000 0.08034 0.00000 0.00000 0.00000 0.11012 0.00000 0.00000 0.00000 0.03523 0.00000 0.00000 0.00000 0.06125 0.00000 0.00000 0.00000 
60	1	0.13075 0.00000 0.00000 0.00000 0.21674 0.00000 0.00000 0.00000 0.12735 0.00000 0.00000 0.00000 0.35199 0.00000 0.00000 0.00000 0.05520 0.00000 0.00000 0.00000 0.05716 0.00000 0.00000 0.00000 0.02798 0.00000 0.00000 0.00000 0.03284 0.00000 0.00000 0.00000 
61	1	0.12709 0.00000 0.00000 0.00000 0.09588 0.00000 0.00000 0.00000 0.47831 0.00000 0.00000 0.00000 0.04910 0.00000 0.00000 0.00000 0.08417 0.00000 0.00000 0.00000 0.09263 0.00000 0.00000 0.00000 0.04275 0.00000 0.00000 0.00000 0.03007 0.00000 0.00000 0.00000 
62	1	0.08093 0.00000 0.00000 0.00000 0.51930 0.00000 0.00000 0.00000 0.28002 0.00000 0.00000 0.00000 0.03994 0.00000 0.00000 0.00000 0.02120 0.00000 0.00000 0.00000 0.02677 0.00000 0.00000 0.00000 0.01874 0.00000 0.00000 0.00000 0.01310 0.00000 0.00000 0.00000 
63	1	0.05463 0.00000 0.00000 0.00000 0.44058 0.00000 0.00000 0.00000 0.37001 0.00000 0.00000 0.00000 0.03362 0.00000 0.00000 0.00000 0.02784 0.00000 0.00000 0.00000 0.03587 0.00000 0.00000 0.00000 0.02314 0.00000 0.00000 0.00000 0.01431 0.00000 0.00000 0.00000 
64	1	0.47270 0.00000 0.00000 0.00000 0.03138 0.00000 0.00000 0.00000 0.00048 0.00000 0.00000 0.00000 0.32380 0.00000 0.00000 0.00000 0.06669 0.00000 0.00000 0.00000 0.06583 0.00000 0.00000 0.00000 0.01724 0.00000 0.00000 0.00000 0.02188 0.00000 0.00000 0.00000 
65	1	0.48742 0.00000 0.00000 0.00000 0.00530 0.00000 0.00000 0.00000 0.17335 0.00000 0.00000 0.00000 0.24403 0.00000 0.00000 0.00000 0.02252 0.00000 0.00000 0.00000 0.02347 0.00000 0.00000 0.00000 0.02503 0.00000 0.00000 0.00000 0.01887 0.00000 0.00000 0.00000 
66	1	0.34012 0.00000 0.00000 0.00000 0.00935 0.00000 0.00000 0.00000 0.42601 0.00000 0.00000 0.00000 0.13451 0.00000 0.00000 0.00000 0.02006 0.00000 0.00000 0.00000 0.02025 0.00000 0.00000 0.00000 0.02908 0.00000 0.00000 0.00000 0.02061 0.00000 0.00000 0.00000 
67	1	0.34939 0.00000 0.00000 0.00000 0.04920 0.00000 0.00000 0.00000 0.03819 0.00000 0.00000 0.00000 0.33049 0.00000 0.00000 0.00000 0.08508 0.00000 0.00000 0.00000 0.09336 0.00000 0.00000 0.00000 0.03320 0.00000 0.00000 0.00000 0.02110 0.00000 0.00000 0.00000 
68	1	0.03910 0.00000 0.00000 0.00000 0.03430 0.00000 0.00000 0.00000 0.27232 0.00000 0.00000 0.00000 0.33888 0.00000 0.00000 0.00000 0.06766 0.00000 0.00000 0.00000 0.11490 0.00000 0.00000 0.00000 0.07087 0.00000 0.00000 0.00000 0.06196 0.00000 0.00000 0.00000 
69	1	0.04393 0.00000 0.00000 0.00000 0.14861 0.00000 0.00000 0.00000 0.14595 0.00000 0.00000 0.00000 0.44649 0.00000 0.00000 0.00000 0.05231 0.00000 0.00000 0.00000 0.08401 0.00000 0.00000 0.00000 0.04513 0.00000 0.00000 0.00000 0.03356 0.00000 0.00000 0.00000 
70	2	0.26100 0.00000 0.00000 0.00000 0.30615 0.00000 0.00000 0.00000 0.00732 0.00000 0.00000 0.00000 0.06911 0.00000 0.00000 0.00000 0.07281 0.00000 0.00000 0.00000 0.15577 0.00000 0.00000 0.00000 0.07142 0.00000 0.00000 0.00000 0.05641 0.00000 0.00000 0.00000 
71	2	0.29405 0.00000 0.00000 0.00000 0.33861 0.00000 0.00000 0.00000 0.00944 0.00000 0.00000 0.00000 0.08341 0.00000 0.00000 0.00000 0.04709 0.00000 0.00000 0.00000 0.10917 0.00000 0.00000 0.00000 0.06681 0.00000 0.00000 0.00000 0.05142 0.00000 0.00000 0.00000 
72	2	0.27744 0.00000 0.00000 0.00000 0.28918 0.00000 0.00000 0.00000 0.00926 0.00000 0.00000 0.00000 0.10670 0.00000 0.00000 0.00000 0.06887 0.00000 0.00000 0.00000 0.12898 0.00000 0.00000 0.00000 0.06418 0.00000 0.00000 0.00000 0.05540 0.00000 0.00000 0.00000 
73	2	0.40692 0.00000 0.00000 0.00000 0.09924 0.00000 0.00000 0.00000 0.01409 0.00000 0.00000 0.00000 0.07625 0.00000 0.00000 0.00000 0.11702 0.00000 0.00000 0.00000 0.16027 0.00000 0.00000 0.00000 0.06752 0.00000 0.00000 0.00000 0.05868 0.00000 0.00000 0.00000 
74	2	0.30761 0.00000 0.00000 0.00000 0.22765 0.00000 0.00000 0.00000 0.01327 0.00000 0.00000 0.00000 0.13734 0.00000 0.00000 0.00000 0.07820 0.00000 0.00000 0.00000 0.14073 0.00000 0.00000 0.00000 0.05360 0.00000 0.00000 0.00000 0.04160 0.00000 0.00000 0.00000 
75	2	0.00000 0.00000 0.00000 0.00000 0.01082 0.00000 0.00000 0.00000 0.02786 0.00000 0.00000 0.00000 0.79497 0.00000 0.00000 0.00000 0.00009 0.00000 0.00000 0.00000 0.03199 0.00000 0.00000 0.00000 0.03804 0.00000 0.00000 0.00000 0.09622 0.00000 0.00000 0.00000 
76	2	0.00000 0.00000 0.00000 0.00000 0.00625 0.00000 0.00000 0.00000 0.02757 0.00000 0.00000 0.00000 0.91809 0.00000 0.00000 0.00000 0.00000 0.00000 0.00000 0.00000 0.00917 0.00000 0.00000 0.00000 0.01377 0.00000 0.00000 0.00000 0.02515 0.00000 0.00000 0.00000 
77	2	0.00000 0.00000 0.00000 0.00000 0.02053 0.00000 0.00000 0.00000 0.31718 0.00000 0.00000 0.00000 0.53974 0.00000 0.00000 0.00000 0.00000 0.00000 0.00000 0.00000 0.00927 0.00000 0.00000 0.00000 0.05725 0.00000 0.00000 0.00000 0.05602 0.00000 0.00000 0.00000 
78	2	0.02457 0.00000 0.00000 0.00000 0.14945 0.00000 0.00000 0.00000 0.06830 0.00000 0.00000 0.00000 0.62935 0.00000 0.00000 0.00000 0.02027 0.00000 0.00000 0.00000 0.05213 0.00000 0.00000 0.00000 0.02754 0.00000 0.00000 0.00000 0.02840 0.00000 0.00000 0.00000 
79	2	0.01082 0.00000 0.00000 0.00000 0.13180 0.00000 0.00000 0.00000 0.12704 0.00000 0.00000 0.00000 0.59841 0.00000 0.00000 0.00000 0.01477 0.00000 0.00000 0.00000 0.05273 0.00000 0.00000 0.00000 0.03479 0.00000 0.00000 0.00000 0.02963 0.00000 0.00000 0.00000 
80	2	0.06961 0.00000 0.00000 0.00000 0.05766 0.00000 0.00000 0.00000 0.37082 0.00000 0.00000 0.00000 0.04100 0.00000 0.00000 0.00000 0.09582 0.00000 0.00000 0.00000 0.20185 0.00000 0.00000 0.00000 0.10111 0.00000 0.00000 0.00000 0.06212 0.00000 0.00000 0.00000 
81	2	0.03060 0.00000 0.00000 0.00000 0.06522 0.00000 0.00000 0.00000 0.09682 0.00000 0.00000 0.00000 0.68660 0.00000 0.00000 0.00000 0.01122 0.00000 0.00000 0.00000 0.03115 0.00000 0.00000 0.00000 0.03296 0.00000 0.00000 0.00000 0.04542 0.00000 0.00000 0.00000 
82	2	0.00000 0.00000 0.00000 0.00000 0.18427 0.00000 0.00000 0.00000 0.38782 0.00000 0.00000 0.00000 0.24057 0.00000 0.00000 0.00000 0.00000 0.00000 0.00000 0.00000 0.03251 0.00000 0.00000 0.00000 0.09268 0.00000 0.00000 0.00000 0.06215 0.00000 0.00000 0.00000 
83	2	0.00000 0.00000 0.00000 0.00000 0.17721 0.00000 0.00000 0.00000 0.34979 0.00000 0.00000 0.00000 0.34125 0.00000 0.00000 0.00000 0.00000 0.00000 0.00000 0.00000 0.03155 0.00000 0.00000 0.00000 0.06370 0.00000 0.00000 0.00000 0.03650 0.00000 0.00000 0.00000 
84	2	0.00000 0.00000 0.00000 0.00000 0.13845 0.00000 0.00000 0.00000 0.63203 0.00000 0.00000 0.00000 0.11489 0.00000 0.00000 0.00000 0.00000 0.00000 0.00000 0.00000 0.02649 0.00000 0.00000 0.00000 0.06039 0.00000 0.00000 0.00000 0.02774 0.00000 0.00000 0.00000 
85	2	0.00000 0.00000 0.00000 0.00000 0.11467 0.00000 0.00000 0.00000 0.43734 0.00000 0.00000 0.00000 0.25643 0.00000 0.00000 0.00000 0.00000 0.00000 0.00000 0.00000 0.02338 0.00000 0.00000 0.00000 0.09805 0.00000 0.00000 0.00000 0.07013 0.00000 0.00000 0.00000 
86	2	0.00000 0.00000 0.00000 0.00000 0.17522 0.00000 0.00000 0.00000 0.41635 0.00000 0.00000 0.00000 0.25386 0.00000 0.00000 0.00000 0.00000 0.00000 0.00000 0.00000 0.02927 0.00000 0.00000 0.00000 0.07714 0.00000 0.00000 0.00000 0.04817 0.00000 0.00000 0.00000 
87	2	0.00000 0.00000 0.00000 0.00000 0.20845 0.00000 0.00000 0.00000 0.34753 0.00000 0.00000 0.00000 0.26866 0.00000 0.00000 0.00000 0.00000 0.00000 0.00000 0.00000 0.03742 0.00000 0.00000 0.00000 0.08866 0.00000 0.00000 0.00000 0.04927 0.00000 0.00000 0.00000 
88	2	0.00000 0.00000 0.00000 0.00000 0.20007 0.00000 0.00000 0.00000 0.38220 0.00000 0.00000 0.00000 0.23471 0.00000 0.00000 0.00000 0.00000 0.00000 0.00000 0.00000 0.04095 0.00000 0.00000 0.00000 0.09130 0.00000 0.00000 0.00000 0.05077 0.00000 0.00000 0.00000 
89	2	0.05793 0.00000 0.00000 0.00000 0.22988 0.00000 0.00000 0.00000 0.14740 0.00000 0.00000 0.00000 0.40618 0.00000 0.00000 0.00000 0.02854 0.00000 0.00000 0.00000 0.04372 0.00000 0.00000 0.00000 0.04412 0.00000 0.00000 0.00000 0.04222 0.00000 0.00000 0.00000 
90	2	0.00599 0.00000 0.00000 0.00000 0.15155 0.00000 0.00000 0.00000 0.26539 0.00000 0.00000 0.00000 0.43324 0.00000 0.00000 0.00000 0.00297 0.00000 0.00000 0.00000 0.01831 0.00000 0.00000 0.00000 0.06422 0.00000 0.00000 0.00000 0.05832 0.00000 0.00000 0.00000 
91	2	0.00094 0.00000 0.00000 0.00000 0.00427 0.00000 0.00000 0.00000 0.83378 0.00000 0.00000 0.00000 0.00710 0.00000 0.00000 0.00000 0.00598 0.00000 0.00000 0.00000 0.04048 0.00000 0.00000 0.00000 0.06526 0.00000 0.00000 0.00000 0.04219 0.00000 0.00000 0.00000 
92	2	0.09663 0.00000 0.00000 0.00000 0.42159 0.00000 0.00000 0.00000 0.06169 0.00000 0.00000 0.00000 0.22180 0.00000 0.00000 0.00000 0.03184 0.00000 0.00000 0.00000 0.07915 0.00000 0.00000 0.00000 0.04598 0.00000 0.00000 0.00000 0.04132 0.00000 0.00000 0.00000 
93	2	0.20227 0.00000 0.00000 0.00000 0.26549 0.00000 0.00000 0.00000 0.01569 0.00000 0.00000 0.00000 0.11959 0.00000 0.00000 0.00000 0.07891 0.00000 0.00000 0.00000 0.17360 0.00000 0.00000 0.00000 0.08801 0.00000 0.00000 0.00000 0.05644 0.00000 0.00000 0.00000 
94	2	0.06391 0.00000 0.00000 0.00000 0.32335 0.00000 0.00000 0.00000 0.01052 0.00000 0.00000 0.00000 0.22040 0.00000 0.00000 0.00000 0.07908 0.00000 0.00000 0.00000 0.17599 0.00000 0.00000 0.00000 0.07205 0.00000 0.00000 0.00000 0.05470 0.00000 0.00000 0.00000 
95	2	0.00864 0.00000 0.00000 0.00000 0.31927 0.00000 0.00000 0.00000 0.10175 0.00000 0.00000 0.00000 0.21710 0.00000 0.00000 0.00000 0.01396 0.00000 0.00000 0.00000 0.09990 0.00000 0.00000 0.00000 0.13532 0.00000 0.00000 0.00000 0.10407 0.00000 0.00000 0.00000 
96	2	0.23520 0.00000 0.00000 0.00000 0.26845 0.00000 0.00000 0.00000 0.01354 0.00000 0.00000 0.00000 0.18499 0.00000 0.00000 0.00000 0.05605 0.00000 0.00000 0.00000 0.11708 0.00000 0.00000 0.00000 0.07252 0.00000 0.00000 0.00000 0.05217 0.00000 0.00000 0.00000 
97	2	0.21233 0.00000 0.00000 0.00000 0.37330 0.00000 0.00000 0.00000 0.00459 0.00000 0.00000 0.00000 0.12723 0.00000 0.00000 0.00000 0.06465 0.00000 0.00000 0.00000 0.13349 0.00000 0.00000 0.00000 0.03506 0.00000 0.00000 0.00000 0.04935 0.00000 0.00000 0.00000 
98	2	0.20971 0.00000 0.00000 0.00000 0.31521 0.00000 0.00000 0.00000 0.08896 0.00000 0.00000 0.00000 0.12310 0.00000 0.00000 0.00000 0.03690 0.00000 0.00000 0.00000 0.08512 0.00000 0.00000 0.00000 0.08867 0.00000 0.00000 0.00000 0.05232 0.00000 0.00000 0.00000 
99	2	0.29585 0.00000 0.00000 0.00000 0.20604 0.00000 0.00000 0.00000 0.03132 0.00000 0.00000 0.00000 0.16919 0.00000 0.00000 0.00000 0.03152 0.00000 0.00000 0.00000 0.11309 0.00000 0.00000 0.00000 0.08938 0.00000 0.00000 0.00000 0.06361 0.00000 0.00000 0.00000 
100	2	0.24832 0.00000 0.00000 0.00000 0.40766 0.00000 0.00000 0.00000 0.00812 0.00000 0.00000 0.00000 0.15885 0.00000 0.00000 0.00000 0.02025 0.00000 0.00000 0.00000 0.07265 0.00000 0.00000 0.00000 0.04607 0.00000 0.00000 0.00000 0.03807 0.00000 0.00000 0.00000 
101	2	0.23245 0.00000 0.00000 0.00000 0.37665 0.00000 0.00000 0.00000 0.01154 0.00000 0.00000 0.00000 0.22083 0.00000 0.00000 0.00000 0.01178 0.00000 0.00000 0.00000 0.06289 0.00000 0.00000 0.00000 0.04524 0.00000 0.00000 0.00000 0.03862 0.00000 0.00000 0.00000 
102	2	0.04194 0.00000 0.00000 0.00000 0.46629 0.00000 0.00000 0.00000 0.00180 0.00000 0.00000 0.00000 0.00714 0.00000 0.00000 0.00000 0.09260 0.00000 0.00000 0.00000 0.22771 0.00000 0.00000 0.00000 0.09765 0.00000 0.00000 0.00000 0.06487 0.00000 0.00000 0.00000 
103	2	0.02571 0.00000 0.00000 0.00000 0.39767 0.00000 0.00000 0.00000 0.03115 0.00000 0.00000 0.00000 0.24236 0.00000 0.00000 0.00000 0.03418 0.00000 0.00000 0.00000 0.11638 0.00000 0.00000 0.00000 0.09265 0.00000 0.00000 0.00000 0.05990 0.00000 0.00000 0.00000 
104	2	0.04326 0.00000 0.00000 0.00000 0.45163 0.00000 0.00000 0.00000 0.04167 0.00000 0.00000 0.00000 0.16104 0.00000 0.00000 0.00000 0.03320 0.00000 0.00000 0.00000 0.10026 0.00000 0.00000 0.00000 0.10166 0.00000 0.00000 0.00000 0.06728 0.00000 0.00000 0.00000 
105	2	0.26456 0.00000 0.00000 0.00000 0.31369 0.00000 0.00000 0.00000 0.00650 0.00000 0.00000 0.00000 0.18969 0.00000 0.00000 0.00000 0.04191 0.00000 0.00000 0.00000 0.10525 0.00000 0.00000 0.00000 0.04182 0.00000 0.00000 0.00000 0.03657 0.00000 0.00000 0.00000 
106	2	0.02157 0.00000 0.00000 0.00000 0.49863 0.00000 0.00000 0.00000 0.00950 0.00000 0.00000 0.00000 0.22022 0.00000 0.00000 0.00000 0.04937 0.00000 0.00000 0.00000 0.11835 0.00000 0.00000 0.00000 0.04597 0.00000 0.00000 0.00000 0.03640 0.00000 0.00000 0.00000 
107	2	0.08553 0.00000 0.00000 0.00000 0.35777 0.00000 0.00000 0.00000 0.04966 0.00000 0.00000 0.00000 0.16220 0.00000 0.00000 0.00000 0.04674 0.00000 0.00000 0.00000 0.12294 0.00000 0.00000 0.00000 0.11073 0.00000 0.00000 0.00000 0.06442 0.00000 0.00000 0.00000 
108	2	0.20942 0.00000 0.00000 0.00000 0.27888 0.00000 0.00000 0.00000 0.01981 0.00000 0.00000 0.00000 0.23140 0.00000 0.00000 0.00000 0.03149 0.00000 0.00000 0.00000 0.11062 0.00000 0.00000 0.00000 0.07345 0.00000 0.00000 0.00000 0.04493 0.00000 0.00000 0.00000 
109	2	0.30743 0.00000 0.00000 0.00000 0.16566 0.00000 0.00000 0.00000 0.01150 0.00000 0.00000 0.00000 0.23151 0.00000 0.00000 0.00000 0.03536 0.00000 0.00000 0.00000 0.11109 0.00000 0.00000 0.00000 0.07817 0.00000 0.00000 0.00000 0.05928 0.00000 0.00000 0.00000 
110	2	0.02934 0.00000 0.00000 0.00000 0.35011 0.00000 0.00000 0.00000 0.00432 0.00000 0.00000 0.00000 0.34676 0.00000 0.00000 0.00000 0.03860 0.00000 0.00000 0.00000 0.11788 0.00000 0.00000 0.00000 0.05022 0.00000 0.00000 0.00000 0.06277 0.00000 0.00000 0.00000 
111	2	0.12276 0.00000 0.00000 0.00000 0.24953 0.00000 0.00000 0.00000 0.01454 0.00000 0.00000 0.00000 0.12402 0.00000 0.00000 0.00000 0.07727 0.00000 0.00000 0.00000 0.22620 0.00000 0.00000 0.00000 0.09936 0.00000 0.00000 0.00000 0.08632 0.00000 0.00000 0.00000 
112	2	0.09249 0.00000 0.00000 0.00000 0.44358 0.00000 0.00000 0.00000 0.08102 0.00000 0.00000 0.00000 0.18132 0.00000 0.00000 0.00000 0.03903 0.00000 0.00000 0.00000 0.08284 0.00000 0.00000 0.00000 0.04032 0.00000 0.00000 0.00000 0.03939 0.00000 0.00000 0.00000 
113	2	0.03146 0.00000 0.00000 0.00000 0.54686 0.00000 0.00000 0.00000 0.00118 0.00000 0.00000 0.00000 0.00630 0.00000 0.00000 0.00000 0.08280 0.00000 0.00000 0.00000 0.20142 0.00000 0.00000 0.00000 0.07815 0.00000 0.00000 0.00000 0.05182 0.00000 0.00000 0.00000 
114	2	0.08125 0.00000 0.00000 0.00000 0.30231 0.00000 0.00000 0.00000 0.00184 0.00000 0.00000 0.00000 0.01012 0.00000 0.00000 0.00000 0.14577 0.00000 0.00000 0.00000 0.28050 0.00000 0.00000 0.00000 0.09881 0.00000 0.00000 0.00000 0.07938 0.00000 0.00000 0.00000 
115	2	0.12176 0.00000 0.00000 0.00000 0.22062 0.00000 0.00000 0.00000 0.01724 0.00000 0.00000 0.00000 0.00574 0.00000 0.00000 0.00000 0.18180 0.00000 0.00000 0.00000 0.29843 0.00000 0.00000 0.00000 0.09665 0.00000 0.00000 0.00000 0.05775 0.00000 0.00000 0.00000 
116	2	0.16658 0.00000 0.00000 0.00000 0.17735 0.00000 0.00000 0.00000 0.15741 0.00000 0.00000 0.00000 0.00533 0.00000 0.00000 0.00000 0.12024 0.00000 0.00000 0.00000 0.23251 0.00000 0.00000 0.00000 0.09283 0.00000 0.00000 0.00000 0.04775 0.00000 0.00000 0.00000 
117	2	0.19771 0.00000 0.00000 0.00000 0.34883 0.00000 0.00000 0.00000 0.10459 0.00000 0.00000 0.00000 0.12229 0.00000 0.00000 0.00000 0.02207 0.00000 0.00000 0.00000 0.08531 0.00000 0.00000 0.00000 0.05494 0.00000 0.00000 0.00000 0.06425 0.00000 0.00000 0.00000 
118	2	0.00203 0.00000 0.00000 0.00000 0.34410 0.00000 0.00000 0.00000 0.30720 0.00000 0.00000 0.00000 0.20167 0.00000 0.00000 0.00000 0.00779 0.00000 0.00000 0.00000 0.05812 0.00000 0.00000 0.00000 0.04266 0.00000 0.00000 0.00000 0.03644 0.00000 0.00000 0.00000 
119	2	0.16712 0.00000 0.00000 0.00000 0.10092 0.00000 0.00000 0.00000 0.52156 0.00000 0.00000 0.00000 0.07978 0.00000 0.00000 0.00000 0.03777 0.00000 0.00000 0.00000 0.03496 0.00000 0.00000 0.00000 0.03362 0.00000 0.00000 0.00000 0.02426 0.00000 0.00000 0.00000 
120	2	0.08166 0.00000 0.00000 0.00000 0.29117 0.00000 0.00000 0.00000 0.33480 0.00000 0.00000 0.00000 0.04714 0.00000 0.00000 0.00000 0.04742 0.00000 0.00000 0.00000 0.10500 0.00000 0.00000 0.00000 0.07382 0.00000 0.00000 0.00000 0.01899 0.00000 0.00000 0.00000 
121	2	0.05484 0.00000 0.00000 0.00000 0.19734 0.00000 0.00000 0.00000 0.52193 0.00000 0.00000 0.00000 0.04120 0.00000 0.00000 0.00000 0.03841 0.00000 0.00000 0.00000 0.07823 0.00000 0.00000 0.00000 0.04943 0.00000 0.00000 0.00000 0.01862 0.00000 0.00000 0.00000 
122	2	0.07691 0.00000 0.00000 0.00000 0.35752 0.00000 0.00000 0.00000 0.01045 0.00000 0.00000 0.00000 0.30407 0.00000 0.00000 0.00000 0.05206 0.00000 0.00000 0.00000 0.11799 0.00000 0.00000 0.00000 0.04808 0.00000 0.00000 0.00000 0.03292 0.00000 0.00000 0.00000 
123	2	0.00524 0.00000 0.00000 0.00000 0.16755 0.00000 0.00000 0.00000 0.58598 0.00000 0.00000 0.00000 0.00272 0.00000 0.00000 0.00000 0.01702 0.00000 0.00000 0.00000 0.10745 0.00000 0.00000 0.00000 0.08464 0.00000 0.00000 0.00000 0.02940 0.00000 0.00000 0.00000 
124	2	0.18411 0.00000 0.00000 0.00000 0.22265 0.00000 0.00000 0.00000 0.12413 0.00000 0.00000 0.00000 0.11641 0.00000 0.00000 0.00000 0.10098 0.00000 0.00000 0.00000 0.14431 0.00000 0.00000 0.00000 0.06242 0.00000 0.00000 0.00000 0.04498 0.00000 0.00000 0.00000 
125	2	0.22819 0.00000 0.00000 0.00000 0.29966 0.00000 0.00000 0.00000 0.01572 0.00000 0.00000 0.00000 0.11815 0.00000 0.00000 0.00000 0.10453 0.00000 0.00000 0.00000 0.14875 0.00000 0.00000 0.00000 0.05064 0.00000 0.00000 0.00000 0.03437 0.00000 0.00000 0.00000 
126	2	0.12370 0.00000 0.00000 0.00000 0.10292 0.00000 0.00000 0.00000 0.22482 0.00000 0.00000 0.00000 0.02818 0.00000 0.00000 0.00000 0.06917 0.00000 0.00000 0.00000 0.20823 0.00000 0.00000 0.00000 0.13476 0.00000 0.00000 0.00000 0.10822 0.00000 0.00000 0.00000 
127	2	0.06685 0.00000 0.00000 0.00000 0.29916 0.00000 0.00000 0.00000 0.00402 0.00000 0.00000 0.00000 0.00669 0.00000 0.00000 0.00000 0.14035 0.00000 0.00000 0.00000 0.29272 0.00000 0.00000 0.00000 0.11559 0.00000 0.00000 0.00000 0.07462 0.00000 0.00000 0.00000 
128	2	0.10868 0.00000 0.00000 0.00000 0.06755 0.00000 0.00000 0.00000 0.66480 0.00000 0.00000 0.00000 0.02552 0.00000 0.00000 0.00000 0.03363 0.00000 0.00000 0.00000 0.05229 0.00000 0.00000 0.00000 0.03123 0.00000 0.00000 0.00000 0.01630 0.00000 0.00000 0.00000 
129	2	0.14921 0.00000 0.00000 0.00000 0.05647 0.00000 0.00000 0.00000 0.59667 0.00000 0.00000 0.00000 0.03775 0.00000 0.00000 0.00000 0.05154 0.00000 0.00000 0.00000 0.05947 0.00000 0.00000 0.00000 0.03054 0.00000 0.00000 0.00000 0.01835 0.00000 0.00000 0.00000 
130	2	0.11030 0.00000 0.00000 0.00000 0.03127 0.00000 0.00000 0.00000 0.66414 0.00000 0.00000 0.00000 0.03215 0.00000 0.00000 0.00000 0.02720 0.00000 0.00000 0.00000 0.06054 0.00000 0.00000 0.00000 0.04818 0.00000 0.00000 0.00000 0.02622 0.00000 0.00000 0.00000 
131	2	0.01647 0.00000 0.00000 0.00000 0.08960 0.00000 0.00000 0.00000 0.20107 0.00000 0.00000 0.00000 0.07537 0.00000 0.00000 0.00000 0.07382 0.00000 0.00000 0.00000 0.23819 0.00000 0.00000 0.00000 0.14447 0.00000 0.00000 0.00000 0.16100 0.00000 0.00000 0.00000 
132	2	0.12556 0.00000 0.00000 0.00000 0.11364 0.00000 0.00000 0.00000 0.08477 0.00000 0.00000 0.00000 0.25344 0.00000 0.00000 0.00000 0.02765 0.00000 0.00000 0.00000 0.16313 0.00000 0.00000 0.00000 0.12563 0.00000 0.00000 0.00000 0.10617 0.00000 0.00000 0.00000 
133	2	0.07286 0.00000 0.00000 0.00000 0.18637 0.00000 0.00000 0.00000 0.01321 0.00000 0.00000 0.00000 0.00936 0.00000 0.00000 0.00000 0.15140 0.00000 0.00000 0.00000 0.31724 0.00000 0.00000 0.00000 0.13713 0.00000 0.00000 0.00000 0.11243 0.00000 0.00000 0.00000 
134	2	0.11954 0.00000 0.00000 0.00000 0.07395 0.00000 0.00000 0.00000 0.58281 0.00000 0.00000 0.00000 0.02098 0.00000 0.00000 0.00000 0.04019 0.00000 0.00000 0.00000 0.07877 0.00000 0.00000 0.00000 0.05280 0.00000 0.00000 0.00000 0.03095 0.00000 0.00000 0.00000 
135	2	0.00000 0.00000 0.00000 0.00000 0.19939 0.00000 0.00000 0.00000 0.40765 0.00000 0.00000 0.00000 0.21368 0.00000 0.00000 0.00000 0.00000 0.00000 0.00000 0.00000 0.03373 0.00000 0.00000 0.00000 0.08920 0.00000 0.00000 0.00000 0.05635 0.00000 0.00000 0.00000 
136	2	0.00000 0.00000 0.00000 0.00000 0.23883 0.00000 0.00000 0.00000 0.27680 0.00000 0.00000 0.00000 0.29879 0.00000 0.00000 0.00000 0.00000 0.00000 0.00000 0.00000 0.02901 0.00000 0.00000 0.00000 0.09133 0.00000 0.00000 0.00000 0.06523 0.00000 0.00000 0.00000 
137	2	0.13857 0.00000 0.00000 0.00000 0.06585 0.00000 0.00000 0.00000 0.48487 0.00000 0.00000 0.00000 0.01410 0.00000 0.00000 0.00000 0.07163 0.00000 0.00000 0.00000 0.12807 0.00000 0.00000 0.00000 0.06112 0.00000 0.00000 0.00000 0.03578 0.00000 0.00000 0.00000 
138	2	0.29298 0.00000 0.00000 0.00000 0.11136 0.00000 0.00000 0.00000 0.15192 0.00000 0.00000 0.00000 0.02228 0.00000 0.00000 0.00000 0.10497 0.00000 0.00000 0.00000 0.18137 0.00000 0.00000 0.00000 0.08592 0.00000 0.00000 0.00000 0.04919 0.00000 0.00000 0.00000 
139	2	0.26262 0.00000 0.00000 0.00000 0.15860 0.00000 0.00000 0.00000 0.01022 0.00000 0.00000 0.00000 0.03267 0.00000 0.00000 0.00000 0.11300 0.00000 0.00000 0.00000 0.23586 0.00000 0.00000 0.00000 0.11765 0.00000 0.00000 0.00000 0.06938 0.00000 0.00000 0.00000 
140	3	0.41012 0.00000 0.00000 0.00000 0.20350 0.00000 0.00000 0.00000 0.01342 0.00000 0.00000 0.00000 0.18311 0.00000 0.00000 0.00000 0.05105 0.00000 0.00000 0.00000 0.07993 0.00000 0.00000 0.00000 0.02758 0.00000 0.00000 0.00000 0.03128 0.00000 0.00000 0.00000 
141	3	0.15389 0.00000 0.00000 0.00000 0.28983 0.00000 0.00000 0.00000 0.06387 0.00000 0.00000 0.00000 0.27410 0.00000 0.00000 0.00000 0.03063 0.00000 0.00000 0.00000 0.07938 0.00000 0.00000 0.00000 0.05357 0.00000 0.00000 0.00000 0.05472 0.00000 0.00000 0.00000 
142	3	0.51139 0.00000 0.00000 0.00000 0.14875 0.00000 0.00000 0.00000 0.03470 0.00000 0.00000 0.00000 0.12820 0.00000 0.00000 0.00000 0.03846 0.00000 0.00000 0.00000 0.06888 0.00000 0.00000 0.00000 0.04617 0.00000 0.00000 0.00000 0.02345 0.00000 0.00000 0.00000 
143	3	0.32428 0.00000 0.00000 0.00000 0.20888 0.00000 0.00000 0.00000 0.06091 0.00000 0.00000 0.00000 0.13925 0.00000 0.00000 0.00000 0.05210 0.00000 0.00000 0.00000 0.10419 0.00000 0.00000 0.00000 0.06777 0.00000 0.00000 0.00000 0.04262 0.00000 0.00000 0.00000 
144	3	0.26924 0.00000 0.00000 0.00000 0.05375 0.00000 0.00000 0.00000 0.01033 0.00000 0.00000 0.00000 0.07356 0.00000 0.00000 0.00000 0.12755 0.00000 0.00000 0.00000 0.21397 0.00000 0.00000 0.00000 0.13903 0.00000 0.00000 0.00000 0.11257 0.00000 0.00000 0.00000 
145	3	0.05835 0.00000 0.00000 0.00000 0.15664 0.00000 0.00000 0.00000 0.05499 0.00000 0.00000 0.00000 0.06537 0.00000 0.00000 0.00000 0.07469 0.00000 0.00000 0.00000 0.25369 0.00000 0.00000 0.00000 0.21324 0.00000 0.00000 0.00000 0.12304 0.00000 0.00000 0.00000 
146	3	0.09344 0.00000 0.00000 0.00000 0.07560 0.00000 0.00000 0.00000 0.01438 0.00000 0.00000 0.00000 0.11048 0.00000 0.00000 0.00000 0.09887 0.00000 0.00000 0.00000 0.26128 0.00000 0.00000 0.00000 0.18832 0.00000 0.00000 0.00000 0.15763 0.00000 0.00000 0.00000 
147	3	0.26989 0.00000 0.00000 0.00000 0.18207 0.00000 0.00000 0.00000 0.02776 0.00000 0.00000 0.00000 0.15501 0.00000 0.00000 0.00000 0.08920 0.00000 0.00000 0.00000 0.13923 0.00000 0.00000 0.00000 0.06018 0.00000 0.00000 0.00000 0.07665 0.00000 0.00000 0.00000 
148	3	0.30033 0.00000 0.00000 0.00000 0.12150 0.00000 0.00000 0.00000 0.04965 0.00000 0.00000 0.00000 0.25322 0.00000 0.00000 0.00000 0.04970 0.00000 0.00000 0.00000 0.09218 0.00000 0.00000 0.00000 0.06742 0.00000 0.00000 0.00000 0.06600 0.00000 0.00000 0.00000 
149	3	0.20540 0.00000 0.00000 0.00000 0.08438 0.00000 0.00000 0.00000 0.00293 0.00000 0.00000 0.00000 0.44517 0.00000 0.00000 0.00000 0.06544 0.00000 0.00000 0.00000 0.10270 0.00000 0.00000 0.00000 0.01936 0.00000 0.00000 0.00000 0.07462 0.00000 0.00000 0.00000 
150	3	0.18748 0.00000 0.00000 0.00000 0.05880 0.00000 0.00000 0.00000 0.00371 0.00000 0.00000 0.00000 0.48150 0.00000 0.00000 0.00000 0.05847 0.00000 0.00000 0.00000 0.10638 0.00000 0.00000 0.00000 0.02400 0.00000 0.00000 0.00000 0.07965 0.00000 0.00000 0.00000 
151	3	0.18710 0.00000 0.00000 0.00000 0.07029 0.00000 0.00000 0.00000 0.01052 0.00000 0.00000 0.00000 0.50700 0.00000 0.00000 0.00000 0.04952 0.00000 0.00000 0.00000 0.08683 0.00000 0.00000 0.00000 0.02480 0.00000 0.00000 0.00000 0.06394 0.00000 0.00000 0.00000 
152	3	0.27000 0.00000 0.00000 0.00000 0.10535 0.00000 0.00000 0.00000 0.00804 0.00000 0.00000 0.00000 0.40988 0.00000 0.00000 0.00000 0.04782 0.00000 0.00000 0.00000 0.08412 0.00000 0.00000 0.00000 0.01678 0.00000 0.00000 0.00000 0.05801 0.00000 0.00000 0.00000 
153	3	0.33744 0.00000 0.00000 0.00000 0.15915 0.00000 0.00000 0.00000 0.03165 0.00000 0.00000 0.00000 0.15015 0.00000 0.00000 0.00000 0.05192 0.00000 0.00000 0.00000 0.11862 0.00000 0.00000 0.00000 0.07612 0.00000 0.00000 0.00000 0.07495 0.00000 0.00000 0.00000 
154	3	0.18477 0.00000 0.00000 0.00000 0.21228 0.00000 0.00000 0.00000 0.05148 0.00000 0.00000 0.00000 0.18560 0.00000 0.00000 0.00000 0.06672 0.00000 0.00000 0.00000 0.14183 0.00000 0.00000 0.00000 0.07998 0.00000 0.00000 0.00000 0.07735 0.00000 0.00000 0.00000 
155	3	0.32256 0.00000 0.00000 0.00000 0.23158 0.00000 0.00000 0.00000 0.00000 0.00000 0.00000 0.00000 0.26327 0.00000 0.00000 0.00000 0.02139 0.00000 0.00000 0.00000 0.08546 0.00000 0.00000 0.00000 0.00005 0.00000 0.00000 0.00000 0.07570 0.00000 0.00000 0.00000 
156	3	0.49395 0.00000 0.00000 0.00000 0.17589 0.00000 0.00000 0.00000 0.00000 0.00000 0.00000 0.00000 0.17012 0.00000 0.00000 0.00000 0.02964 0.00000 0.00000 0.00000 0.07557 0.00000 0.00000 0.00000 0.00007 0.00000 0.00000 0.00000 0.05475 0.00000 0.00000 0.00000 
157	3	0.45780 0.00000 0.00000 0.00000 0.22609 0.00000 0.00000 0.00000 0.00000 0.00000 0.00000 0.00000 0.11096 0.00000 0.00000 0.00000 0.01278 0.00000 0.00000 0.00000 0.10081 0.00000 0.00000 0.00000 0.00007 0.00000 0.00000 0.00000 0.09150 0.00000 0.00000 0.00000 
158	3	0.22547 0.00000 0.00000 0.00000 0.51372 0.00000 0.00000 0.00000 0.00000 0.00000 0.00000 0.00000 0.02639 0.00000 0.00000 0.00000 0.04434 0.00000 0.00000 0.00000 0.12683 0.00000 0.00000 0.00000 0.00009 0.00000 0.00000 0.00000 0.06316 0.00000 0.00000 0.00000 
159	3	0.42898 0.00000 0.00000 0.00000 0.31982 0.00000 0.00000 0.00000 0.00000 0.00000 0.00000 0.00000 0.03038 0.00000 0.00000 0.00000 0.05036 0.00000 0.00000 0.00000 0.11455 0.00000 0.00000 0.00000 0.00014 0.00000 0.00000 0.00000 0.05577 0.00000 0.00000 0.00000 
160	3	0.10596 0.00000 0.00000 0.00000 0.70029 0.00000 0.00000 0.00000 0.00000 0.00000 0.00000 0.00000 0.01602 0.00000 0.00000 0.00000 0.01690 0.00000 0.00000 0.00000 0.10157 0.00000 0.00000 0.00000 0.00001 0.00000 0.00000 0.00000 0.05925 0.00000 0.00000 0.00000 
161	3	0.78156 0.00000 0.00000 0.00000 0.15957 0.00000 0.00000 0.00000 0.00000 0.00000 0.00000 0.00000 0.00350 0.00000 0.00000 0.00000 0.01995 0.00000 0.00000 0.00000 0.02515 0.00000 0.00000 0.00000 0.00000 0.00000 0.00000 0.00000 0.01028 0.00000 0.00000 0.00000 
162	3	0.10408 0.00000 0.00000 0.00000 0.06830 0.00000 0.00000 0.00000 0.20307 0.00000 0.00000 0.00000 0.35998 0.00000 0.00000 0.00000 0.00657 0.00000 0.00000 0.00000 0.03534 0.00000 0.00000 0.00000 0.12763 0.00000 0.00000 0.00000 0.09502 0.00000 0.00000 0.00000 
163	3	0.54421 0.00000 0.00000 0.00000 0.23060 0.00000 0.00000 0.00000 0.00000 0.00000 0.00000 0.00000 0.02410 0.00000 0.00000 0.00000 0.03729 0.00000 0.00000 0.00000 0.10451 0.00000 0.00000 0.00000 0.00007 0.00000 0.00000 0.00000 0.05922 0.00000 0.00000 0.00000 
164	3	0.49037 0.00000 0.00000 0.00000 0.22238 0.00000 0.00000 0.00000 0.00000 0.00000 0.00000 0.00000 0.05214 0.00000 0.00000 0.00000 0.02938 0.00000 0.00000 0.00000 0.12010 0.00000 0.00000 0.00000 0.00006 0.00000 0.00000 0.00000 0.08556 0.00000 0.00000 0.00000 
165	3	0.27441 0.00000 0.00000 0.00000 0.17135 0.00000 0.00000 0.00000 0.06463 0.00000 0.00000 0.00000 0.14769 0.00000 0.00000 0.00000 0.06128 0.00000 0.00000 0.00000 0.12260 0.00000 0.00000 0.00000 0.07473 0.00000 0.00000 0.00000 0.08331 0.00000 0.00000 0.00000 
166	3	0.56434 0.00000 0.00000 0.00000 0.05847 0.00000 0.00000 0.00000 0.00216 0.00000 0.00000 0.00000 0.09426 0.00000 0.00000 0.00000 0.08384 0.00000 0.00000 0.00000 0.10201 0.00000 0.00000 0.00000 0.03322 0.00000 0.00000 0.00000 0.06170 0.00000 0.00000 0.00000 
167	3	0.55673 0.00000 0.00000 0.00000 0.07759 0.00000 0.00000 0.00000 0.00574 0.00000 0.00000 0.00000 0.10825 0.00000 0.00000 0.00000 0.08468 0.00000 0.00000 0.00000 0.09048 0.00000 0.00000 0.00000 0.02837 0.00000 0.00000 0.00000 0.04816 0.00000 0.00000 0.00000 
168	3	0.38325 0.00000 0.00000 0.00000 0.25592 0.00000 0.00000 0.00000 0.00917 0.00000 0.00000 0.00000 0.24407 0.00000 0.00000 0.00000 0.02048 0.00000 0.00000 0.00000 0.03381 0.00000 0.00000 0.00000 0.02062 0.00000 0.00000 0.00000 0.03268 0.00000 0.00000 0.00000 
169	3	0.38988 0.00000 0.00000 0.00000 0.31927 0.00000 0.00000 0.00000 0.00959 0.00000 0.00000 0.00000 0.17190 0.00000 0.00000 0.00000 0.01709 0.00000 0.00000 0.00000 0.03492 0.00000 0.00000 0.00000 0.02303 0.00000 0.00000 0.00000 0.03432 0.00000 0.00000 0.00000 
170	3	0.08664 0.00000 0.00000 0.00000 0.35051 0.00000 0.00000 0.00000 0.06769 0.00000 0.00000 0.00000 0.11626 0.00000 0.00000 0.00000 0.04628 0.00000 0.00000 0.00000 0.14940 0.00000 0.00000 0.00000 0.10538 0.00000 0.00000 0.00000 0.07783 0.00000 0.00000 0.00000 
171	3	0.10425 0.00000 0.00000 0.00000 0.12667 0.00000 0.00000 0.00000 0.01996 0.00000 0.00000 0.00000 0.37190 0.00000 0.00000 0.00000 0.05449 0.00000 0.00000 0.00000 0.12718 0.00000 0.00000 0.00000 0.09463 0.00000 0.00000 0.00000 0.10092 0.00000 0.00000 0.00000 
172	3	0.08985 0.00000 0.00000 0.00000 0.14499 0.00000 0.00000 0.00000 0.04550 0.00000 0.00000 0.00000 0.32169 0.00000 0.00000 0.00000 0.05328 0.00000 0.00000 0.00000 0.13426 0.00000 0.00000 0.00000 0.10777 0.00000 0.00000 0.00000 0.10267 0.00000 0.00000 0.00000 
173	3	0.13549 0.00000 0.00000 0.00000 0.44127 0.00000 0.00000 0.00000 0.06513 0.00000 0.00000 0.00000 0.13573 0.00000 0.00000 0.00000 0.03819 0.00000 0.00000 0.00000 0.08596 0.00000 0.00000 0.00000 0.05908 0.00000 0.00000 0.00000 0.03916 0.00000 0.00000 0.00000 
174	3	0.47157 0.00000 0.00000 0.00000 0.08182 0.00000 0.00000 0.00000 0.01043 0.00000 0.00000 0.00000 0.13053 0.00000 0.00000 0.00000 0.07115 0.00000 0.00000 0.00000 0.10658 0.00000 0.00000 0.00000 0.04610 0.00000 0.00000 0.00000 0.08181 0.00000 0.00000 0.00000 
175	3	0.31314 0.00000 0.00000 0.00000 0.18881 0.00000 0.00000 0.00000 0.04117 0.00000 0.00000 0.00000 0.18624 0.00000 0.00000 0.00000 0.04165 0.00000 0.00000 0.00000 0.09700 0.00000 0.00000 0.00000 0.07448 0.00000 0.00000 0.00000 0.05751 0.00000 0.00000 0.00000 
176	3	0.35439 0.00000 0.00000 0.00000 0.13811 0.00000 0.00000 0.00000 0.02318 0.00000 0.00000 0.00000 0.14650 0.00000 0.00000 0.00000 0.06225 0.00000 0.00000 0.00000 0.12589 0.00000 0.00000 0.00000 0.07284 0.00000 0.00000 0.00000 0.07685 0.00000 0.00000 0.00000 
177	3	0.44577 0.00000 0.00000 0.00000 0.11752 0.00000 0.00000 0.00000 0.02206 0.00000 0.00000 0.00000 0.16005 0.00000 0.00000 0.00000 0.05157 0.00000 0.00000 0.00000 0.08648 0.00000 0.00000 0.00000 0.04921 0.00000 0.00000 0.00000 0.06734 0.00000 0.00000 0.00000 
178	3	0.57160 0.00000 0.00000 0.00000 0.10365 0.00000 0.00000 0.00000 0.05342 0.00000 0.00000 0.00000 0.07660 0.00000 0.00000 0.00000 0.05519 0.00000 0.00000 0.00000 0.06352 0.00000 0.00000 0.00000 0.04070 0.00000 0.00000 0.00000 0.03531 0.00000 0.00000 0.00000 
179	3	0.51208 0.00000 0.00000 0.00000 0.07337 0.00000 0.00000 0.00000 0.05951 0.00000 0.00000 0.00000 0.10224 0.00000 0.00000 0.00000 0.06406 0.00000 0.00000 0.00000 0.07082 0.00000 0.00000 0.00000 0.06414 0.00000 0.00000 0.00000 0.05378 0.00000 0.00000 0.00000 
180	3	0.47315 0.00000 0.00000 0.00000 0.09329 0.00000 0.00000 0.00000 0.10905 0.00000 0.00000 0.00000 0.07417 0.00000 0.00000 0.00000 0.05762 0.00000 0.00000 0.00000 0.07207 0.00000 0.00000 0.00000 0.07266 0.00000 0.00000 0.00000 0.04800 0.00000 0.00000 0.00000 
181	3	0.50318 0.00000 0.00000 0.00000 0.12636 0.00000 0.00000 0.00000 0.13069 0.00000 0.00000 0.00000 0.02087 0.00000 0.00000 0.00000 0.05052 0.00000 0.00000 0.00000 0.07142 0.00000 0.00000 0.00000 0.06553 0.00000 0.00000 0.00000 0.03142 0.00000 0.00000 0.00000 
182	3	0.17001 0.00000 0.00000 0.00000 0.11168 0.00000 0.00000 0.00000 0.06867 0.00000 0.00000 0.00000 0.17478 0.00000 0.00000 0.00000 0.06668 0.00000 0.00000 0.00000 0.15215 0.00000 0.00000 0.00000 0.14350 0.00000 0.00000 0.00000 0.11253 0.00000 0.00000 0.00000 
183	3	0.54702 0.00000 0.00000 0.00000 0.10828 0.00000 0.00000 0.00000 0.12638 0.00000 0.00000 0.00000 0.05000 0.00000 0.00000 0.00000 0.03624 0.00000 0.00000 0.00000 0.05165 0.00000 0.00000 0.00000 0.04982 0.00000 0.00000 0.00000 0.03060 0.00000 0.00000 0.00000 
184	3	0.04796 0.00000 0.00000 0.00000 0.29465 0.00000 0.00000 0.00000 0.10523 0.00000 0.00000 0.00000 0.32213 0.00000 0.00000 0.00000 0.02332 0.00000 0.00000 0.00000 0.07771 0.00000 0.00000 0.00000 0.06757 0.00000 0.00000 0.00000 0.06142 0.00000 0.00000 0.00000 
185	3	0.04963 0.00000 0.00000 0.00000 0.26275 0.00000 0.00000 0.00000 0.10045 0.00000 0.00000 0.00000 0.31483 0.00000 0.00000 0.00000 0.02251 0.00000 0.00000 0.00000 0.09014 0.00000 0.00000 0.00000 0.08317 0.00000 0.00000 0.00000 0.07652 0.00000 0.00000 0.00000 
186	3	0.25847 0.00000 0.00000 0.00000 0.04963 0.00000 0.00000 0.00000 0.04007 0.00000 0.00000 0.00000 0.23629 0.00000 0.00000 0.00000 0.06714 0.00000 0.00000 0.00000 0.11998 0.00000 0.00000 0.00000 0.09762 0.00000 0.00000 0.00000 0.13079 0.00000 0.00000 0.00000 
187	3	0.18939 0.00000 0.00000 0.00000 0.08709 0.00000 0.00000 0.00000 0.05373 0.00000 0.00000 0.00000 0.24511 0.00000 0.00000 0.00000 0.06777 0.00000 0.00000 0.00000 0.13268 0.00000 0.00000 0.00000 0.10363 0.00000 0.00000 0.00000 0.12060 0.00000 0.00000 0.00000 
188	3	0.24717 0.00000 0.00000 0.00000 0.02842 0.00000 0.00000 0.00000 0.02910 0.00000 0.00000 0.00000 0.26554 0.00000 0.00000 0.00000 0.07597 0.00000 0.00000 0.00000 0.11793 0.00000 0.00000 0.00000 0.09892 0.00000 0.00000 0.00000 0.13696 0.00000 0.00000 0.00000 
189	3	0.02104 0.00000 0.00000 0.00000 0.22862 0.00000 0.00000 0.00000 0.15323 0.00000 0.00000 0.00000 0.32681 0.00000 0.00000 0.00000 0.01355 0.00000 0.00000 0.00000 0.08882 0.00000 0.00000 0.00000 0.10727 0.00000 0.00000 0.00000 0.06067 0.00000 0.00000 0.00000 
190	3	0.09573 0.00000 0.00000 0.00000 0.27981 0.00000 0.00000 0.00000 0.02473 0.00000 0.00000 0.00000 0.10308 0.00000 0.00000 0.00000 0.08025 0.00000 0.00000 0.00000 0.19701 0.00000 0.00000 0.00000 0.11721 0.00000 0.00000 0.00000 0.10219 0.00000 0.00000 0.00000 
191	3	0.08285 0.00000 0.00000 0.00000 0.13431 0.00000 0.00000 0.00000 0.02224 0.00000 0.00000 0.00000 0.20219 0.00000 0.00000 0.00000 0.07409 0.00000 0.00000 0.00000 0.21646 0.00000 0.00000 0.00000 0.12023 0.00000 0.00000 0.00000 0.14763 0.00000 0.00000 0.00000 
192	3	0.12822 0.00000 0.00000 0.00000 0.12001 0.00000 0.00000 0.00000 0.00138 0.00000 0.00000 0.00000 0.16067 0.00000 0.00000 0.00000 0.12928 0.00000 0.00000 0.00000 0.25517 0.00000 0.00000 0.00000 0.08225 0.00000 0.00000 0.00000 0.12301 0.00000 0.00000 0.00000 
193	3	0.11728 0.00000 0.00000 0.00000 0.06601 0.00000 0.00000 0.00000 0.01666 0.00000 0.00000 0.00000 0.09216 0.00000 0.00000 0.00000 0.10610 0.00000 0.00000 0.00000 0.22994 0.00000 0.00000 0.00000 0.19972 0.00000 0.00000 0.00000 0.17213 0.00000 0.00000 0.00000 
194	3	0.00104 0.00000 0.00000 0.00000 0.51996 0.00000 0.00000 0.00000 0.15726 0.00000 0.00000 0.00000 0.21415 0.00000 0.00000 0.00000 0.00133 0.00000 0.00000 0.00000 0.03683 0.00000 0.00000 0.00000 0.03644 0.00000 0.00000 0.00000 0.03298 0.00000 0.00000 0.00000 
195	3	0.07876 0.00000 0.00000 0.00000 0.47956 0.00000 0.00000 0.00000 0.06360 0.00000 0.00000 0.00000 0.23993 0.00000 0.00000 0.00000 0.01646 0.00000 0.00000 0.00000 0.05147 0.00000 0.00000 0.00000 0.03355 0.00000 0.00000 0.00000 0.03667 0.00000 0.00000 0.00000 
196	3	0.09587 0.00000 0.00000 0.00000 0.38830 0.00000 0.00000 0.00000 0.02769 0.00000 0.00000 0.00000 0.36512 0.00000 0.00000 0.00000 0.01767 0.00000 0.00000 0.00000 0.04376 0.00000 0.00000 0.00000 0.02814 0.00000 0.00000 0.00000 0.03346 0.00000 0.00000 0.00000 
197	3	0.26311 0.00000 0.00000 0.00000 0.30308 0.00000 0.00000 0.00000 0.01865 0.00000 0.00000 0.00000 0.19323 0.00000 0.00000 0.00000 0.05385 0.00000 0.00000 0.00000 0.09063 0.00000 0.00000 0.00000 0.04005 0.00000 0.00000 0.00000 0.03739 0.00000 0.00000 0.00000 
198	3	0.19550 0.00000 0.00000 0.00000 0.31552 0.00000 0.00000 0.00000 0.05952 0.00000 0.00000 0.00000 0.17237 0.00000 0.00000 0.00000 0.06550 0.00000 0.00000 0.00000 0.11118 0.00000 0.00000 0.00000 0.04362 0.00000 0.00000 0.00000 0.03677 0.00000 0.00000 0.00000 
199	3	0.59176 0.00000 0.00000 0.00000 0.06710 0.00000 0.00000 0.00000 0.00806 0.00000 0.00000 0.00000 0.22927 0.00000 0.00000 0.00000 0.02631 0.00000 0.00000 0.00000 0.03675 0.00000 0.00000 0.00000 0.01265 0.00000 0.00000 0.00000 0.02810 0.00000 0.00000 0.00000 
200	3	0.33341 0.00000 0.00000 0.00000 0.19318 0.00000 0.00000 0.00000 0.06849 0.00000 0.00000 0.00000 0.29198 0.00000 0.00000 0.00000 0.01910 0.00000 0.00000 0.00000 0.03942 0.00000 0.00000 0.00000 0.02117 0.00000 0.00000 0.00000 0.03325 0.00000 0.00000 0.00000 
201	3	0.27968 0.00000 0.00000 0.00000 0.31180 0.00000 0.00000 0.00000 0.12990 0.00000 0.00000 0.00000 0.07182 0.00000 0.00000 0.00000 0.04895 0.00000 0.00000 0.00000 0.08422 0.00000 0.00000 0.00000 0.04587 0.00000 0.00000 0.00000 0.02777 0.00000 0.00000 0.00000 
202	3	0.18470 0.00000 0.00000 0.00000 0.33565 0.00000 0.00000 0.00000 0.05874 0.00000 0.00000 0.00000 0.16620 0.00000 0.00000 0.00000 0.04177 0.00000 0.00000 0.00000 0.09499 0.00000 0.00000 0.00000 0.06886 0.00000 0.00000 0.00000 0.04909 0.00000 0.00000 0.00000 
203	3	0.25390 0.00000 0.00000 0.00000 0.26359 0.00000 0.00000 0.00000 0.08018 0.00000 0.00000 0.00000 0.14537 0.00000 0.00000 0.00000 0.04145 0.00000 0.00000 0.00000 0.09186 0.00000 0.00000 0.00000 0.07335 0.00000 0.00000 0.00000 0.05029 0.00000 0.00000 0.00000 
204	3	0.15362 0.00000 0.00000 0.00000 0.38593 0.00000 0.00000 0.00000 0.07018 0.00000 0.00000 0.00000 0.20127 0.00000 0.00000 0.00000 0.02553 0.00000 0.00000 0.00000 0.06673 0.00000 0.00000 0.00000 0.05527 0.00000 0.00000 0.00000 0.04147 0.00000 0.00000 0.00000 
205	3	0.68710 0.00000 0.00000 0.00000 0.04340 0.00000 0.00000 0.00000 0.00627 0.00000 0.00000 0.00000 0.04012 0.00000 0.00000 0.00000 0.06380 0.00000 0.00000 0.00000 0.06613 0.00000 0.00000 0.00000 0.04280 0.00000 0.00000 0.00000 0.05037 0.00000 0.00000 0.00000 
206	3	0.67070 0.00000 0.00000 0.00000 0.06425 0.00000 0.00000 0.00000 0.01055 0.00000 0.00000 0.00000 0.04710 0.00000 0.00000 0.00000 0.05306 0.00000 0.00000 0.00000 0.06509 0.00000 0.00000 0.00000 0.04366 0.00000 0.00000 0.00000 0.04560 0.00000 0.00000 0.00000 
207	3	0.49902 0.00000 0.00000 0.00000 0.15117 0.00000 0.00000 0.00000 0.09472 0.00000 0.00000 0.00000 0.04743 0.00000 0.00000 0.00000 0.04937 0.00000 0.00000 0.00000 0.07108 0.00000 0.00000 0.00000 0.04785 0.00000 0.00000 0.00000 0.03936 0.00000 0.00000 0.00000 
208	3	0.05135 0.00000 0.00000 0.00000 0.07494 0.00000 0.00000 0.00000 0.16888 0.00000 0.00000 0.00000 0.42931 0.00000 0.00000 0.00000 0.02209 0.00000 0.00000 0.00000 0.06692 0.00000 0.00000 0.00000 0.10163 0.00000 0.00000 0.00000 0.08487 0.00000 0.00000 0.00000 
209	3	0.08162 0.00000 0.00000 0.00000 0.20452 0.00000 0.00000 0.00000 0.15917 0.00000 0.00000 0.00000 0.29979 0.00000 0.00000 0.00000 0.02632 0.00000 0.00000 0.00000 0.07564 0.00000 0.00000 0.00000 0.08755 0.00000 0.00000 0.00000 0.06539 0.00000 0.00000 0.00000 
210	4	0.23460 0.00000 0.00000 0.00000 0.22433 0.00000 0.00000 0.00000 0.03610 0.00000 0.00000 0.00000 0.37482 0.00000 0.00000 0.00000 0.02255 0.00000 0.00000 0.00000 0.05212 0.00000 0.00000 0.00000 0.04050 0.00000 0.00000 0.00000 0.01498 0.00000 0.00000 0.00000 
211	4	0.09165 0.00000 0.00000 0.00000 0.37338 0.00000 0.00000 0.00000 0.03998 0.00000 0.00000 0.00000 0.38967 0.00000 0.00000 0.00000 0.02215 0.00000 0.00000 0.00000 0.04534 0.00000 0.00000 0.00000 0.02080 0.00000 0.00000 0.00000 0.01703 0.00000 0.00000 0.00000 
212	4	0.09356 0.00000 0.00000 0.00000 0.34733 0.00000 0.00000 0.00000 0.05790 0.00000 0.00000 0.00000 0.38798 0.00000 0.00000 0.00000 0.03205 0.00000 0.00000 0.00000 0.04854 0.00000 0.00000 0.00000 0.01510 0.00000 0.00000 0.00000 0.01755 0.00000 0.00000 0.00000 
213	4	0.06474 0.00000 0.00000 0.00000 0.33499 0.00000 0.00000 0.00000 0.17030 0.00000 0.00000 0.00000 0.22457 0.00000 0.00000 0.00000 0.05987 0.00000 0.00000 0.00000 0.09783 0.00000 0.00000 0.00000 0.03222 0.00000 0.00000 0.00000 0.01548 0.00000 0.00000 0.00000 
214	4	0.09997 0.00000 0.00000 0.00000 0.22612 0.00000 0.00000 0.00000 0.13596 0.00000 0.00000 0.00000 0.30190 0.00000 0.00000 0.00000 0.06709 0.00000 0.00000 0.00000 0.09023 0.00000 0.00000 0.00000 0.05243 0.00000 0.00000 0.00000 0.02629 0.00000 0.00000 0.00000 
215	4	0.08664 0.00000 0.00000 0.00000 0.14220 0.00000 0.00000 0.00000 0.20966 0.00000 0.00000 0.00000 0.27017 0.00000 0.00000 0.00000 0.09838 0.00000 0.00000 0.00000 0.12291 0.00000 0.00000 0.00000 0.04900 0.00000 0.00000 0.00000 0.02104 0.00000 0.00000 0.00000 
216	4	0.05893 0.00000 0.00000 0.00000 0.16881 0.00000 0.00000 0.00000 0.39957 0.00000 0.00000 0.00000 0.20135 0.00000 0.00000 0.00000 0.04077 0.00000 0.00000 0.00000 0.05186 0.00000 0.00000 0.00000 0.04738 0.00000 0.00000 0.00000 0.03132 0.00000 0.00000 0.00000 
217	4	0.00618 0.00000 0.00000 0.00000 0.04127 0.00000 0.00000 0.00000 0.50565 0.00000 0.00000 0.00000 0.27262 0.00000 0.00000 0.00000 0.01490 0.00000 0.00000 0.00000 0.05192 0.00000 0.00000 0.00000 0.05948 0.00000 0.00000 0.00000 0.04796 0.00000 0.00000 0.00000 
218	4	0.22996 0.00000 0.00000 0.00000 0.54655 0.00000 0.00000 0.00000 0.00000 0.00000 0.00000 0.00000 0.13472 0.00000 0.00000 0.00000 0.02790 0.00000 0.00000 0.00000 0.03958 0.00000 0.00000 0.00000 0.00038 0.00000 0.00000 0.00000 0.02090 0.00000 0.00000 0.00000 
219	4	0.06253 0.00000 0.00000 0.00000 0.53582 0.00000 0.00000 0.00000 0.00162 0.00000 0.00000 0.00000 0.21700 0.00000 0.00000 0.00000 0.06757 0.00000 0.00000 0.00000 0.08555 0.00000 0.00000 0.00000 0.01015 0.00000 0.00000 0.00000 0.01976 0.00000 0.00000 0.00000 
220	4	0.06225 0.00000 0.00000 0.00000 0.13369 0.00000 0.00000 0.00000 0.20095 0.00000 0.00000 0.00000 0.40889 0.00000 0.00000 0.00000 0.01690 0.00000 0.00000 0.00000 0.08149 0.00000 0.00000 0.00000 0.03913 0.00000 0.00000 0.00000 0.05670 0.00000 0.00000 0.00000 
221	4	0.07625 0.00000 0.00000 0.00000 0.32118 0.00000 0.00000 0.00000 0.00431 0.00000 0.00000 0.00000 0.44006 0.00000 0.00000 0.00000 0.05744 0.00000 0.00000 0.00000 0.06575 0.00000 0.00000 0.00000 0.01242 0.00000 0.00000 0.00000 0.02258 0.00000 0.00000 0.00000 
222	4	0.12975 0.00000 0.00000 0.00000 0.31583 0.00000 0.00000 0.00000 0.03387 0.00000 0.00000 0.00000 0.30254 0.00000 0.00000 0.00000 0.06489 0.00000 0.00000 0.00000 0.09756 0.00000 0.00000 0.00000 0.01524 0.00000 0.00000 0.00000 0.04032 0.00000 0.00000 0.00000 
223	4	0.09315 0.00000 0.00000 0.00000 0.18566 0.00000 0.00000 0.00000 0.01159 0.00000 0.00000 0.00000 0.56957 0.00000 0.00000 0.00000 0.02234 0.00000 0.00000 0.00000 0.05026 0.00000 0.00000 0.00000 0.03263 0.00000 0.00000 0.00000 0.03480 0.00000 0.00000 0.00000 
224	4	0.03395 0.00000 0.00000 0.00000 0.24405 0.00000 0.00000 0.00000 0.09215 0.00000 0.00000 0.00000 0.33698 0.00000 0.00000 0.00000 0.05987 0.00000 0.00000 0.00000 0.14547 0.00000 0.00000 0.00000 0.06121 0.00000 0.00000 0.00000 0.02631 0.00000 0.00000 0.00000 
225	4	0.09988 0.00000 0.00000 0.00000 0.52324 0.00000 0.00000 0.00000 0.00169 0.00000 0.00000 0.00000 0.23940 0.00000 0.00000 0.00000 0.03635 0.00000 0.00000 0.00000 0.06274 0.00000 0.00000 0.00000 0.00687 0.00000 0.00000 0.00000 0.02984 0.00000 0.00000 0.00000 
226	4	0.11208 0.00000 0.00000 0.00000 0.22967 0.00000 0.00000 0.00000 0.23463 0.00000 0.00000 0.00000 0.26844 0.00000 0.00000 0.00000 0.03249 0.00000 0.00000 0.00000 0.06112 0.00000 0.00000 0.00000 0.03389 0.00000 0.00000 0.00000 0.02768 0.00000 0.00000 0.00000 
227	4	0.12603 0.00000 0.00000 0.00000 0.11350 0.00000 0.00000 0.00000 0.01759 0.00000 0.00000 0.00000 0.47321 0.00000 0.00000 0.00000 0.06641 0.00000 0.00000 0.00000 0.11590 0.00000 0.00000 0.00000 0.01242 0.00000 0.00000 0.00000 0.07495 0.00000 0.00000 0.00000 
228	4	0.20790 0.00000 0.00000 0.00000 0.15858 0.00000 0.00000 0.00000 0.13904 0.00000 0.00000 0.00000 0.27137 0.00000 0.00000 0.00000 0.06348 0.00000 0.00000 0.00000 0.10120 0.00000 0.00000 0.00000 0.01873 0.00000 0.00000 0.00000 0.03970 0.00000 0.00000 0.00000 
229	4	0.15902 0.00000 0.00000 0.00000 0.21629 0.00000 0.00000 0.00000 0.03713 0.00000 0.00000 0.00000 0.22569 0.00000 0.00000 0.00000 0.07340 0.00000 0.00000 0.00000 0.16388 0.00000 0.00000 0.00000 0.03078 0.00000 0.00000 0.00000 0.09380 0.00000 0.00000 0.00000 
230	4	0.17504 0.00000 0.00000 0.00000 0.41309 0.00000 0.00000 0.00000 0.05685 0.00000 0.00000 0.00000 0.25400 0.00000 0.00000 0.00000 0.01820 0.00000 0.00000 0.00000 0.03937 0.00000 0.00000 0.00000 0.02130 0.00000 0.00000 0.00000 0.02215 0.00000 0.00000 0.00000 
231	4	0.09476 0.00000 0.00000 0.00000 0.19505 0.00000 0.00000 0.00000 0.15565 0.00000 0.00000 0.00000 0.31071 0.00000 0.00000 0.00000 0.03753 0.00000 0.00000 0.00000 0.06546 0.00000 0.00000 0.00000 0.06591 0.00000 0.00000 0.00000 0.07492 0.00000 0.00000 0.00000 
232	4	0.03292 0.00000 0.00000 0.00000 0.25147 0.00000 0.00000 0.00000 0.12591 0.00000 0.00000 0.00000 0.27657 0.00000 0.00000 0.00000 0.07990 0.00000 0.00000 0.00000 0.16500 0.00000 0.00000 0.00000 0.01642 0.00000 0.00000 0.00000 0.05181 0.00000 0.00000 0.00000 
233	4	0.09572 0.00000 0.00000 0.00000 0.18344 0.00000 0.00000 0.00000 0.02657 0.00000 0.00000 0.00000 0.30656 0.00000 0.00000 0.00000 0.08303 0.00000 0.00000 0.00000 0.19133 0.00000 0.00000 0.00000 0.00922 0.00000 0.00000 0.00000 0.10412 0.00000 0.00000 0.00000 
234	4	0.15583 0.00000 0.00000 0.00000 0.08899 0.00000 0.00000 0.00000 0.19268 0.00000 0.00000 0.00000 0.13971 0.00000 0.00000 0.00000 0.13432 0.00000 0.00000 0.00000 0.19043 0.00000 0.00000 0.00000 0.01168 0.00000 0.00000 0.00000 0.08636 0.00000 0.00000 0.00000 
235	4	0.20411 0.00000 0.00000 0.00000 0.22705 0.00000 0.00000 0.00000 0.11133 0.00000 0.00000 0.00000 0.18976 0.00000 0.00000 0.00000 0.07089 0.00000 0.00000 0.00000 0.12092 0.00000 0.00000 0.00000 0.01104 0.00000 0.00000 0.00000 0.06490 0.00000 0.00000 0.00000 
236	4	0.11441 0.00000 0.00000 0.00000 0.36398 0.00000 0.00000 0.00000 0.23575 0.00000 0.00000 0.00000 0.19670 0.00000 0.00000 0.00000 0.02474 0.00000 0.00000 0.00000 0.03433 0.00000 0.00000 0.00000 0.01460 0.00000 0.00000 0.00000 0.01549 0.00000 0.00000 0.00000 
237	4	0.08784 0.00000 0.00000 0.00000 0.38491 0.00000 0.00000 0.00000 0.07455 0.00000 0.00000 0.00000 0.31685 0.00000 0.00000 0.00000 0.02265 0.00000 0.00000 0.00000 0.05867 0.00000 0.00000 0.00000 0.03619 0.00000 0.00000 0.00000 0.01832 0.00000 0.00000 0.00000 
238	4	0.51228 0.00000 0.00000 0.00000 0.12462 0.00000 0.00000 0.00000 0.00094 0.00000 0.00000 0.00000 0.14657 0.00000 0.00000 0.00000 0.03507 0.00000 0.00000 0.00000 0.09618 0.00000 0.00000 0.00000 0.03001 0.00000 0.00000 0.00000 0.05432 0.00000 0.00000 0.00000 
239	4	0.34195 0.00000 0.00000 0.00000 0.33213 0.00000 0.00000 0.00000 0.23683 0.00000 0.00000 0.00000 0.01205 0.00000 0.00000 0.00000 0.01017 0.00000 0.00000 0.00000 0.02994 0.00000 0.00000 0.00000 0.02827 0.00000 0.00000 0.00000 0.00866 0.00000 0.00000 0.00000 
240	4	0.19023 0.00000 0.00000 0.00000 0.74254 0.00000 0.00000 0.00000 0.00547 0.00000 0.00000 0.00000 0.00923 0.00000 0.00000 0.00000 0.00767 0.00000 0.00000 0.00000 0.02533 0.00000 0.00000 0.00000 0.01290 0.00000 0.00000 0.00000 0.00662 0.00000 0.00000 0.00000 
241	4	0.12094 0.00000 0.00000 0.00000 0.42976 0.00000 0.00000 0.00000 0.04912 0.00000 0.00000 0.00000 0.13160 0.00000 0.00000 0.00000 0.05235 0.00000 0.00000 0.00000 0.09450 0.00000 0.00000 0.00000 0.05591 0.00000 0.00000 0.00000 0.06582 0.00000 0.00000 0.00000 
242	4	0.08656 0.00000 0.00000 0.00000 0.46913 0.00000 0.00000 0.00000 0.04536 0.00000 0.00000 0.00000 0.15777 0.00000 0.00000 0.00000 0.03572 0.00000 0.00000 0.00000 0.07909 0.00000 0.00000 0.00000 0.06090 0.00000 0.00000 0.00000 0.06546 0.00000 0.00000 0.00000 
243	4	0.19823 0.00000 0.00000 0.00000 0.27300 0.00000 0.00000 0.00000 0.04024 0.00000 0.00000 0.00000 0.25082 0.00000 0.00000 0.00000 0.01877 0.00000 0.00000 0.00000 0.06408 0.00000 0.00000 0.00000 0.08061 0.00000 0.00000 0.00000 0.07425 0.00000 0.00000 0.00000 
244	4	0.19162 0.00000 0.00000 0.00000 0.38709 0.00000 0.00000 0.00000 0.07637 0.00000 0.00000 0.00000 0.18210 0.00000 0.00000 0.00000 0.01620 0.00000 0.00000 0.00000 0.05141 0.00000 0.00000 0.00000 0.05998 0.00000 0.00000 0.00000 0.03523 0.00000 0.00000 0.00000 
245	4	0.20197 0.00000 0.00000 0.00000 0.33451 0.00000 0.00000 0.00000 0.02144 0.00000 0.00000 0.00000 0.16647 0.00000 0.00000 0.00000 0.05277 0.00000 0.00000 0.00000 0.10286 0.00000 0.00000 0.00000 0.06367 0.00000 0.00000 0.00000 0.05631 0.00000 0.00000 0.00000 
246	4	0.24290 0.00000 0.00000 0.00000 0.30466 0.00000 0.00000 0.00000 0.01817 0.00000 0.00000 0.00000 0.10268 0.00000 0.00000 0.00000 0.07575 0.00000 0.00000 0.00000 0.12424 0.00000 0.00000 0.00000 0.05900 0.00000 0.00000 0.00000 0.07261 0.00000 0.00000 0.00000 
247	4	0.11612 0.00000 0.00000 0.00000 0.50586 0.00000 0.00000 0.00000 0.00971 0.00000 0.00000 0.00000 0.07706 0.00000 0.00000 0.00000 0.07459 0.00000 0.00000 0.00000 0.14117 0.00000 0.00000 0.00000 0.03097 0.00000 0.00000 0.00000 0.04452 0.00000 0.00000 0.00000 
248	4	0.04829 0.00000 0.00000 0.00000 0.27958 0.00000 0.00000 0.00000 0.00111 0.00000 0.00000 0.00000 0.30568 0.00000 0.00000 0.00000 0.08176 0.00000 0.00000 0.00000 0.15330 0.00000 0.00000 0.00000 0.04656 0.00000 0.00000 0.00000 0.08372 0.00000 0.00000 0.00000 
249	4	0.00001 0.00000 0.00000 0.00000 0.55240 0.00000 0.00000 0.00000 0.20355 0.00000 0.00000 0.00000 0.11262 0.00000 0.00000 0.00000 0.00069 0.00000 0.00000 0.00000 0.04132 0.00000 0.00000 0.00000 0.05577 0.00000 0.00000 0.00000 0.03364 0.00000 0.00000 0.00000 
250	4	0.26826 0.00000 0.00000 0.00000 0.03387 0.00000 0.00000 0.00000 0.38175 0.00000 0.00000 0.00000 0.13952 0.00000 0.00000 0.00000 0.07019 0.00000 0.00000 0.00000 0.07006 0.00000 0.00000 0.00000 0.02192 0.00000 0.00000 0.00000 0.01443 0.00000 0.00000 0.00000 
251	4	0.17278 0.00000 0.00000 0.00000 0.25436 0.00000 0.00000 0.00000 0.03956 0.00000 0.00000 0.00000 0.22002 0.00000 0.00000 0.00000 0.08324 0.00000 0.00000 0.00000 0.14565 0.00000 0.00000 0.00000 0.01671 0.00000 0.00000 0.00000 0.06768 0.00000 0.00000 0.00000 
252	4	0.14546 0.00000 0.00000 0.00000 0.36526 0.00000 0.00000 0.00000 0.00754 0.00000 0.00000 0.00000 0.37872 0.00000 0.00000 0.00000 0.00495 0.00000 0.00000 0.00000 0.03830 0.00000 0.00000 0.00000 0.01500 0.00000 0.00000 0.00000 0.04476 0.00000 0.00000 0.00000 
253	4	0.00001 0.00000 0.00000 0.00000 0.44306 0.00000 0.00000 0.00000 0.01400 0.00000 0.00000 0.00000 0.38931 0.00000 0.00000 0.00000 0.00100 0.00000 0.00000 0.00000 0.05942 0.00000 0.00000 0.00000 0.02482 0.00000 0.00000 0.00000 0.06838 0.00000 0.00000 0.00000 
254	4	0.05029 0.00000 0.00000 0.00000 0.50160 0.00000 0.00000 0.00000 0.00392 0.00000 0.00000 0.00000 0.32676 0.00000 0.00000 0.00000 0.00693 0.00000 0.00000 0.00000 0.04761 0.00000 0.00000 0.00000 0.01687 0.00000 0.00000 0.00000 0.04602 0.00000 0.00000 0.00000 
255	4	0.14657 0.00000 0.00000 0.00000 0.42107 0.00000 0.00000 0.00000 0.00315 0.00000 0.00000 0.00000 0.32050 0.00000 0.00000 0.00000 0.00838 0.00000 0.00000 0.00000 0.04359 0.00000 0.00000 0.00000 0.01298 0.00000 0.00000 0.00000 0.04375 0.00000 0.00000 0.00000 
256	4	0.00001 0.00000 0.00000 0.00000 0.47256 0.00000 0.00000 0.00000 0.01228 0.00000 0.00000 0.00000 0.36871 0.00000 0.00000 0.00000 0.00058 0.00000 0.00000 0.00000 0.05700 0.00000 0.00000 0.00000 0.02306 0.00000 0.00000 0.00000 0.06580 0.00000 0.00000 0.00000 
257	4	0.09856 0.00000 0.00000 0.00000 0.25137 0.00000 0.00000 0.00000 0.11324 0.00000 0.00000 0.00000 0.37460 0.00000 0.00000 0.00000 0.01520 0.00000 0.00000 0.00000 0.05613 0.00000 0.00000 0.00000 0.04200 0.00000 0.00000 0.00000 0.04889 0.00000 0.00000 0.00000 
258	4	0.12237 0.00000 0.00000 0.00000 0.39752 0.00000 0.00000 0.00000 0.01234 0.00000 0.00000 0.00000 0.10816 0.00000 0.00000 0.00000 0.10135 0.00000 0.00000 0.00000 0.16861 0.00000 0.00000 0.00000 0.00642 0.00000 0.00000 0.00000 0.08322 0.00000 0.00000 0.00000 
259	4	0.08204 0.00000 0.00000 0.00000 0.24483 0.00000 0.00000 0.00000 0.08370 0.00000 0.00000 0.00000 0.27320 0.00000 0.00000 0.00000 0.06360 0.00000 0.00000 0.00000 0.15197 0.00000 0.00000 0.00000 0.01925 0.00000 0.00000 0.00000 0.08141 0.00000 0.00000 0.00000 
260	4	0.06227 0.00000 0.00000 0.00000 0.25683 0.00000 0.00000 0.00000 0.04802 0.00000 0.00000 0.00000 0.30560 0.00000 0.00000 0.00000 0.06961 0.00000 0.00000 0.00000 0.15312 0.00000 0.00000 0.00000 0.01159 0.00000 0.00000 0.00000 0.09295 0.00000 0.00000 0.00000 
261	4	0.23619 0.00000 0.00000 0.00000 0.12640 0.00000 0.00000 0.00000 0.31351 0.00000 0.00000 0.00000 0.10851 0.00000 0.00000 0.00000 0.05666 0.00000 0.00000 0.00000 0.09337 0.00000 0.00000 0.00000 0.02535 0.00000 0.00000 0.00000 0.04002 0.00000 0.00000 0.00000 
262	4	0.09086 0.00000 0.00000 0.00000 0.14530 0.00000 0.00000 0.00000 0.38394 0.00000 0.00000 0.00000 0.08638 0.00000 0.00000 0.00000 0.03505 0.00000 0.00000 0.00000 0.13572 0.00000 0.00000 0.00000 0.04691 0.00000 0.00000 0.00000 0.07585 0.00000 0.00000 0.00000 
263	4	0.07278 0.00000 0.00000 0.00000 0.18996 0.00000 0.00000 0.00000 0.39502 0.00000 0.00000 0.00000 0.05835 0.00000 0.00000 0.00000 0.06383 0.00000 0.00000 0.00000 0.14589 0.00000 0.00000 0.00000 0.01969 0.00000 0.00000 0.00000 0.05447 0.00000 0.00000 0.00000 
264	4	0.03082 0.00000 0.00000 0.00000 0.51715 0.00000 0.00000 0.00000 0.01187 0.00000 0.00000 0.00000 0.34995 0.00000 0.00000 0.00000 0.00356 0.00000 0.00000 0.00000 0.03391 0.00000 0.00000 0.00000 0.01491 0.00000 0.00000 0.00000 0.03782 0.00000 0.00000 0.00000 
265	4	0.00000 0.00000 0.00000 0.00000 0.51722 0.00000 0.00000 0.00000 0.00890 0.00000 0.00000 0.00000 0.33542 0.00000 0.00000 0.00000 0.00081 0.00000 0.00000 0.00000 0.05550 0.00000 0.00000 0.00000 0.02020 0.00000 0.00000 0.00000 0.06194 0.00000 0.00000 0.00000 
266	4	0.00005 0.00000 0.00000 0.00000 0.49223 0.00000 0.00000 0.00000 0.00453 0.00000 0.00000 0.00000 0.39870 0.00000 0.00000 0.00000 0.00094 0.00000 0.00000 0.00000 0.03880 0.00000 0.00000 0.00000 0.01851 0.00000 0.00000 0.00000 0.04623 0.00000 0.00000 0.00000 
267	4	0.00000 0.00000 0.00000 0.00000 0.45239 0.00000 0.00000 0.00000 0.01679 0.00000 0.00000 0.00000 0.40094 0.00000 0.00000 0.00000 0.00067 0.00000 0.00000 0.00000 0.04959 0.00000 0.00000 0.00000 0.02025 0.00000 0.00000 0.00000 0.05936 0.00000 0.00000 0.00000 
268	4	0.21440 0.00000 0.00000 0.00000 0.21670 0.00000 0.00000 0.00000 0.14234 0.00000 0.00000 0.00000 0.21123 0.00000 0.00000 0.00000 0.03583 0.00000 0.00000 0.00000 0.08170 0.00000 0.00000 0.00000 0.04509 0.00000 0.00000 0.00000 0.05270 0.00000 0.00000 0.00000 
269	4	0.26477 0.00000 0.00000 0.00000 0.24292 0.00000 0.00000 0.00000 0.11628 0.00000 0.00000 0.00000 0.16390 0.00000 0.00000 0.00000 0.03607 0.00000 0.00000 0.00000 0.08047 0.00000 0.00000 0.00000 0.04280 0.00000 0.00000 0.00000 0.05278 0.00000 0.00000 0.00000 
270	4	0.13189 0.00000 0.00000 0.00000 0.29950 0.00000 0.00000 0.00000 0.03603 0.00000 0.00000 0.00000 0.22120 0.00000 0.00000 0.00000 0.06683 0.00000 0.00000 0.00000 0.12189 0.00000 0.00000 0.00000 0.05145 0.00000 0.00000 0.00000 0.07121 0.00000 0.00000 0.00000 
271	4	0.13346 0.00000 0.00000 0.00000 0.31490 0.00000 0.00000 0.00000 0.03313 0.00000 0.00000 0.00000 0.20647 0.00000 0.00000 0.00000 0.06660 0.00000 0.00000 0.00000 0.12040 0.00000 0.00000 0.00000 0.05287 0.00000 0.00000 0.00000 0.07217 0.00000 0.00000 0.00000 
272	4	0.16250 0.00000 0.00000 0.00000 0.41556 0.00000 0.00000 0.00000 0.02007 0.00000 0.00000 0.00000 0.10497 0.00000 0.00000 0.00000 0.05166 0.00000 0.00000 0.00000 0.10646 0.00000 0.00000 0.00000 0.06900 0.00000 0.00000 0.00000 0.06978 0.00000 0.00000 0.00000 
273	4	0.12637 0.00000 0.00000 0.00000 0.37975 0.00000 0.00000 0.00000 0.02844 0.00000 0.00000 0.00000 0.16703 0.00000 0.00000 0.00000 0.06123 0.00000 0.00000 0.00000 0.11222 0.00000 0.00000 0.00000 0.05384 0.00000 0.00000 0.00000 0.07112 0.00000 0.00000 0.00000 
274	4	0.35645 0.00000 0.00000 0.00000 0.23223 0.00000 0.00000 0.00000 0.11850 0.00000 0.00000 0.00000 0.11571 0.00000 0.00000 0.00000 0.01546 0.00000 0.00000 0.00000 0.06460 0.00000 0.00000 0.00000 0.04722 0.00000 0.00000 0.00000 0.04982 0.00000 0.00000 0.00000 
275	4	0.18532 0.00000 0.00000 0.00000 0.18962 0.00000 0.00000 0.00000 0.21489 0.00000 0.00000 0.00000 0.20561 0.00000 0.00000 0.00000 0.02177 0.00000 0.00000 0.00000 0.09605 0.00000 0.00000 0.00000 0.02529 0.00000 0.00000 0.00000 0.06145 0.00000 0.00000 0.00000 
276	4	0.05261 0.00000 0.00000 0.00000 0.08701 0.00000 0.00000 0.00000 0.13548 0.00000 0.00000 0.00000 0.57489 0.00000 0.00000 0.00000 0.02910 0.00000 0.00000 0.00000 0.05982 0.00000 0.00000 0.00000 0.01361 0.00000 0.00000 0.00000 0.04747 0.00000 0.00000 0.00000 
277	4	0.11942 0.00000 0.00000 0.00000 0.46655 0.00000 0.00000 0.00000 0.00001 0.00000 0.00000 0.00000 0.22473 0.00000 0.00000 0.00000 0.03573 0.00000 0.00000 0.00000 0.09636 0.00000 0.00000 0.00000 0.00105 0.00000 0.00000 0.00000 0.05615 0.00000 0.00000 0.00000 
278	4	0.17262 0.00000 0.00000 0.00000 0.42039 0.00000 0.00000 0.00000 0.00000 0.00000 0.00000 0.00000 0.21864 0.00000 0.00000 0.00000 0.04378 0.00000 0.00000 0.00000 0.09377 0.00000 0.00000 0.00000 0.00003 0.00000 0.00000 0.00000 0.05076 0.00000 0.00000 0.00000 
279	4	0.38409 0.00000 0.00000 0.00000 0.43027 0.00000 0.00000 0.00000 0.00000 0.00000 0.00000 0.00000 0.06775 0.00000 0.00000 0.00000 0.01978 0.00000 0.00000 0.00000 0.06295 0.00000 0.00000 0.00000 0.00000 0.00000 0.00000 0.00000 0.03516 0.00000 0.00000 0.00000 
280	5	0.09023 0.00000 0.00000 0.00000 0.14790 0.00000 0.00000 0.00000 0.07387 0.00000 0.00000 0.00000 0.52887 0.00000 0.00000 0.00000 0.04135 0.00000 0.00000 0.00000 0.05864 0.00000 0.00000 0.00000 0.03455 0.00000 0.00000 0.00000 0.02459 0.00000 0.00000 0.00000 
281	5	0.29432 0.00000 0.00000 0.00000 0.18628 0.00000 0.00000 0.00000 0.11096 0.00000 0.00000 0.00000 0.11818 0.00000 0.00000 0.00000 0.08370 0.00000 0.00000 0.00000 0.12480 0.00000 0.00000 0.00000 0.04702 0.00000 0.00000 0.00000 0.03473 0.00000 0.00000 0.00000 
282	5	0.09137 0.00000 0.00000 0.00000 0.23232 0.00000 0.00000 0.00000 0.03384 0.00000 0.00000 0.00000 0.28817 0.00000 0.00000 0.00000 0.07715 0.00000 0.00000 0.00000 0.14422 0.00000 0.00000 0.00000 0.07757 0.00000 0.00000 0.00000 0.05536 0.00000 0.00000 0.00000 
283	5	0.01545 0.00000 0.00000 0.00000 0.12577 0.00000 0.00000 0.00000 0.20891 0.00000 0.00000 0.00000 0.54631 0.00000 0.00000 0.00000 0.00564 0.00000 0.00000 0.00000 0.02746 0.00000 0.00000 0.00000 0.04230 0.00000 0.00000 0.00000 0.02816 0.00000 0.00000 0.00000 
284	5	0.05269 0.00000 0.00000 0.00000 0.17337 0.00000 0.00000 0.00000 0.21504 0.00000 0.00000 0.00000 0.42522 0.00000 0.00000 0.00000 0.01177 0.00000 0.00000 0.00000 0.03728 0.00000 0.00000 0.00000 0.05306 0.00000 0.00000 0.00000 0.03157 0.00000 0.00000 0.00000 
285	5	0.06689 0.00000 0.00000 0.00000 0.09609 0.00000 0.00000 0.00000 0.36136 0.00000 0.00000 0.00000 0.37327 0.00000 0.00000 0.00000 0.01880 0.00000 0.00000 0.00000 0.04008 0.00000 0.00000 0.00000 0.03152 0.00000 0.00000 0.00000 0.01199 0.00000 0.00000 0.00000 
286	5	0.36971 0.00000 0.00000 0.00000 0.08382 0.00000 0.00000 0.00000 0.03795 0.00000 0.00000 0.00000 0.35491 0.00000 0.00000 0.00000 0.06233 0.00000 0.00000 0.00000 0.06446 0.00000 0.00000 0.00000 0.01737 0.00000 0.00000 0.00000 0.00944 0.00000 0.00000 0.00000 
287	5	0.11255 0.00000 0.00000 0.00000 0.27659 0.00000 0.00000 0.00000 0.16635 0.00000 0.00000 0.00000 0.12705 0.00000 0.00000 0.00000 0.06295 0.00000 0.00000 0.00000 0.13792 0.00000 0.00000 0.00000 0.08758 0.00000 0.00000 0.00000 0.02900 0.00000 0.00000 0.00000 
288	5	0.06293 0.00000 0.00000 0.00000 0.23659 0.00000 0.00000 0.00000 0.01260 0.00000 0.00000 0.00000 0.38434 0.00000 0.00000 0.00000 0.04677 0.00000 0.00000 0.00000 0.12697 0.00000 0.00000 0.00000 0.05295 0.00000 0.00000 0.00000 0.07684 0.00000 0.00000 0.00000 
289	5	0.02607 0.00000 0.00000 0.00000 0.08238 0.00000 0.00000 0.00000 0.29418 0.00000 0.00000 0.00000 0.49089 0.00000 0.00000 0.00000 0.00469 0.00000 0.00000 0.00000 0.01917 0.00000 0.00000 0.00000 0.04730 0.00000 0.00000 0.00000 0.03532 0.00000 0.00000 0.00000 
290	5	0.02821 0.00000 0.00000 0.00000 0.11885 0.00000 0.00000 0.00000 0.33002 0.00000 0.00000 0.00000 0.41337 0.00000 0.00000 0.00000 0.00410 0.00000 0.00000 0.00000 0.02221 0.00000 0.00000 0.00000 0.05002 0.00000 0.00000 0.00000 0.03322 0.00000 0.00000 0.00000 
291	5	0.00154 0.00000 0.00000 0.00000 0.34725 0.00000 0.00000 0.00000 0.38015 0.00000 0.00000 0.00000 0.15615 0.00000 0.00000 0.00000 0.00111 0.00000 0.00000 0.00000 0.02922 0.00000 0.00000 0.00000 0.05740 0.00000 0.00000 0.00000 0.02718 0.00000 0.00000 0.00000 
292	5	0.06751 0.00000 0.00000 0.00000 0.13158 0.00000 0.00000 0.00000 0.18034 0.00000 0.00000 0.00000 0.48263 0.00000 0.00000 0.00000 0.01836 0.00000 0.00000 0.00000 0.04059 0.00000 0.00000 0.00000 0.04673 0.00000 0.00000 0.00000 0.03225 0.00000 0.00000 0.00000 
293	5	0.00970 0.00000 0.00000 0.00000 0.48205 0.00000 0.00000 0.00000 0.31807 0.00000 0.00000 0.00000 0.09744 0.00000 0.00000 0.00000 0.00285 0.00000 0.00000 0.00000 0.03058 0.00000 0.00000 0.00000 0.04203 0.00000 0.00000 0.00000 0.01728 0.00000 0.00000 0.00000 
294	5	0.00000 0.00000 0.00000 0.00000 0.22287 0.00000 0.00000 0.00000 0.48853 0.00000 0.00000 0.00000 0.19321 0.00000 0.00000 0.00000 0.00000 0.00000 0.00000 0.00000 0.02177 0.00000 0.00000 0.00000 0.04817 0.00000 0.00000 0.00000 0.02545 0.00000 0.00000 0.00000 
295	5	0.05373 0.00000 0.00000 0.00000 0.52372 0.00000 0.00000 0.00000 0.00652 0.00000 0.00000 0.00000 0.29929 0.00000 0.00000 0.00000 0.02145 0.00000 0.00000 0.00000 0.05434 0.00000 0.00000 0.00000 0.01352 0.00000 0.00000 0.00000 0.02743 0.00000 0.00000 0.00000 
296	5	0.04057 0.00000 0.00000 0.00000 0.25002 0.00000 0.00000 0.00000 0.05065 0.00000 0.00000 0.00000 0.40597 0.00000 0.00000 0.00000 0.02234 0.00000 0.00000 0.00000 0.08850 0.00000 0.00000 0.00000 0.07243 0.00000 0.00000 0.00000 0.06952 0.00000 0.00000 0.00000 
297	5	0.04540 0.00000 0.00000 0.00000 0.28909 0.00000 0.00000 0.00000 0.01031 0.00000 0.00000 0.00000 0.55615 0.00000 0.00000 0.00000 0.00862 0.00000 0.00000 0.00000 0.03805 0.00000 0.00000 0.00000 0.01840 0.00000 0.00000 0.00000 0.03397 0.00000 0.00000 0.00000 
298	5	0.05035 0.00000 0.00000 0.00000 0.40715 0.00000 0.00000 0.00000 0.00306 0.00000 0.00000 0.00000 0.41329 0.00000 0.00000 0.00000 0.02200 0.00000 0.00000 0.00000 0.05859 0.00000 0.00000 0.00000 0.01471 0.00000 0.00000 0.00000 0.03086 0.00000 0.00000 0.00000 
299	5	0.06896 0.00000 0.00000 0.00000 0.14705 0.00000 0.00000 0.00000 0.06881 0.00000 0.00000 0.00000 0.37046 0.00000 0.00000 0.00000 0.02694 0.00000 0.00000 0.00000 0.10288 0.00000 0.00000 0.00000 0.10516 0.00000 0.00000 0.00000 0.10973 0.00000 0.00000 0.00000 
300	5	0.08782 0.00000 0.00000 0.00000 0.16151 0.00000 0.00000 0.00000 0.03595 0.00000 0.00000 0.00000 0.35004 0.00000 0.00000 0.00000 0.04127 0.00000 0.00000 0.00000 0.12773 0.00000 0.00000 0.00000 0.08533 0.00000 0.00000 0.00000 0.11034 0.00000 0.00000 0.00000 
301	5	0.21167 0.00000 0.00000 0.00000 0.17805 0.00000 0.00000 0.00000 0.04572 0.00000 0.00000 0.00000 0.31518 0.00000 0.00000 0.00000 0.07848 0.00000 0.00000 0.00000 0.10520 0.00000 0.00000 0.00000 0.03827 0.00000 0.00000 0.00000 0.02743 0.00000 0.00000 0.00000 
302	5	0.09957 0.00000 0.00000 0.00000 0.29452 0.00000 0.00000 0.00000 0.13246 0.00000 0.00000 0.00000 0.34879 0.00000 0.00000 0.00000 0.01867 0.00000 0.00000 0.00000 0.04202 0.00000 0.00000 0.00000 0.04264 0.00000 0.00000 0.00000 0.02132 0.00000 0.00000 0.00000 
303	5	0.05856 0.00000 0.00000 0.00000 0.46256 0.00000 0.00000 0.00000 0.12950 0.00000 0.00000 0.00000 0.26827 0.00000 0.00000 0.00000 0.01470 0.00000 0.00000 0.00000 0.02883 0.00000 0.00000 0.00000 0.02500 0.00000 0.00000 0.00000 0.01259 0.00000 0.00000 0.00000 
304	5	0.09751 0.00000 0.00000 0.00000 0.38555 0.00000 0.00000 0.00000 0.01144 0.00000 0.00000 0.00000 0.37067 0.00000 0.00000 0.00000 0.03130 0.00000 0.00000 0.00000 0.05873 0.00000 0.00000 0.00000 0.02435 0.00000 0.00000 0.00000 0.02043 0.00000 0.00000 0.00000 
305	5	0.14905 0.00000 0.00000 0.00000 0.49771 0.00000 0.00000 0.00000 0.00525 0.00000 0.00000 0.00000 0.13492 0.00000 0.00000 0.00000 0.08098 0.00000 0.00000 0.00000 0.10220 0.00000 0.00000 0.00000 0.01773 0.00000 0.00000 0.00000 0.01216 0.00000 0.00000 0.00000 
306	5	0.25211 0.00000 0.00000 0.00000 0.10870 0.00000 0.00000 0.00000 0.00099 0.00000 0.00000 0.00000 0.21025 0.00000 0.00000 0.00000 0.12007 0.00000 0.00000 0.00000 0.19558 0.00000 0.00000 0.00000 0.02118 0.00000 0.00000 0.00000 0.09112 0.00000 0.00000 0.00000 
307	5	0.06098 0.00000 0.00000 0.00000 0.12611 0.00000 0.00000 0.00000 0.00435 0.00000 0.00000 0.00000 0.17810 0.00000 0.00000 0.00000 0.09479 0.00000 0.00000 0.00000 0.28020 0.00000 0.00000 0.00000 0.07181 0.00000 0.00000 0.00000 0.18365 0.00000 0.00000 0.00000 
308	5	0.17267 0.00000 0.00000 0.00000 0.14862 0.00000 0.00000 0.00000 0.00568 0.00000 0.00000 0.00000 0.12025 0.00000 0.00000 0.00000 0.10372 0.00000 0.00000 0.00000 0.24551 0.00000 0.00000 0.00000 0.07990 0.00000 0.00000 0.00000 0.12364 0.00000 0.00000 0.00000 
309	5	0.22269 0.00000 0.00000 0.00000 0.13026 0.00000 0.00000 0.00000 0.00586 0.00000 0.00000 0.00000 0.07945 0.00000 0.00000 0.00000 0.18688 0.00000 0.00000 0.00000 0.27225 0.00000 0.00000 0.00000 0.04682 0.00000 0.00000 0.00000 0.05580 0.00000 0.00000 0.00000 
310	5	0.17190 0.00000 0.00000 0.00000 0.19316 0.00000 0.00000 0.00000 0.00085 0.00000 0.00000 0.00000 0.24227 0.00000 0.00000 0.00000 0.07823 0.00000 0.00000 0.00000 0.16166 0.00000 0.00000 0.00000 0.06087 0.00000 0.00000 0.00000 0.09106 0.00000 0.00000 0.00000 
311	5	0.06939 0.00000 0.00000 0.00000 0.17358 0.00000 0.00000 0.00000 0.00228 0.00000 0.00000 0.00000 0.24793 0.00000 0.00000 0.00000 0.07736 0.00000 0.00000 0.00000 0.20912 0.00000 0.00000 0.00000 0.08540 0.00000 0.00000 0.00000 0.13493 0.00000 0.00000 0.00000 
312	5	0.05854 0.00000 0.00000 0.00000 0.13670 0.00000 0.00000 0.00000 0.00384 0.00000 0.00000 0.00000 0.16058 0.00000 0.00000 0.00000 0.09116 0.00000 0.00000 0.00000 0.29807 0.00000 0.00000 0.00000 0.06454 0.00000 0.00000 0.00000 0.18657 0.00000 0.00000 0.00000 
313	5	0.08745 0.00000 0.00000 0.00000 0.15665 0.00000 0.00000 0.00000 0.00019 0.00000 0.00000 0.00000 0.38865 0.00000 0.00000 0.00000 0.07548 0.00000 0.00000 0.00000 0.18521 0.00000 0.00000 0.00000 0.01301 0.00000 0.00000 0.00000 0.09335 0.00000 0.00000 0.00000 
314	5	0.03922 0.00000 0.00000 0.00000 0.67641 0.00000 0.00000 0.00000 0.02131 0.00000 0.00000 0.00000 0.08716 0.00000 0.00000 0.00000 0.02097 0.00000 0.00000 0.00000 0.07903 0.00000 0.00000 0.00000 0.04821 0.00000 0.00000 0.00000 0.02767 0.00000 0.00000 0.00000 
315	5	0.04427 0.00000 0.00000 0.00000 0.17642 0.00000 0.00000 0.00000 0.00387 0.00000 0.00000 0.00000 0.19705 0.00000 0.00000 0.00000 0.07680 0.00000 0.00000 0.00000 0.27469 0.00000 0.00000 0.00000 0.05980 0.00000 0.00000 0.00000 0.16709 0.00000 0.00000 0.00000 
316	5	0.02910 0.00000 0.00000 0.00000 0.21845 0.00000 0.00000 0.00000 0.00068 0.00000 0.00000 0.00000 0.14045 0.00000 0.00000 0.00000 0.07944 0.00000 0.00000 0.00000 0.30537 0.00000 0.00000 0.00000 0.04567 0.00000 0.00000 0.00000 0.18084 0.00000 0.00000 0.00000 
317	5	0.36353 0.00000 0.00000 0.00000 0.16317 0.00000 0.00000 0.00000 0.00421 0.00000 0.00000 0.00000 0.20324 0.00000 0.00000 0.00000 0.10001 0.00000 0.00000 0.00000 0.12636 0.00000 0.00000 0.00000 0.02400 0.00000 0.00000 0.00000 0.01548 0.00000 0.00000 0.00000 
318	5	0.02488 0.00000 0.00000 0.00000 0.13463 0.00000 0.00000 0.00000 0.00072 0.00000 0.00000 0.00000 0.23733 0.00000 0.00000 0.00000 0.07343 0.00000 0.00000 0.00000 0.27695 0.00000 0.00000 0.00000 0.03294 0.00000 0.00000 0.00000 0.21911 0.00000 0.00000 0.00000 
319	5	0.25567 0.00000 0.00000 0.00000 0.15818 0.00000 0.00000 0.00000 0.00075 0.00000 0.00000 0.00000 0.25067 0.00000 0.00000 0.00000 0.10148 0.00000 0.00000 0.00000 0.14827 0.00000 0.00000 0.00000 0.03640 0.00000 0.00000 0.00000 0.04856 0.00000 0.00000 0.00000 
320	5	0.21063 0.00000 0.00000 0.00000 0.15098 0.00000 0.00000 0.00000 0.00142 0.00000 0.00000 0.00000 0.19245 0.00000 0.00000 0.00000 0.12954 0.00000 0.00000 0.00000 0.20675 0.00000 0.00000 0.00000 0.03030 0.00000 0.00000 0.00000 0.07792 0.00000 0.00000 0.00000 
321	5	0.02157 0.00000 0.00000 0.00000 0.86884 0.00000 0.00000 0.00000 0.00802 0.00000 0.00000 0.00000 0.03529 0.00000 0.00000 0.00000 0.01130 0.00000 0.00000 0.00000 0.03252 0.00000 0.00000 0.00000 0.01434 0.00000 0.00000 0.00000 0.00812 0.00000 0.00000 0.00000 
322	5	0.01567 0.00000 0.00000 0.00000 0.31970 0.00000 0.00000 0.00000 0.24223 0.00000 0.00000 0.00000 0.11294 0.00000 0.00000 0.00000 0.03412 0.00000 0.00000 0.00000 0.13055 0.00000 0.00000 0.00000 0.06307 0.00000 0.00000 0.00000 0.08171 0.00000 0.00000 0.00000 
323	5	0.09428 0.00000 0.00000 0.00000 0.55178 0.00000 0.00000 0.00000 0.00756 0.00000 0.00000 0.00000 0.13532 0.00000 0.00000 0.00000 0.07680 0.00000 0.00000 0.00000 0.10475 0.00000 0.00000 0.00000 0.01468 0.00000 0.00000 0.00000 0.01483 0.00000 0.00000 0.00000 
324	5	0.12963 0.00000 0.00000 0.00000 0.52800 0.00000 0.00000 0.00000 0.00352 0.00000 0.00000 0.00000 0.14211 0.00000 0.00000 0.00000 0.07713 0.00000 0.00000 0.00000 0.10034 0.00000 0.00000 0.00000 0.00928 0.00000 0.00000 0.00000 0.00998 0.00000 0.00000 0.00000 
325	5	0.36200 0.00000 0.00000 0.00000 0.16808 0.00000 0.00000 0.00000 0.00688 0.00000 0.00000 0.00000 0.19693 0.00000 0.00000 0.00000 0.11425 0.00000 0.00000 0.00000 0.11850 0.00000 0.00000 0.00000 0.01967 0.00000 0.00000 0.00000 0.01369 0.00000 0.00000 0.00000 
326	5	0.29099 0.00000 0.00000 0.00000 0.26830 0.00000 0.00000 0.00000 0.00769 0.00000 0.00000 0.00000 0.08904 0.00000 0.00000 0.00000 0.11328 0.00000 0.00000 0.00000 0.15805 0.00000 0.00000 0.00000 0.04491 0.00000 0.00000 0.00000 0.02775 0.00000 0.00000 0.00000 
327	5	0.45906 0.00000 0.00000 0.00000 0.12923 0.00000 0.00000 0.00000 0.01262 0.00000 0.00000 0.00000 0.28249 0.00000 0.00000 0.00000 0.05210 0.00000 0.00000 0.00000 0.04469 0.00000 0.00000 0.00000 0.01246 0.00000 0.00000 0.00000 0.00735 0.00000 0.00000 0.00000 
328	5	0.43738 0.00000 0.00000 0.00000 0.11893 0.00000 0.00000 0.00000 0.01136 0.00000 0.00000 0.00000 0.31478 0.00000 0.00000 0.00000 0.04733 0.00000 0.00000 0.00000 0.05090 0.00000 0.00000 0.00000 0.00989 0.00000 0.00000 0.00000 0.00942 0.00000 0.00000 0.00000 
329	5	0.18561 0.00000 0.00000 0.00000 0.46672 0.00000 0.00000 0.00000 0.00568 0.00000 0.00000 0.00000 0.18466 0.00000 0.00000 0.00000 0.05997 0.00000 0.00000 0.00000 0.07307 0.00000 0.00000 0.00000 0.01268 0.00000 0.00000 0.00000 0.01161 0.00000 0.00000 0.00000 
330	5	0.00000 0.00000 0.00000 0.00000 0.10098 0.00000 0.00000 0.00000 0.00524 0.00000 0.00000 0.00000 0.80485 0.00000 0.00000 0.00000 0.00052 0.00000 0.00000 0.00000 0.02635 0.00000 0.00000 0.00000 0.02802 0.00000 0.00000 0.00000 0.03403 0.00000 0.00000 0.00000 
331	5	0.00270 0.00000 0.00000 0.00000 0.05613 0.00000 0.00000 0.00000 0.00283 0.00000 0.00000 0.00000 0.88524 0.00000 0.00000 0.00000 0.00328 0.00000 0.00000 0.00000 0.01651 0.00000 0.00000 0.00000 0.01335 0.00000 0.00000 0.00000 0.01995 0.00000 0.00000 0.00000 
332	5	0.01649 0.00000 0.00000 0.00000 0.10237 0.00000 0.00000 0.00000 0.02145 0.00000 0.00000 0.00000 0.74689 0.00000 0.00000 0.00000 0.01141 0.00000 0.00000 0.00000 0.03472 0.00000 0.00000 0.00000 0.03450 0.00000 0.00000 0.00000 0.03217 0.00000 0.00000 0.00000 
333	5	0.06180 0.00000 0.00000 0.00000 0.35191 0.00000 0.00000 0.00000 0.00335 0.00000 0.00000 0.00000 0.28563 0.00000 0.00000 0.00000 0.05229 0.00000 0.00000 0.00000 0.15396 0.00000 0.00000 0.00000 0.02917 0.00000 0.00000 0.00000 0.06189 0.00000 0.00000 0.00000 
334	5	0.10648 0.00000 0.00000 0.00000 0.22877 0.00000 0.00000 0.00000 0.00772 0.00000 0.00000 0.00000 0.43844 0.00000 0.00000 0.00000 0.03866 0.00000 0.00000 0.00000 0.10187 0.00000 0.00000 0.00000 0.03205 0.00000 0.00000 0.00000 0.04602 0.00000 0.00000 0.00000 
335	5	0.02349 0.00000 0.00000 0.00000 0.22796 0.00000 0.00000 0.00000 0.01195 0.00000 0.00000 0.00000 0.50857 0.00000 0.00000 0.00000 0.02265 0.00000 0.00000 0.00000 0.10335 0.00000 0.00000 0.00000 0.04042 0.00000 0.00000 0.00000 0.06160 0.00000 0.00000 0.00000 
336	5	0.04307 0.00000 0.00000 0.00000 0.20283 0.00000 0.00000 0.00000 0.00845 0.00000 0.00000 0.00000 0.41172 0.00000 0.00000 0.00000 0.03885 0.00000 0.00000 0.00000 0.15394 0.00000 0.00000 0.00000 0.03663 0.00000 0.00000 0.00000 0.10450 0.00000 0.00000 0.00000 
337	5	0.06920 0.00000 0.00000 0.00000 0.20477 0.00000 0.00000 0.00000 0.00674 0.00000 0.00000 0.00000 0.28781 0.00000 0.00000 0.00000 0.04427 0.00000 0.00000 0.00000 0.20329 0.00000 0.00000 0.00000 0.06241 0.00000 0.00000 0.00000 0.12150 0.00000 0.00000 0.00000 
338	5	0.09138 0.00000 0.00000 0.00000 0.26915 0.00000 0.00000 0.00000 0.11633 0.00000 0.00000 0.00000 0.08702 0.00000 0.00000 0.00000 0.09062 0.00000 0.00000 0.00000 0.18974 0.00000 0.00000 0.00000 0.09824 0.00000 0.00000 0.00000 0.05751 0.00000 0.00000 0.00000 
339	5	0.08815 0.00000 0.00000 0.00000 0.24419 0.00000 0.00000 0.00000 0.11187 0.00000 0.00000 0.00000 0.08445 0.00000 0.00000 0.00000 0.07970 0.00000 0.00000 0.00000 0.20261 0.00000 0.00000 0.00000 0.11649 0.00000 0.00000 0.00000 0.07254 0.00000 0.00000 0.00000 
340	5	0.29241 0.00000 0.00000 0.00000 0.21498 0.00000 0.00000 0.00000 0.00060 0.00000 0.00000 0.00000 0.07832 0.00000 0.00000 0.00000 0.16042 0.00000 0.00000 0.00000 0.19263 0.00000 0.00000 0.00000 0.02562 0.00000 0.00000 0.00000 0.03501 0.00000 0.00000 0.00000 
341	5	0.29425 0.00000 0.00000 0.00000 0.16247 0.00000 0.00000 0.00000 0.00014 0.00000 0.00000 0.00000 0.08909 0.00000 0.00000 0.00000 0.15131 0.00000 0.00000 0.00000 0.20509 0.00000 0.00000 0.00000 0.03068 0.00000 0.00000 0.00000 0.06697 0.00000 0.00000 0.00000 
342	5	0.17702 0.00000 0.00000 0.00000 0.20201 0.00000 0.00000 0.00000 0.00157 0.00000 0.00000 0.00000 0.03018 0.00000 0.00000 0.00000 0.15178 0.00000 0.00000 0.00000 0.28380 0.00000 0.00000 0.00000 0.06924 0.00000 0.00000 0.00000 0.08439 0.00000 0.00000 0.00000 
343	5	0.05858 0.00000 0.00000 0.00000 0.35417 0.00000 0.00000 0.00000 0.00966 0.00000 0.00000 0.00000 0.05067 0.00000 0.00000 0.00000 0.08868 0.00000 0.00000 0.00000 0.25382 0.00000 0.00000 0.00000 0.09437 0.00000 0.00000 0.00000 0.09004 0.00000 0.00000 0.00000 
344	5	0.03743 0.00000 0.00000 0.00000 0.08297 0.00000 0.00000 0.00000 0.02494 0.00000 0.00000 0.00000 0.53577 0.00000 0.00000 0.00000 0.03525 0.00000 0.00000 0.00000 0.11497 0.00000 0.00000 0.00000 0.08704 0.00000 0.00000 0.00000 0.08162 0.00000 0.00000 0.00000 
345	5	0.11671 0.00000 0.00000 0.00000 0.09279 0.00000 0.00000 0.00000 0.00803 0.00000 0.00000 0.00000 0.55047 0.00000 0.00000 0.00000 0.03558 0.00000 0.00000 0.00000 0.08831 0.00000 0.00000 0.00000 0.03211 0.00000 0.00000 0.00000 0.07599 0.00000 0.00000 0.00000 
346	5	0.24573 0.00000 0.00000 0.00000 0.09177 0.00000 0.00000 0.00000 0.00285 0.00000 0.00000 0.00000 0.38048 0.00000 0.00000 0.00000 0.06885 0.00000 0.00000 0.00000 0.11988 0.00000 0.00000 0.00000 0.03149 0.00000 0.00000 0.00000 0.05893 0.00000 0.00000 0.00000 
347	5	0.18178 0.00000 0.00000 0.00000 0.14276 0.00000 0.00000 0.00000 0.00249 0.00000 0.00000 0.00000 0.28170 0.00000 0.00000 0.00000 0.10564 0.00000 0.00000 0.00000 0.17462 0.00000 0.00000 0.00000 0.03642 0.00000 0.00000 0.00000 0.07459 0.00000 0.00000 0.00000 
348	5	0.35615 0.00000 0.00000 0.00000 0.10969 0.00000 0.00000 0.00000 0.00419 0.00000 0.00000 0.00000 0.14094 0.00000 0.00000 0.00000 0.12055 0.00000 0.00000 0.00000 0.16768 0.00000 0.00000 0.00000 0.03062 0.00000 0.00000 0.00000 0.07018 0.00000 0.00000 0.00000 
349	5	0.09289 0.00000 0.00000 0.00000 0.30898 0.00000 0.00000 0.00000 0.04212 0.00000 0.00000 0.00000 0.27894 0.00000 0.00000 0.00000 0.05141 0.00000 0.00000 0.00000 0.14151 0.00000 0.00000 0.00000 0.03976 0.00000 0.00000 0.00000 0.04438 0.00000 0.00000 0.00000 
