350	5	32
0	1	0.00000 0.00000 0.00000 0.00001 0.00007 0.00062 0.00045 0.00035 0.00570 0.07010 0.08117 0.07029 0.18299 0.10529 0.04870 0.00382 0.00000 0.00002 0.00032 0.00250 0.00634 0.01226 0.01592 0.01792 0.01955 0.02612 0.02976 0.03433 0.13387 0.11587 0.01340 0.00224 
1	1	0.00000 0.00000 0.00000 0.00050 0.00042 0.00002 0.00002 0.00000 0.00003 0.00082 0.00100 0.00020 0.03220 0.44994 0.15046 0.06510 0.00002 0.00031 0.00214 0.00670 0.00907 0.00712 0.00865 0.00895 0.01261 0.01713 0.01950 0.02675 0.04894 0.09141 0.03415 0.00582 
2	1	0.00000 0.00000 0.00000 0.00000 0.00032 0.00045 0.00026 0.00032 0.00033 0.00235 0.09769 0.08994 0.15912 0.12590 0.08538 0.01060 0.00000 0.00012 0.00094 0.00542 0.01394 0.02095 0.02353 0.02674 0.02987 0.03394 0.04404 0.04817 0.09194 0.07453 0.01139 0.00177 
3	1	0.00000 0.00000 0.00008 0.00451 0.00045 0.00017 0.00007 0.00014 0.00015 0.00080 0.07910 0.10790 0.07981 0.12942 0.05986 0.01882 0.00002 0.00072 0.00830 0.03535 0.02846 0.02949 0.03148 0.03836 0.03752 0.04240 0.05640 0.05967 0.06398 0.05723 0.02442 0.00490 
4	1	0.00000 0.00000 0.00000 0.00002 0.00448 0.02372 0.00192 0.00010 0.00015 0.00112 0.01056 0.03443 0.01931 0.22713 0.08654 0.00100 0.00000 0.00002 0.00126 0.00820 0.04873 0.08205 0.04340 0.03024 0.03138 0.03755 0.04725 0.05518 0.06963 0.08876 0.04203 0.00383 
5	1	0.00000 0.00000 0.00000 0.00001 0.00071 0.00071 0.00013 0.00007 0.00125 0.00120 0.00087 0.00238 0.00996 0.25385 0.26149 0.00540 0.00001 0.00029 0.00173 0.00677 0.02292 0.02756 0.02219 0.02535 0.03453 0.03693 0.04230 0.04690 0.06266 0.09122 0.03895 0.00162 
6	1	0.00000 0.00000 0.00000 0.00000 0.00140 0.00058 0.00020 0.00006 0.00012 0.00014 0.00053 0.00251 0.02261 0.17414 0.32394 0.00615 0.00000 0.00022 0.00196 0.00790 0.02636 0.02635 0.02374 0.02503 0.03314 0.03346 0.04030 0.04847 0.07645 0.08376 0.03833 0.00216 
7	1	0.00000 0.00000 0.00000 0.00044 0.00180 0.00279 0.00367 0.00094 0.00020 0.00102 0.00200 0.00164 0.08369 0.29030 0.08563 0.00201 0.00002 0.00061 0.00460 0.01960 0.03333 0.04052 0.04211 0.04159 0.03758 0.03973 0.04811 0.04898 0.06874 0.06559 0.03035 0.00241 
8	1	0.00000 0.00000 0.00007 0.00021 0.00039 0.00052 0.00082 0.00374 0.06495 0.04815 0.00945 0.03283 0.07509 0.06802 0.00604 0.00178 0.00004 0.00116 0.00459 0.01280 0.02235 0.03177 0.04544 0.07008 0.10726 0.10849 0.08643 0.07511 0.05850 0.04590 0.01554 0.00247 
9	1	0.00000 0.00000 0.00000 0.00024 0.00213 0.00029 0.00018 0.00019 0.00132 0.00257 0.00275 0.00357 0.14859 0.22642 0.04362 0.03335 0.00001 0.00052 0.00361 0.01878 0.03486 0.03115 0.03175 0.03856 0.04555 0.04850 0.05548 0.06645 0.07096 0.06308 0.02074 0.00475 
10	1	0.00000 0.00000 0.00021 0.00129 0.00008 0.00008 0.00027 0.00212 0.00307 0.00652 0.02342 0.05040 0.12800 0.14172 0.17048 0.00306 0.00001 0.00027 0.00172 0.00496 0.00542 0.00989 0.01821 0.03652 0.05260 0.06917 0.08405 0.07234 0.04995 0.04279 0.01970 0.00166 
11	1	0.00000 0.00000 0.00000 0.00118 0.00071 0.00013 0.00012 0.00026 0.00241 0.00236 0.00217 0.10340 0.22210 0.13414 0.02544 0.02319 0.00003 0.00152 0.00755 0.02402 0.02951 0.02708 0.03062 0.03770 0.04412 0.04607 0.05272 0.06764 0.06372 0.03381 0.01195 0.00430 
12	1	0.00000 0.00000 0.00000 0.00023 0.00099 0.00013 0.00013 0.00025 0.00218 0.00193 0.00307 0.07411 0.21232 0.12114 0.09779 0.01820 0.00003 0.00076 0.00345 0.01399 0.02447 0.02318 0.02585 0.03267 0.03829 0.04319 0.05311 0.06833 0.06351 0.05026 0.02211 0.00432 
13	1	0.00000 0.00000 0.00000 0.00063 0.00045 0.00101 0.00032 0.00046 0.00300 0.05723 0.14385 0.12435 0.11918 0.08392 0.06635 0.08029 0.00000 0.00004 0.00064 0.00407 0.00847 0.01025 0.01017 0.01320 0.01933 0.03376 0.05062 0.05241 0.04453 0.03200 0.02639 0.01307 
14	1	0.00001 0.00007 0.00329 0.00051 0.00094 0.05111 0.07374 0.09115 0.10158 0.10514 0.08070 0.05410 0.01882 0.00781 0.00492 0.00756 0.00169 0.00539 0.02216 0.01774 0.01956 0.02900 0.04195 0.05153 0.05320 0.05184 0.04724 0.03092 0.01477 0.00643 0.00332 0.00179 
15	1	0.00000 0.00000 0.00012 0.00022 0.00081 0.00033 0.00064 0.00080 0.00445 0.03136 0.00292 0.00007 0.00004 0.10267 0.45972 0.00000 0.00003 0.00101 0.00816 0.01812 0.03437 0.03862 0.04565 0.04445 0.03857 0.04050 0.02657 0.01635 0.01613 0.03098 0.03495 0.00137 
16	1	0.00000 0.00000 0.00000 0.00001 0.00002 0.00013 0.00032 0.00125 0.04825 0.01762 0.00015 0.00005 0.00887 0.32879 0.27074 0.00152 0.00001 0.00008 0.00073 0.00351 0.00590 0.01102 0.01773 0.04025 0.09710 0.05125 0.01136 0.01045 0.01186 0.02833 0.03049 0.00220 
17	1	0.00000 0.00000 0.00001 0.00065 0.00118 0.00022 0.00025 0.00041 0.00364 0.02706 0.00031 0.00032 0.00003 0.00754 0.62596 0.00000 0.00004 0.00057 0.00690 0.01742 0.03471 0.03313 0.03414 0.03572 0.04338 0.04701 0.01629 0.01107 0.00998 0.01577 0.02522 0.00107 
18	1	0.00000 0.00000 0.00001 0.00035 0.00026 0.00040 0.00052 0.00033 0.00138 0.05687 0.00132 0.00006 0.00005 0.01859 0.51880 0.00002 0.00003 0.00045 0.00617 0.01878 0.02581 0.03596 0.04120 0.03692 0.04374 0.07339 0.03210 0.01356 0.01292 0.02584 0.03337 0.00080 
19	1	0.00000 0.00000 0.00000 0.00007 0.00000 0.00005 0.00025 0.00034 0.00065 0.01022 0.00501 0.00047 0.15370 0.12786 0.15919 0.02935 0.00007 0.00063 0.00156 0.00444 0.00892 0.01997 0.03504 0.05372 0.06882 0.08807 0.07579 0.04198 0.04349 0.03435 0.02495 0.01105 
20	1	0.00000 0.00000 0.00000 0.00016 0.00007 0.00018 0.00032 0.00088 0.00075 0.00464 0.00202 0.00053 0.00108 0.00457 0.23376 0.04120 0.00009 0.00059 0.00244 0.00909 0.01780 0.03651 0.05857 0.09177 0.09754 0.11232 0.09092 0.05923 0.04435 0.03949 0.03516 0.01399 
21	1	0.00000 0.00000 0.00099 0.01250 0.00292 0.00090 0.00088 0.00157 0.00175 0.00222 0.00470 0.00690 0.20329 0.08400 0.04340 0.00000 0.00009 0.00108 0.01083 0.03410 0.03723 0.04007 0.04461 0.05341 0.05977 0.06023 0.07219 0.06819 0.07395 0.05303 0.02463 0.00056 
22	1	0.00000 0.00000 0.00000 0.00000 0.00045 0.00044 0.00011 0.00025 0.00030 0.00086 0.00622 0.00118 0.00689 0.32655 0.27645 0.00410 0.00001 0.00002 0.00020 0.00107 0.00494 0.00886 0.01444 0.02447 0.03494 0.04993 0.06494 0.05255 0.04366 0.04531 0.02759 0.00325 
23	1	0.00000 0.00000 0.00000 0.00007 0.00053 0.00019 0.00036 0.00198 0.00773 0.00292 0.00050 0.00048 0.16106 0.19415 0.27278 0.00744 0.00001 0.00014 0.00064 0.00559 0.00933 0.01321 0.02284 0.04099 0.05997 0.05027 0.03387 0.02769 0.03262 0.02779 0.02015 0.00471 
24	1	0.00000 0.00000 0.00001 0.00102 0.00040 0.00024 0.00161 0.00917 0.00317 0.00080 0.00027 0.14307 0.23507 0.17798 0.12751 0.00523 0.00002 0.00014 0.00126 0.00789 0.00877 0.01337 0.02843 0.04630 0.04025 0.02909 0.02072 0.02685 0.02636 0.02780 0.01630 0.00087 
25	1	0.00004 0.00001 0.00027 0.00028 0.00009 0.00009 0.00002 0.00006 0.00010 0.00013 0.00311 0.11361 0.08946 0.11143 0.10382 0.07092 0.01340 0.00714 0.01895 0.01819 0.02041 0.02202 0.02475 0.02940 0.03404 0.03631 0.04605 0.05591 0.05906 0.06256 0.04330 0.01507 
26	1	0.00000 0.00000 0.00000 0.00129 0.00034 0.00010 0.00013 0.00089 0.00340 0.00415 0.02460 0.05107 0.16239 0.13097 0.12344 0.00015 0.00001 0.00014 0.00102 0.00561 0.00811 0.01153 0.02017 0.03899 0.06249 0.07306 0.09123 0.08124 0.05213 0.03825 0.01293 0.00016 
27	1	0.00000 0.00000 0.00000 0.00056 0.00065 0.00012 0.00010 0.00023 0.00085 0.02804 0.03942 0.15771 0.09928 0.08558 0.06494 0.03600 0.00039 0.00334 0.01227 0.02126 0.03090 0.03006 0.03208 0.03689 0.03994 0.05619 0.05677 0.04091 0.04087 0.03967 0.03137 0.01357 
28	1	0.00000 0.00000 0.00000 0.00000 0.00006 0.00011 0.00019 0.00021 0.00016 0.00043 0.00360 0.00747 0.20407 0.23230 0.17132 0.00112 0.00000 0.00008 0.00035 0.00162 0.00502 0.00889 0.01363 0.01737 0.02102 0.03356 0.05985 0.07293 0.06890 0.05069 0.02319 0.00183 
29	1	0.00000 0.00000 0.00000 0.00000 0.00010 0.00014 0.00011 0.00017 0.00016 0.00144 0.00862 0.01214 0.29064 0.16043 0.13515 0.00000 0.00001 0.00005 0.00027 0.00136 0.00381 0.00742 0.01088 0.01402 0.02005 0.04141 0.08364 0.08552 0.06016 0.04222 0.01959 0.00049 
30	1	0.00000 0.00000 0.00000 0.00009 0.00030 0.00043 0.00060 0.00018 0.00017 0.00076 0.00370 0.00909 0.00455 0.11093 0.49109 0.00005 0.00002 0.00010 0.00054 0.00297 0.00707 0.01245 0.01705 0.01720 0.01960 0.02976 0.05115 0.06845 0.05510 0.05558 0.04061 0.00038 
31	1	0.00000 0.00000 0.00000 0.00002 0.00030 0.00014 0.00055 0.00029 0.00007 0.00051 0.00350 0.01036 0.00604 0.09305 0.40019 0.16237 0.00001 0.00002 0.00030 0.00167 0.00527 0.00817 0.01351 0.01408 0.01393 0.02257 0.04286 0.06043 0.04950 0.04383 0.03911 0.00735 
32	1	0.00000 0.00000 0.00000 0.00005 0.00089 0.00143 0.00037 0.00137 0.00593 0.00352 0.00090 0.00007 0.03230 0.42321 0.19676 0.00000 0.00002 0.00013 0.00090 0.00350 0.01010 0.01795 0.01912 0.03138 0.05348 0.04428 0.02697 0.02076 0.03418 0.04363 0.02623 0.00055 
33	1	0.00000 0.00000 0.00006 0.00092 0.00090 0.00102 0.00167 0.00235 0.00437 0.00406 0.00897 0.01741 0.03711 0.14539 0.07849 0.00347 0.00002 0.00037 0.00453 0.02215 0.04419 0.06678 0.09090 0.10164 0.10690 0.07920 0.06545 0.04620 0.02682 0.02478 0.01236 0.00147 
34	1	0.00000 0.00000 0.00000 0.00006 0.00033 0.00090 0.00234 0.00238 0.00234 0.00452 0.01203 0.07493 0.19660 0.22665 0.07517 0.00003 0.00000 0.00005 0.00025 0.00137 0.00969 0.02597 0.04550 0.05360 0.05297 0.05622 0.05336 0.03655 0.02937 0.02705 0.00966 0.00010 
35	1	0.00000 0.00000 0.00007 0.00020 0.00024 0.00001 0.00007 0.00040 0.00058 0.00183 0.01695 0.06124 0.22643 0.06186 0.20413 0.00001 0.00006 0.00030 0.00180 0.00491 0.00829 0.00769 0.01143 0.01779 0.02630 0.04194 0.08095 0.10071 0.06444 0.03660 0.02139 0.00134 
36	1	0.00000 0.00000 0.00005 0.00030 0.00030 0.00004 0.00004 0.00022 0.00045 0.00070 0.00794 0.08837 0.20239 0.03466 0.28905 0.00000 0.00006 0.00042 0.00182 0.00504 0.00782 0.00773 0.01052 0.01724 0.02387 0.03282 0.06785 0.09532 0.05321 0.02985 0.02147 0.00043 
37	1	0.00000 0.00001 0.01987 0.01732 0.00040 0.00105 0.00602 0.06335 0.06538 0.00112 0.00012 0.00374 0.16410 0.17022 0.00527 0.00463 0.00132 0.00841 0.05455 0.06525 0.03518 0.02606 0.02877 0.03397 0.04525 0.02413 0.01695 0.02155 0.03552 0.04308 0.02577 0.01164 
38	1	0.00000 0.00000 0.00010 0.00063 0.00244 0.00009 0.00012 0.00042 0.00070 0.00065 0.00411 0.02182 0.21172 0.12704 0.03357 0.00000 0.00008 0.00030 0.00295 0.01026 0.02183 0.02107 0.02585 0.03737 0.04486 0.05387 0.07548 0.09529 0.09910 0.06907 0.03713 0.00205 
39	1	0.00000 0.00000 0.00000 0.00070 0.00851 0.00100 0.00034 0.00068 0.00147 0.00307 0.00486 0.01652 0.07227 0.08312 0.01009 0.00032 0.00008 0.00032 0.00230 0.01427 0.04014 0.04239 0.05610 0.07249 0.09152 0.10802 0.11092 0.11507 0.08186 0.04665 0.01350 0.00143 
40	1	0.00000 0.00000 0.00001 0.00047 0.00178 0.00008 0.00007 0.00032 0.00204 0.00470 0.01601 0.02390 0.13048 0.13395 0.06767 0.00762 0.00001 0.00014 0.00130 0.00595 0.01304 0.01554 0.02138 0.03539 0.06543 0.09366 0.12465 0.10233 0.06406 0.04630 0.01966 0.00205 
41	1	0.00000 0.00000 0.00000 0.00003 0.00056 0.00013 0.00019 0.00085 0.00327 0.00680 0.01222 0.02600 0.07540 0.24232 0.11998 0.00120 0.00002 0.00006 0.00034 0.00185 0.00550 0.00858 0.01771 0.04035 0.07136 0.09714 0.10066 0.07739 0.04229 0.03239 0.01450 0.00087 
42	1	0.00000 0.00000 0.00000 0.00003 0.00003 0.00052 0.00166 0.00164 0.00239 0.00440 0.01419 0.14495 0.22167 0.17437 0.08095 0.00005 0.00004 0.00019 0.00058 0.00176 0.00389 0.01533 0.03414 0.04524 0.05269 0.05862 0.05053 0.03137 0.02757 0.02132 0.00971 0.00013 
43	1	0.00000 0.00000 0.00002 0.00150 0.00029 0.00003 0.00000 0.00000 0.00028 0.00246 0.00061 0.00669 0.13308 0.28140 0.12468 0.04695 0.00009 0.00105 0.00590 0.01372 0.01333 0.01009 0.01220 0.01285 0.01802 0.02337 0.02910 0.06918 0.10942 0.06586 0.01512 0.00273 
44	1	0.00000 0.00000 0.00000 0.00013 0.00002 0.00001 0.00000 0.00000 0.00002 0.00061 0.00027 0.01582 0.26699 0.17478 0.09812 0.03252 0.00003 0.00033 0.00190 0.00410 0.00414 0.00416 0.00487 0.00520 0.00788 0.01163 0.02203 0.08552 0.17670 0.06179 0.01667 0.00374 
45	1	0.00000 0.00000 0.00000 0.00244 0.01617 0.01490 0.00247 0.00042 0.00009 0.00057 0.00619 0.03740 0.01381 0.13150 0.11605 0.00004 0.00001 0.00055 0.00443 0.03692 0.09393 0.09300 0.04604 0.03408 0.03030 0.03474 0.04594 0.04576 0.05176 0.07796 0.05928 0.00326 
46	1	0.00000 0.00000 0.00000 0.00015 0.00031 0.00028 0.00030 0.00029 0.00013 0.00574 0.11359 0.09425 0.06080 0.26974 0.01835 0.00355 0.00001 0.00050 0.00253 0.01038 0.01645 0.02045 0.02297 0.02618 0.02398 0.02822 0.03792 0.03919 0.08847 0.10380 0.01002 0.00143 
47	1	0.00000 0.00000 0.00000 0.00001 0.00027 0.00011 0.00018 0.00009 0.00016 0.00628 0.09267 0.17707 0.07948 0.26595 0.04248 0.00917 0.00000 0.00009 0.00060 0.00279 0.00912 0.01137 0.01527 0.01621 0.01937 0.02368 0.03153 0.04383 0.06010 0.07264 0.01656 0.00291 
48	1	0.00000 0.00000 0.00000 0.00020 0.00115 0.00008 0.00011 0.00016 0.00047 0.01250 0.05435 0.15979 0.09302 0.08944 0.07753 0.04477 0.00028 0.00235 0.00978 0.01910 0.03088 0.02791 0.03091 0.03564 0.04070 0.04877 0.05300 0.04120 0.03872 0.03927 0.03312 0.01479 
49	1	0.00000 0.00000 0.00000 0.00006 0.00006 0.00009 0.00010 0.00009 0.00010 0.04225 0.10637 0.17809 0.22790 0.08111 0.04669 0.01445 0.00005 0.00027 0.00140 0.00379 0.00611 0.00855 0.01118 0.01187 0.01294 0.01827 0.03162 0.05340 0.08322 0.04150 0.01450 0.00396 
50	1	0.00000 0.00000 0.00000 0.00001 0.00004 0.00020 0.00005 0.00027 0.00021 0.00231 0.10555 0.16340 0.21049 0.12838 0.04225 0.01017 0.00000 0.00009 0.00056 0.00265 0.00497 0.00815 0.01065 0.01515 0.01792 0.02112 0.03368 0.04741 0.09061 0.06825 0.01172 0.00374 
51	1	0.00000 0.00000 0.00000 0.00012 0.00094 0.00010 0.00016 0.00132 0.00377 0.00063 0.00045 0.00267 0.04136 0.13134 0.35664 0.04069 0.00005 0.00100 0.00268 0.00995 0.01774 0.01498 0.01736 0.02319 0.02997 0.02821 0.03115 0.04112 0.09357 0.08549 0.02034 0.00297 
52	1	0.00000 0.00000 0.00000 0.00011 0.00089 0.00010 0.00005 0.00006 0.00004 0.00009 0.00035 0.00346 0.08175 0.16966 0.19801 0.00187 0.00010 0.00070 0.00319 0.01079 0.01905 0.01630 0.01543 0.01932 0.02277 0.02331 0.02926 0.04635 0.16466 0.14933 0.02226 0.00075 
53	1	0.00000 0.00000 0.00000 0.00210 0.00028 0.00006 0.00301 0.00047 0.00004 0.00012 0.00080 0.03159 0.18337 0.28668 0.11107 0.01850 0.00002 0.00072 0.00313 0.00971 0.01213 0.01209 0.01568 0.01721 0.01947 0.02440 0.03593 0.05189 0.08117 0.05546 0.01836 0.00453 
54	1	0.00000 0.00000 0.00000 0.00001 0.00222 0.00004 0.00191 0.00102 0.00015 0.00000 0.00015 0.00111 0.04927 0.51812 0.13275 0.00096 0.00001 0.00024 0.00151 0.00591 0.00968 0.00919 0.01155 0.01293 0.01247 0.01398 0.02018 0.03125 0.05060 0.07218 0.03786 0.00271 
55	1	0.00000 0.00000 0.00000 0.00512 0.00045 0.00000 0.00000 0.00000 0.00000 0.00000 0.02124 0.02788 0.53138 0.20289 0.04360 0.00000 0.00002 0.00023 0.00410 0.02277 0.01651 0.00530 0.00335 0.00407 0.00395 0.00385 0.00685 0.01122 0.04497 0.03300 0.00707 0.00013 
56	1	0.00000 0.00000 0.00000 0.00167 0.00180 0.00002 0.00000 0.00000 0.00000 0.00000 0.00000 0.00000 0.25281 0.39051 0.16625 0.00953 0.00000 0.00005 0.00271 0.01832 0.02050 0.00719 0.00415 0.00340 0.00363 0.00426 0.00435 0.00519 0.03492 0.04809 0.01860 0.00205 
57	1	0.00000 0.00000 0.00000 0.00005 0.00007 0.00024 0.00140 0.03330 0.01652 0.00015 0.00000 0.00000 0.10149 0.31439 0.16466 0.00275 0.00002 0.00045 0.00353 0.00689 0.01240 0.01992 0.05105 0.11158 0.05914 0.00598 0.00523 0.00489 0.01668 0.03627 0.02971 0.00122 
58	1	0.00000 0.00000 0.00002 0.00037 0.00009 0.00032 0.00085 0.01140 0.03442 0.00053 0.00000 0.00000 0.02732 0.25630 0.22157 0.00629 0.00010 0.00086 0.00689 0.01612 0.01980 0.02996 0.04747 0.10431 0.09891 0.01504 0.00726 0.00656 0.01432 0.03736 0.03387 0.00167 
59	1	0.00000 0.00000 0.00053 0.00072 0.00015 0.00014 0.00014 0.00075 0.01637 0.01967 0.07418 0.06099 0.13876 0.09833 0.05345 0.01777 0.00089 0.00753 0.02195 0.02385 0.02530 0.02505 0.02811 0.03522 0.05113 0.05362 0.05147 0.05876 0.06197 0.04483 0.02297 0.00539 
60	1	0.00000 0.00000 0.00000 0.00028 0.00090 0.00045 0.00036 0.00146 0.02631 0.02068 0.00036 0.00020 0.00002 0.03190 0.44924 0.00000 0.00003 0.00053 0.00735 0.01806 0.03187 0.03975 0.03791 0.05693 0.11718 0.07715 0.01409 0.01020 0.01038 0.01930 0.02668 0.00042 
61	1	0.00000 0.00000 0.00001 0.00075 0.00007 0.00033 0.00072 0.01060 0.04363 0.00042 0.00002 0.00008 0.00100 0.22638 0.30185 0.00000 0.00017 0.00121 0.00575 0.01746 0.01809 0.02788 0.04052 0.09628 0.10180 0.01723 0.00849 0.00745 0.00901 0.03145 0.03108 0.00025 
62	1	0.00000 0.00000 0.00000 0.00001 0.00011 0.00197 0.01635 0.01727 0.11691 0.13640 0.19948 0.09454 0.11645 0.09954 0.05506 0.00018 0.00003 0.00014 0.00049 0.00151 0.00416 0.01128 0.02426 0.02007 0.01248 0.01069 0.00995 0.00847 0.01209 0.01680 0.01267 0.00062 
63	1	0.00000 0.00000 0.00000 0.00004 0.00004 0.00037 0.01987 0.02197 0.00145 0.09198 0.18611 0.11420 0.16480 0.12763 0.08769 0.00040 0.00005 0.00058 0.00118 0.00285 0.00460 0.01131 0.03675 0.03103 0.00912 0.01041 0.01300 0.01070 0.01150 0.01974 0.01896 0.00163 
64	1	0.00000 0.00000 0.00005 0.00128 0.00975 0.05391 0.01542 0.00782 0.00012 0.00005 0.00008 0.00010 0.00038 0.22950 0.05332 0.00001 0.00002 0.00062 0.00628 0.02985 0.10737 0.18782 0.13262 0.04216 0.01735 0.01366 0.01387 0.01339 0.01433 0.03076 0.01796 0.00014 
65	1	0.00000 0.00000 0.00000 0.00360 0.03642 0.05021 0.01271 0.00007 0.00002 0.00003 0.00002 0.00405 0.19167 0.18156 0.01611 0.00023 0.00002 0.00066 0.00668 0.05382 0.15285 0.14052 0.04208 0.01121 0.00987 0.00822 0.00793 0.00944 0.02880 0.02634 0.00440 0.00043 
66	1	0.00000 0.00000 0.00022 0.02258 0.07142 0.01173 0.00014 0.00004 0.00002 0.00014 0.00313 0.14154 0.33857 0.02777 0.01233 0.00015 0.00020 0.00174 0.01188 0.07687 0.10477 0.03612 0.01309 0.01012 0.00837 0.00786 0.00811 0.02964 0.04124 0.01549 0.00446 0.00024 
67	1	0.00000 0.00000 0.00052 0.00482 0.00161 0.00754 0.01150 0.00523 0.00360 0.00012 0.00004 0.00008 0.00023 0.01919 0.34554 0.00000 0.00001 0.00058 0.01340 0.03958 0.07185 0.11964 0.12753 0.07757 0.05154 0.02187 0.01359 0.01358 0.01500 0.01736 0.01633 0.00052 
68	1	0.00000 0.00000 0.00000 0.00000 0.00023 0.00157 0.00046 0.00046 0.00035 0.00040 0.00161 0.16463 0.11036 0.11521 0.09654 0.01705 0.00000 0.00009 0.00061 0.00448 0.01698 0.03449 0.03442 0.03962 0.04029 0.04309 0.05319 0.06297 0.06184 0.05410 0.03955 0.00542 
69	1	0.00000 0.00000 0.00000 0.00000 0.00006 0.00060 0.00069 0.00039 0.00040 0.00069 0.04817 0.13582 0.07697 0.16429 0.10908 0.01345 0.00000 0.00001 0.00019 0.00152 0.01056 0.02058 0.02622 0.02907 0.03026 0.03391 0.03992 0.04772 0.04082 0.09384 0.07109 0.00368 
70	2	0.00000 0.00006 0.01037 0.00630 0.00419 0.00239 0.00707 0.01932 0.03953 0.05158 0.00583 0.00265 0.01078 0.01186 0.00215 0.00013 0.00085 0.00576 0.03528 0.05658 0.05658 0.04296 0.04704 0.07877 0.12728 0.13202 0.07201 0.05162 0.05546 0.04201 0.01669 0.00486 
71	2	0.00000 0.00001 0.02107 0.01255 0.00543 0.00189 0.00040 0.00555 0.02663 0.09852 0.02231 0.00389 0.00847 0.01263 0.00427 0.00040 0.00150 0.00734 0.04989 0.07065 0.06755 0.04330 0.03009 0.03861 0.08542 0.12744 0.08372 0.04921 0.05016 0.04347 0.02229 0.00536 
72	2	0.00000 0.00002 0.01603 0.00770 0.00558 0.00240 0.00431 0.01401 0.06217 0.03936 0.00605 0.00380 0.01721 0.01922 0.00174 0.00018 0.00079 0.00544 0.03860 0.05868 0.06229 0.04551 0.04301 0.07180 0.12550 0.10404 0.05934 0.04902 0.06705 0.05150 0.01514 0.00251 
73	2	0.00000 0.00062 0.02859 0.00409 0.00342 0.00642 0.03995 0.04508 0.00847 0.00312 0.00277 0.00804 0.01085 0.01486 0.00025 0.00022 0.00220 0.01225 0.04906 0.05435 0.05438 0.05017 0.08858 0.12260 0.09211 0.06473 0.05472 0.05629 0.05865 0.04405 0.01427 0.00482 
74	2	0.00000 0.00114 0.02267 0.00983 0.00308 0.00142 0.00325 0.01247 0.03403 0.02167 0.00526 0.00542 0.01508 0.04186 0.00471 0.00003 0.00317 0.01291 0.06061 0.06997 0.05039 0.03695 0.04297 0.08505 0.13177 0.09764 0.05040 0.03816 0.05202 0.06230 0.02283 0.00093 
75	2	0.00000 0.00054 0.00005 0.00032 0.00042 0.00211 0.00186 0.00946 0.03257 0.06254 0.08398 0.00799 0.00022 0.00010 0.00078 0.00005 0.00014 0.00097 0.00130 0.00363 0.00843 0.02780 0.05670 0.12946 0.20843 0.21193 0.11058 0.02075 0.00677 0.00434 0.00452 0.00123 
76	2	0.00000 0.00000 0.00006 0.00010 0.00055 0.00190 0.00337 0.00489 0.01703 0.03647 0.07306 0.05073 0.00727 0.00757 0.00325 0.00233 0.00000 0.00002 0.00027 0.00087 0.00457 0.01082 0.02287 0.04784 0.09892 0.14620 0.18113 0.14297 0.07484 0.04217 0.01450 0.00344 
77	2	0.00000 0.00002 0.00012 0.00037 0.00082 0.01108 0.02212 0.06894 0.18967 0.13968 0.10827 0.01823 0.02017 0.02403 0.00133 0.00052 0.00008 0.00061 0.00147 0.00315 0.00605 0.01251 0.02442 0.05859 0.10307 0.08302 0.04595 0.02294 0.01624 0.01093 0.00451 0.00106 
78	2	0.00003 0.00223 0.00545 0.00740 0.00390 0.00631 0.00920 0.00179 0.00418 0.01788 0.06568 0.37442 0.01580 0.00876 0.02283 0.00051 0.00039 0.00639 0.01715 0.02851 0.03475 0.04689 0.04708 0.02910 0.01880 0.01830 0.03146 0.07546 0.05080 0.02740 0.01852 0.00263 
79	2	0.00000 0.00002 0.00291 0.00990 0.00512 0.00468 0.00210 0.00335 0.00957 0.04435 0.08579 0.37632 0.01807 0.00849 0.00875 0.00102 0.00010 0.00104 0.01038 0.02973 0.03458 0.04038 0.03771 0.03314 0.02625 0.02794 0.03736 0.06455 0.04297 0.01872 0.01268 0.00201 
80	2	0.00000 0.00001 0.00064 0.00110 0.00191 0.00580 0.00339 0.00044 0.00019 0.00053 0.00055 0.40740 0.00004 0.00003 0.00005 0.00009 0.00010 0.00126 0.00848 0.02410 0.04545 0.08101 0.07760 0.05989 0.06550 0.06184 0.05452 0.04459 0.02616 0.01550 0.00868 0.00317 
81	2	0.00000 0.00002 0.00086 0.00141 0.00215 0.00159 0.00229 0.00470 0.00755 0.00527 0.04119 0.09419 0.22663 0.15684 0.10046 0.00824 0.00000 0.00058 0.00255 0.00560 0.00831 0.00925 0.01114 0.01622 0.01911 0.02121 0.03313 0.06300 0.07728 0.05043 0.02409 0.00470 
82	2	0.00000 0.00999 0.00436 0.01499 0.02930 0.02012 0.05061 0.09637 0.17487 0.00770 0.00924 0.00643 0.00270 0.02343 0.05449 0.00222 0.00025 0.00690 0.01042 0.02004 0.02772 0.03081 0.03765 0.06078 0.07363 0.06160 0.05249 0.03245 0.01754 0.02985 0.02610 0.00493 
83	2	0.00000 0.00265 0.00715 0.02565 0.01822 0.05634 0.05878 0.16861 0.03131 0.00410 0.00995 0.00888 0.01992 0.05455 0.06550 0.00002 0.00036 0.00426 0.01076 0.02142 0.02917 0.03555 0.03600 0.06105 0.05430 0.03476 0.04043 0.03250 0.03484 0.04468 0.02729 0.00099 
84	2	0.00000 0.00000 0.00022 0.00238 0.01517 0.05248 0.12094 0.21384 0.13366 0.00123 0.00147 0.00233 0.00331 0.01567 0.01930 0.00135 0.00001 0.00017 0.00172 0.00525 0.01528 0.03743 0.06245 0.10827 0.08768 0.01961 0.01332 0.01141 0.01440 0.02050 0.01524 0.00389 
85	2	0.00000 0.00131 0.00622 0.01153 0.04437 0.08445 0.08193 0.20348 0.01350 0.00223 0.00660 0.00558 0.00493 0.02170 0.03659 0.00040 0.00008 0.00155 0.00572 0.01591 0.03585 0.05409 0.06196 0.08406 0.05905 0.03491 0.03491 0.02515 0.01683 0.02568 0.01758 0.00181 
86	2	0.00070 0.00650 0.00697 0.00737 0.01648 0.01031 0.03563 0.06727 0.17518 0.04813 0.01187 0.01483 0.02658 0.03322 0.02464 0.00000 0.00087 0.00610 0.01329 0.01938 0.03014 0.03014 0.03607 0.05769 0.08224 0.06810 0.05042 0.04077 0.03447 0.02980 0.01447 0.00037 
87	2	0.00000 0.00004 0.00398 0.00970 0.02761 0.02582 0.03765 0.06173 0.14616 0.02108 0.01121 0.01121 0.02934 0.04650 0.01762 0.00000 0.00020 0.00146 0.01144 0.02822 0.04498 0.05006 0.05185 0.06041 0.07506 0.06330 0.04709 0.03546 0.03472 0.03307 0.01291 0.00010 
88	2	0.00000 0.00126 0.00555 0.02431 0.01717 0.03969 0.04488 0.10959 0.13730 0.00886 0.01023 0.01158 0.01402 0.03038 0.01160 0.00000 0.00011 0.00246 0.00955 0.02796 0.03858 0.04737 0.05161 0.07367 0.07511 0.04886 0.04385 0.03422 0.03462 0.03374 0.01169 0.00017 
89	2	0.00000 0.00522 0.03302 0.07967 0.01737 0.00577 0.00292 0.00547 0.03420 0.09020 0.12579 0.10960 0.00147 0.00177 0.00330 0.00005 0.00024 0.00644 0.03222 0.06595 0.05427 0.03190 0.01639 0.01338 0.02844 0.06510 0.08502 0.04968 0.01648 0.01120 0.00687 0.00060 
90	2	0.00000 0.00315 0.00551 0.00658 0.02257 0.02227 0.02171 0.02041 0.06848 0.11006 0.21669 0.00791 0.00255 0.00220 0.00525 0.00057 0.00013 0.00247 0.00820 0.01219 0.01977 0.02962 0.03118 0.03280 0.05430 0.09344 0.10337 0.04910 0.02335 0.01392 0.00838 0.00186 
91	2	0.00000 0.00000 0.00000 0.00000 0.00000 0.00000 0.00002 0.00001 0.00001 0.00005 0.04561 0.75517 0.00014 0.00003 0.00001 0.00000 0.00002 0.00013 0.00056 0.00095 0.00202 0.00319 0.00557 0.00912 0.01503 0.02000 0.04595 0.04827 0.02627 0.01413 0.00609 0.00162 
92	2	0.00000 0.00000 0.00056 0.00542 0.01067 0.00832 0.00278 0.05056 0.14177 0.02672 0.07252 0.04468 0.03958 0.02859 0.00210 0.00007 0.00004 0.00040 0.00480 0.01870 0.03332 0.03454 0.02907 0.06352 0.10121 0.06638 0.06420 0.06417 0.05165 0.02808 0.00515 0.00044 
93	2	0.00000 0.00000 0.00010 0.00123 0.00680 0.02434 0.04355 0.01421 0.00715 0.01792 0.04882 0.02894 0.01875 0.00060 0.00022 0.00000 0.00000 0.00002 0.00077 0.00476 0.02087 0.06890 0.10853 0.09750 0.09845 0.12233 0.12424 0.08886 0.04365 0.00675 0.00162 0.00009 
94	2	0.00000 0.00000 0.00005 0.00200 0.01784 0.01458 0.00808 0.00996 0.01923 0.02845 0.03677 0.03155 0.03637 0.00519 0.00052 0.00000 0.00001 0.00029 0.00346 0.02416 0.06948 0.08827 0.07843 0.08527 0.09995 0.10877 0.09240 0.07246 0.05060 0.01416 0.00167 0.00003 
95	2	0.00000 0.00000 0.00002 0.00025 0.00582 0.02391 0.01698 0.02457 0.01564 0.02780 0.09857 0.05791 0.00985 0.00188 0.00003 0.00003 0.00000 0.00006 0.00056 0.00408 0.02054 0.05556 0.07683 0.08235 0.08146 0.10295 0.15095 0.10448 0.02970 0.00599 0.00092 0.00030 
96	2	0.00000 0.00000 0.00001 0.00202 0.07018 0.00377 0.01010 0.01037 0.01752 0.01741 0.03042 0.04298 0.04640 0.02349 0.00065 0.00000 0.00002 0.00025 0.00258 0.01675 0.05234 0.04549 0.05644 0.06946 0.08525 0.09182 0.09859 0.09602 0.07502 0.03181 0.00280 0.00003 
97	2	0.00000 0.00000 0.00002 0.00051 0.00192 0.10133 0.02585 0.01152 0.01983 0.09270 0.03213 0.01987 0.01313 0.00851 0.00134 0.00004 0.00000 0.00005 0.00072 0.00212 0.01014 0.06397 0.08907 0.08010 0.09542 0.12246 0.09106 0.06118 0.03639 0.01553 0.00287 0.00019 
98	2	0.00000 0.00000 0.00000 0.00007 0.04057 0.05102 0.00853 0.00509 0.02670 0.04727 0.02071 0.11676 0.05545 0.00505 0.00027 0.00005 0.00000 0.00003 0.00046 0.00188 0.02924 0.05777 0.04831 0.04662 0.08630 0.10007 0.07032 0.09624 0.06838 0.01494 0.00171 0.00015 
99	2	0.00000 0.00001 0.00005 0.00002 0.00005 0.01343 0.22356 0.02292 0.00853 0.01487 0.05371 0.04239 0.03767 0.00932 0.00174 0.00000 0.00002 0.00028 0.00093 0.00100 0.00102 0.02371 0.06327 0.05018 0.05079 0.07514 0.11303 0.10352 0.06115 0.02324 0.00432 0.00011 
100	2	0.00000 0.00004 0.00010 0.00011 0.06370 0.08044 0.00222 0.00197 0.02797 0.07839 0.04143 0.04143 0.06331 0.00474 0.00044 0.00000 0.00003 0.00065 0.00108 0.00098 0.04194 0.05041 0.01367 0.01998 0.08026 0.13639 0.10123 0.07801 0.05437 0.01267 0.00200 0.00003 
101	2	0.00000 0.00000 0.00000 0.00007 0.00007 0.00012 0.17252 0.01068 0.00340 0.01119 0.16411 0.06398 0.05513 0.06775 0.01197 0.00003 0.00000 0.00002 0.00033 0.00100 0.00097 0.00229 0.02752 0.02488 0.01405 0.03926 0.11565 0.10304 0.05862 0.03829 0.01270 0.00033 
102	2	0.00000 0.00000 0.00020 0.00014 0.00082 0.00104 0.00057 0.00015 0.00036 0.27725 0.10411 0.00015 0.00002 0.00002 0.00000 0.00000 0.00007 0.00062 0.00387 0.01154 0.02645 0.04281 0.05727 0.06147 0.08053 0.11635 0.09705 0.05630 0.03317 0.01725 0.00792 0.00250 
103	2	0.00000 0.00048 0.00130 0.00188 0.00642 0.00980 0.02362 0.04412 0.02135 0.03028 0.04357 0.04158 0.01959 0.00116 0.00000 0.00000 0.00016 0.00200 0.00644 0.01718 0.04094 0.06305 0.09962 0.11982 0.10284 0.09470 0.09866 0.07418 0.03028 0.00478 0.00017 0.00000 
104	2	0.00000 0.00000 0.00341 0.00455 0.00300 0.05553 0.05140 0.02753 0.02699 0.04622 0.06474 0.01792 0.00050 0.00049 0.00000 0.00000 0.00001 0.00071 0.01129 0.02338 0.03672 0.08509 0.10466 0.09142 0.08384 0.10797 0.10670 0.03979 0.00527 0.00084 0.00005 0.00001 
105	2	0.00000 0.00598 0.12278 0.01146 0.00696 0.00877 0.01297 0.01696 0.01496 0.01987 0.01369 0.01952 0.02363 0.00742 0.00069 0.00003 0.00008 0.01818 0.06742 0.05309 0.05270 0.07249 0.09184 0.08957 0.07264 0.05872 0.04425 0.04084 0.03313 0.01660 0.00258 0.00018 
106	2	0.00000 0.00005 0.00086 0.00460 0.00757 0.00895 0.02013 0.06064 0.01633 0.01290 0.03286 0.04626 0.00845 0.00229 0.00052 0.00008 0.00002 0.00086 0.00924 0.03676 0.07304 0.09837 0.13832 0.14140 0.07703 0.05237 0.05998 0.05572 0.02417 0.00799 0.00195 0.00027 
107	2	0.00000 0.00000 0.00007 0.00203 0.01665 0.01766 0.02642 0.01365 0.02340 0.03770 0.11588 0.04972 0.01626 0.00015 0.00000 0.00000 0.00001 0.00018 0.00253 0.01291 0.04009 0.06033 0.08016 0.07624 0.08920 0.10070 0.12159 0.07532 0.02036 0.00070 0.00005 0.00001 
108	2	0.00000 0.00000 0.00471 0.09773 0.01741 0.00392 0.00649 0.00942 0.04520 0.03017 0.02215 0.02773 0.03884 0.01078 0.00106 0.00000 0.00001 0.00004 0.01332 0.05206 0.05197 0.03875 0.04649 0.06578 0.11320 0.10340 0.07062 0.05920 0.04581 0.01976 0.00387 0.00012 
109	2	0.00000 0.00000 0.02148 0.14278 0.00844 0.00262 0.00229 0.00291 0.00805 0.01084 0.01714 0.02853 0.02688 0.00797 0.00160 0.00002 0.00001 0.00015 0.03224 0.07368 0.04447 0.03677 0.04281 0.05098 0.07306 0.08510 0.08627 0.09160 0.07052 0.02626 0.00436 0.00016 
110	2	0.00000 0.00000 0.00019 0.00005 0.00015 0.00007 0.05569 0.03602 0.00912 0.05973 0.03942 0.07268 0.08267 0.02852 0.00218 0.00000 0.00002 0.00032 0.00122 0.00163 0.00189 0.00299 0.04663 0.07293 0.06640 0.10524 0.11205 0.10609 0.06959 0.02333 0.00316 0.00002 
111	2	0.00000 0.00000 0.01022 0.00013 0.00039 0.00358 0.01141 0.01729 0.00866 0.01014 0.03368 0.02593 0.02560 0.00170 0.00007 0.00017 0.00013 0.00035 0.00466 0.00343 0.00580 0.01768 0.04791 0.08776 0.10617 0.13427 0.17642 0.14748 0.08625 0.02500 0.00550 0.00221 
112	2	0.00000 0.00000 0.00010 0.00145 0.00449 0.00754 0.00812 0.00853 0.17838 0.05462 0.10987 0.03455 0.03137 0.03526 0.00339 0.00000 0.00000 0.00009 0.00143 0.00847 0.02212 0.03561 0.04214 0.03881 0.08857 0.09721 0.06208 0.05577 0.04194 0.02303 0.00480 0.00025 
113	2	0.00000 0.00000 0.00000 0.00003 0.00019 0.00036 0.00075 0.00057 0.00064 0.03793 0.43303 0.00025 0.00009 0.00004 0.00002 0.00005 0.00000 0.00001 0.00043 0.00244 0.00931 0.02135 0.03755 0.05525 0.07250 0.09786 0.10546 0.05956 0.03548 0.01854 0.00793 0.00238 
114	2	0.00000 0.00000 0.00032 0.00013 0.00147 0.00292 0.00475 0.00037 0.00046 0.02205 0.21521 0.00021 0.00003 0.00002 0.00004 0.00002 0.00007 0.00055 0.00504 0.01308 0.03865 0.07224 0.10224 0.09001 0.09002 0.10694 0.09677 0.06710 0.03606 0.02009 0.00997 0.00316 
115	2	0.00000 0.00000 0.00001 0.00055 0.00307 0.00597 0.00910 0.00087 0.00027 0.00382 0.18251 0.00022 0.00004 0.00003 0.00000 0.00000 0.00005 0.00040 0.00401 0.01716 0.05021 0.10585 0.13940 0.10181 0.09367 0.08974 0.08347 0.05439 0.02919 0.01525 0.00703 0.00191 
116	2	0.00000 0.00033 0.00403 0.00091 0.00054 0.00312 0.00737 0.02087 0.02103 0.00575 0.00217 0.12860 0.01402 0.00002 0.00001 0.00000 0.00157 0.00484 0.01606 0.01648 0.01935 0.03931 0.07539 0.12133 0.13831 0.11620 0.09205 0.07841 0.04714 0.01666 0.00646 0.00166 
117	2	0.00010 0.00478 0.00272 0.00421 0.00820 0.01109 0.00488 0.00675 0.02215 0.05971 0.05061 0.10845 0.02045 0.01698 0.01675 0.00029 0.00167 0.00472 0.01405 0.03190 0.04197 0.04324 0.02561 0.02501 0.05910 0.11188 0.10790 0.08558 0.05690 0.03465 0.01639 0.00130 
118	2	0.00000 0.00000 0.00000 0.00000 0.00000 0.00000 0.00030 0.00313 0.01744 0.05419 0.15297 0.17475 0.13798 0.13431 0.00115 0.00013 0.00000 0.00002 0.00012 0.00016 0.00037 0.00065 0.00276 0.01355 0.04326 0.05889 0.06787 0.06360 0.04326 0.02360 0.00497 0.00055 
119	2	0.00000 0.00000 0.00000 0.00400 0.00534 0.03081 0.01393 0.00042 0.01195 0.06910 0.05210 0.33140 0.06097 0.03740 0.00966 0.00020 0.00000 0.00001 0.00065 0.01096 0.03466 0.07545 0.05094 0.01067 0.00525 0.00750 0.02421 0.05913 0.05755 0.02779 0.00740 0.00053 
120	2	0.00000 0.00000 0.00000 0.00066 0.00535 0.00844 0.00083 0.00049 0.00032 0.04602 0.47391 0.05159 0.02471 0.01847 0.00190 0.00000 0.00000 0.00006 0.00096 0.00859 0.02908 0.04930 0.03436 0.02990 0.02330 0.03757 0.05950 0.05022 0.02887 0.01280 0.00271 0.00010 
121	2	0.00000 0.00000 0.00014 0.00214 0.00202 0.00294 0.00042 0.00039 0.00018 0.10130 0.42649 0.08378 0.02256 0.01647 0.00487 0.00000 0.00001 0.00011 0.00252 0.01195 0.02270 0.03134 0.02557 0.02825 0.02681 0.03342 0.05498 0.05409 0.02747 0.01281 0.00405 0.00023 
122	2	0.00000 0.00000 0.00094 0.01140 0.00165 0.00208 0.01129 0.02079 0.03486 0.02604 0.00419 0.00312 0.19232 0.05807 0.00544 0.00010 0.00000 0.00022 0.00544 0.01254 0.01144 0.01810 0.05406 0.11395 0.14500 0.10463 0.04539 0.03302 0.03597 0.03183 0.01437 0.00175 
123	2	0.00000 0.00000 0.00003 0.00002 0.00005 0.00036 0.00004 0.00004 0.00028 0.03970 0.71129 0.00023 0.00002 0.00001 0.00000 0.00000 0.00001 0.00016 0.00100 0.00198 0.00408 0.00713 0.01300 0.01922 0.02882 0.05306 0.05732 0.03345 0.01650 0.00789 0.00335 0.00094 
124	2	0.00000 0.00000 0.00000 0.00064 0.00672 0.00300 0.01749 0.06690 0.04251 0.01945 0.01005 0.01067 0.14719 0.01807 0.00504 0.00009 0.00000 0.00003 0.00032 0.00291 0.01155 0.02138 0.06720 0.14072 0.12589 0.06920 0.04774 0.04980 0.05382 0.04301 0.01654 0.00206 
125	2	0.00000 0.00004 0.02378 0.00114 0.00184 0.03195 0.06758 0.04456 0.02247 0.00775 0.00638 0.00917 0.01711 0.02500 0.00351 0.00003 0.00006 0.00210 0.01501 0.01204 0.01193 0.06587 0.14883 0.14756 0.09881 0.05317 0.04152 0.04305 0.04629 0.03730 0.01269 0.00146 
126	2	0.00000 0.00000 0.00005 0.00000 0.00002 0.00264 0.00451 0.00418 0.00561 0.00233 0.00136 0.12662 0.09441 0.00028 0.00002 0.00007 0.00005 0.00003 0.00048 0.00202 0.00931 0.03602 0.06945 0.08852 0.09830 0.09785 0.09500 0.11001 0.09289 0.03995 0.01427 0.00372 
127	2	0.00000 0.00000 0.00010 0.00012 0.00090 0.00207 0.00122 0.00017 0.00016 0.09629 0.13656 0.00057 0.00006 0.00000 0.00002 0.00002 0.00003 0.00029 0.00260 0.01015 0.03849 0.07286 0.08965 0.08281 0.09353 0.12252 0.11535 0.07510 0.03377 0.01616 0.00689 0.00155 
128	2	0.00000 0.00000 0.00000 0.00000 0.00003 0.00052 0.01990 0.00907 0.00176 0.00056 0.05456 0.20249 0.44650 0.00672 0.00010 0.00002 0.00000 0.00003 0.00030 0.00032 0.00098 0.01030 0.05453 0.05716 0.03010 0.02170 0.02111 0.02213 0.02370 0.01146 0.00311 0.00084 
129	2	0.00000 0.00000 0.00001 0.00000 0.00005 0.00073 0.01250 0.01201 0.00207 0.00084 0.03641 0.18490 0.39842 0.01741 0.00006 0.00028 0.00000 0.00004 0.00021 0.00070 0.00369 0.02022 0.07609 0.08577 0.03779 0.02205 0.02028 0.02309 0.02414 0.01425 0.00444 0.00155 
130	2	0.00000 0.00000 0.00000 0.00000 0.00037 0.00805 0.00235 0.00136 0.00062 0.00039 0.00684 0.43019 0.22577 0.00053 0.00002 0.00000 0.00001 0.00006 0.00055 0.00325 0.01921 0.05196 0.04654 0.03006 0.02772 0.02548 0.02472 0.04365 0.03496 0.01167 0.00303 0.00061 
131	2	0.00000 0.00000 0.00007 0.00003 0.00006 0.00043 0.00062 0.00045 0.00010 0.03605 0.12177 0.08554 0.00300 0.00009 0.00002 0.00001 0.00002 0.00022 0.00160 0.00722 0.01742 0.04166 0.05802 0.07708 0.07378 0.09157 0.11211 0.11992 0.09277 0.04025 0.01448 0.00364 
132	2	0.00000 0.00000 0.00010 0.00009 0.00006 0.00225 0.01407 0.00285 0.00480 0.00592 0.00285 0.00203 0.16758 0.08737 0.00250 0.00030 0.00010 0.00022 0.00109 0.00184 0.00428 0.03108 0.06127 0.05403 0.07822 0.09544 0.08524 0.08073 0.09877 0.07341 0.03438 0.00713 
133	2	0.00000 0.00000 0.00000 0.00010 0.00076 0.00218 0.00159 0.00012 0.00013 0.02121 0.13057 0.00087 0.00010 0.00002 0.00001 0.00000 0.00002 0.00012 0.00211 0.01126 0.03916 0.07830 0.09355 0.08527 0.09761 0.12178 0.12882 0.09390 0.05077 0.02607 0.01075 0.00282 
134	2	0.00000 0.00000 0.00132 0.01137 0.00912 0.00433 0.00167 0.00044 0.00353 0.05408 0.14973 0.36789 0.03026 0.00017 0.00003 0.00001 0.00005 0.00069 0.00955 0.03736 0.04769 0.04216 0.03617 0.03001 0.02692 0.02848 0.03210 0.03927 0.02455 0.00735 0.00300 0.00068 
135	2	0.00000 0.00215 0.01437 0.00613 0.01818 0.04533 0.12401 0.12348 0.03743 0.01745 0.01072 0.01327 0.00992 0.00588 0.00506 0.00054 0.00021 0.00815 0.02139 0.02182 0.03460 0.04546 0.06559 0.10794 0.09026 0.05724 0.03920 0.03058 0.02456 0.01302 0.00479 0.00127 
136	2	0.00000 0.00557 0.01313 0.01471 0.01737 0.04527 0.09486 0.06493 0.05095 0.03202 0.01795 0.01460 0.01225 0.01045 0.03520 0.00024 0.00022 0.00996 0.02248 0.02899 0.03172 0.03152 0.04065 0.08551 0.10493 0.07330 0.04182 0.03135 0.02566 0.02332 0.01737 0.00165 
137	2	0.00000 0.00000 0.00004 0.00406 0.01090 0.02736 0.00682 0.00164 0.00040 0.00479 0.17357 0.29582 0.00052 0.00008 0.00001 0.00000 0.00002 0.00021 0.00237 0.01636 0.04589 0.08797 0.07071 0.05518 0.04090 0.03877 0.04818 0.03798 0.01708 0.00771 0.00372 0.00089 
138	2	0.00001 0.01966 0.04405 0.00167 0.00055 0.00240 0.01167 0.01826 0.00990 0.00300 0.00132 0.02499 0.12839 0.00043 0.00010 0.00001 0.00356 0.01286 0.03407 0.02579 0.02483 0.04140 0.07784 0.10420 0.10660 0.08608 0.07024 0.06475 0.05222 0.02087 0.00716 0.00113 
139	2	0.00000 0.00337 0.05559 0.00278 0.00123 0.00166 0.00652 0.01817 0.01502 0.00607 0.00192 0.00231 0.00554 0.00423 0.00007 0.00006 0.00227 0.00973 0.03384 0.03112 0.02999 0.03692 0.06653 0.11663 0.13310 0.11733 0.09835 0.08362 0.06619 0.03644 0.01102 0.00233 
140	3	0.00000 0.00002 0.00766 0.03013 0.08126 0.05089 0.04920 0.04480 0.02064 0.01785 0.01938 0.03213 0.03437 0.02472 0.01535 0.00211 0.00002 0.00024 0.00859 0.03483 0.07226 0.07892 0.07304 0.06143 0.04757 0.04340 0.03972 0.04273 0.03644 0.02080 0.00816 0.00135 
141	3	0.00000 0.00235 0.01263 0.03614 0.02702 0.02541 0.04255 0.03533 0.04985 0.04020 0.02765 0.02657 0.02432 0.02863 0.03452 0.00988 0.00007 0.00477 0.01796 0.02988 0.03762 0.04412 0.05858 0.05852 0.05636 0.05555 0.05611 0.05466 0.04207 0.03179 0.02227 0.00659 
142	3	0.00000 0.00000 0.00415 0.08692 0.13567 0.06354 0.05137 0.01893 0.01279 0.02011 0.01839 0.01748 0.03010 0.02577 0.01442 0.00235 0.00001 0.00011 0.00848 0.04767 0.07398 0.06587 0.04825 0.03501 0.03828 0.04717 0.04479 0.03605 0.02775 0.01740 0.00600 0.00119 
143	3	0.00000 0.00000 0.03049 0.03764 0.03163 0.03596 0.04350 0.03609 0.02985 0.02654 0.02192 0.02012 0.03113 0.02333 0.00714 0.00116 0.00033 0.00177 0.01753 0.03161 0.04492 0.06336 0.06879 0.07296 0.08145 0.07437 0.05833 0.04673 0.03827 0.01768 0.00471 0.00067 
144	3	0.00000 0.00000 0.00117 0.00868 0.02127 0.00507 0.00144 0.00113 0.00122 0.00115 0.00075 0.00147 0.00626 0.00587 0.00044 0.00006 0.00026 0.00179 0.03096 0.07733 0.11134 0.08401 0.07146 0.07846 0.08233 0.09079 0.09193 0.08865 0.07882 0.04521 0.00971 0.00097 
145	3	0.00000 0.00000 0.00017 0.00065 0.00220 0.00186 0.00270 0.00246 0.00524 0.00887 0.00506 0.01130 0.00852 0.00023 0.00015 0.00000 0.00001 0.00054 0.00562 0.01876 0.03911 0.05443 0.08311 0.10091 0.12841 0.15596 0.13616 0.12461 0.07386 0.02206 0.00624 0.00080 
146	3	0.00000 0.00000 0.00001 0.00040 0.00430 0.00193 0.00090 0.00187 0.00171 0.00118 0.00188 0.00129 0.01353 0.01065 0.00410 0.00000 0.00001 0.00010 0.00253 0.01431 0.04995 0.06558 0.07077 0.08990 0.11004 0.12325 0.13762 0.11211 0.10202 0.06184 0.01484 0.00139 
147	3	0.00000 0.00000 0.00104 0.01617 0.04416 0.02959 0.01758 0.01962 0.02392 0.01714 0.01784 0.01307 0.01360 0.01341 0.01155 0.00444 0.00002 0.00036 0.00943 0.02984 0.05870 0.07977 0.08516 0.08747 0.08185 0.07133 0.06707 0.05897 0.05556 0.04215 0.02351 0.00566 
148	3	0.00000 0.00000 0.00005 0.00572 0.03083 0.02737 0.01457 0.01585 0.01605 0.02333 0.02925 0.01896 0.02315 0.02285 0.03435 0.01406 0.00002 0.00022 0.00447 0.02053 0.05652 0.07110 0.06114 0.05509 0.05974 0.07212 0.08535 0.07549 0.06707 0.05494 0.03340 0.00642 
149	3	0.00000 0.00000 0.00002 0.00162 0.00812 0.00591 0.01013 0.02078 0.03371 0.00993 0.00578 0.00533 0.00874 0.01332 0.06191 0.02326 0.00002 0.00013 0.00252 0.00945 0.02386 0.03333 0.04435 0.06335 0.07601 0.06192 0.05597 0.05734 0.06625 0.09520 0.14583 0.05590 
150	3	0.00003 0.00110 0.00400 0.00198 0.00300 0.00488 0.00888 0.00573 0.00801 0.00327 0.00352 0.00359 0.00704 0.03823 0.06169 0.03403 0.00135 0.00509 0.02035 0.02294 0.03183 0.03873 0.04381 0.04754 0.05497 0.05426 0.05741 0.05673 0.08141 0.14626 0.12124 0.02710 
151	3	0.00008 0.00016 0.00227 0.00178 0.00249 0.00411 0.00611 0.00724 0.01202 0.00698 0.01067 0.00877 0.01347 0.03961 0.08390 0.04359 0.00136 0.00498 0.01613 0.01902 0.02751 0.03626 0.04216 0.05067 0.05534 0.05108 0.05372 0.05422 0.06531 0.11998 0.12705 0.03193 
152	3	0.00000 0.00000 0.00052 0.00061 0.00223 0.01110 0.03856 0.04320 0.03985 0.01378 0.01324 0.00742 0.01508 0.02627 0.09084 0.05727 0.00010 0.00048 0.00305 0.00525 0.01256 0.03069 0.05687 0.06849 0.06647 0.05628 0.05522 0.05031 0.05832 0.06959 0.07626 0.03006 
153	3	0.00000 0.00000 0.01035 0.05716 0.11776 0.01257 0.01165 0.01226 0.01188 0.01333 0.01510 0.00832 0.00827 0.00905 0.01244 0.00730 0.00006 0.00055 0.01504 0.04610 0.05205 0.03744 0.05002 0.06535 0.07651 0.07796 0.07640 0.06211 0.05280 0.04194 0.02905 0.00916 
154	3	0.00000 0.00226 0.00977 0.01027 0.01911 0.02304 0.02068 0.02720 0.01912 0.01434 0.01265 0.01282 0.00958 0.01584 0.02067 0.00741 0.00010 0.00454 0.01264 0.03136 0.05827 0.07379 0.08215 0.08952 0.08338 0.07605 0.07145 0.06551 0.05037 0.04104 0.02756 0.00750 
155	3	0.00039 0.06108 0.06463 0.05448 0.05145 0.02704 0.01617 0.03138 0.02559 0.03629 0.04020 0.02552 0.00553 0.00136 0.00016 0.00000 0.00107 0.00695 0.01203 0.01540 0.01703 0.02125 0.02771 0.04532 0.05982 0.08751 0.11482 0.08588 0.04009 0.01758 0.00588 0.00039 
156	3	0.00000 0.00000 0.00015 0.02590 0.19677 0.09449 0.04165 0.03793 0.02359 0.03353 0.01575 0.01366 0.02005 0.00252 0.00208 0.00003 0.00000 0.00002 0.00051 0.01180 0.02189 0.01974 0.02404 0.02789 0.04352 0.07326 0.07233 0.07314 0.07540 0.03661 0.01108 0.00067 
157	3	0.00649 0.08530 0.05692 0.04503 0.06684 0.03787 0.01816 0.00804 0.00518 0.01288 0.04038 0.03594 0.01380 0.00509 0.00222 0.00001 0.00793 0.02829 0.03130 0.01992 0.01699 0.01262 0.00961 0.00832 0.00853 0.03507 0.11097 0.13368 0.08454 0.03885 0.01286 0.00036 
158	3	0.00000 0.00000 0.00001 0.00442 0.05782 0.05548 0.02196 0.00971 0.04422 0.05801 0.08533 0.02872 0.00310 0.00032 0.00001 0.00000 0.00038 0.00033 0.00118 0.00330 0.00873 0.01280 0.01555 0.02748 0.07779 0.14899 0.17587 0.10800 0.03852 0.01045 0.00143 0.00007 
159	3	0.00012 0.00017 0.00000 0.01010 0.18042 0.10612 0.02304 0.01137 0.06387 0.05407 0.03542 0.00482 0.00113 0.00042 0.00004 0.00000 0.00239 0.00229 0.00200 0.00606 0.01371 0.01297 0.01038 0.02380 0.08935 0.13145 0.11158 0.05507 0.02890 0.01439 0.00442 0.00012 
160	3	0.00071 0.03836 0.02943 0.00671 0.00107 0.00045 0.00320 0.03872 0.12560 0.06026 0.00451 0.00064 0.00014 0.00000 0.00001 0.00000 0.00091 0.00454 0.00577 0.00573 0.00319 0.00283 0.01011 0.07922 0.23130 0.20510 0.08385 0.03445 0.01483 0.00568 0.00251 0.00014 
161	3	0.00002 0.00043 0.01033 0.04077 0.49191 0.12341 0.01485 0.02912 0.02645 0.00292 0.00143 0.00057 0.00045 0.00016 0.00005 0.00007 0.00029 0.00254 0.00709 0.01431 0.03507 0.02465 0.01450 0.02377 0.04123 0.03157 0.02682 0.01738 0.01143 0.00482 0.00141 0.00013 
162	3	0.00406 0.04520 0.01997 0.01011 0.00616 0.00510 0.00829 0.01410 0.03687 0.12165 0.10633 0.02824 0.00487 0.00015 0.00000 0.00000 0.00229 0.00622 0.00520 0.00627 0.01025 0.01722 0.03054 0.05720 0.11305 0.17743 0.12279 0.03440 0.00528 0.00066 0.00009 0.00002 
163	3	0.00002 0.00017 0.00022 0.00027 0.26879 0.09799 0.04542 0.02378 0.01115 0.02546 0.02032 0.00581 0.00142 0.00030 0.00002 0.00033 0.00117 0.00240 0.00265 0.00322 0.01510 0.02585 0.03400 0.02995 0.05274 0.10520 0.11545 0.06812 0.02928 0.01067 0.00212 0.00058 
164	3	0.00007 0.12717 0.12017 0.06575 0.02360 0.01891 0.00297 0.00435 0.01319 0.01077 0.01525 0.00225 0.00068 0.00029 0.00005 0.00037 0.00060 0.02835 0.03051 0.02170 0.02737 0.02777 0.02331 0.04034 0.09667 0.11405 0.09664 0.05092 0.02374 0.00982 0.00179 0.00054 
165	3	0.00000 0.00092 0.04431 0.06944 0.08298 0.02022 0.00758 0.00528 0.01882 0.01441 0.00295 0.00047 0.00123 0.01717 0.00797 0.00020 0.00005 0.00465 0.03436 0.07315 0.09876 0.07430 0.05780 0.05117 0.06822 0.06440 0.04284 0.03078 0.03283 0.04732 0.02291 0.00250 
166	3	0.00000 0.00000 0.00000 0.00519 0.22634 0.08872 0.11942 0.01260 0.00064 0.00062 0.00260 0.00759 0.00825 0.00320 0.00002 0.00006 0.00001 0.00019 0.00146 0.01475 0.06227 0.11535 0.09587 0.04117 0.02389 0.02605 0.03548 0.04876 0.04088 0.01765 0.00082 0.00014 
167	3	0.00000 0.00000 0.00027 0.02416 0.11742 0.10365 0.12010 0.02033 0.00361 0.00405 0.00302 0.00375 0.01111 0.02162 0.00082 0.00002 0.00002 0.00017 0.00357 0.02347 0.06066 0.11404 0.12358 0.05467 0.02572 0.02470 0.02739 0.03038 0.03945 0.03279 0.00518 0.00027 
168	3	0.00000 0.00000 0.01099 0.14346 0.14857 0.08422 0.02333 0.02597 0.00487 0.00184 0.00592 0.01540 0.02358 0.00383 0.00007 0.00000 0.00002 0.00017 0.00320 0.02525 0.06635 0.08144 0.04362 0.02248 0.02051 0.02132 0.04189 0.07569 0.07878 0.02532 0.00181 0.00005 
169	3	0.00000 0.00000 0.03248 0.21094 0.14827 0.12161 0.07833 0.03267 0.00472 0.00523 0.00359 0.00646 0.00523 0.00081 0.00002 0.00000 0.00001 0.00015 0.01084 0.03299 0.03420 0.02759 0.02065 0.02181 0.03043 0.03692 0.03653 0.04462 0.03660 0.01393 0.00226 0.00011 
170	3	0.00000 0.00000 0.00028 0.00731 0.02078 0.06558 0.04760 0.02452 0.02677 0.01565 0.00595 0.00202 0.00302 0.01085 0.00171 0.00034 0.00001 0.00015 0.00317 0.02197 0.05874 0.10822 0.11518 0.10122 0.10064 0.07903 0.05379 0.03757 0.03723 0.03489 0.01269 0.00309 
171	3	0.00000 0.00000 0.00012 0.00449 0.01111 0.01164 0.01018 0.01005 0.00974 0.00643 0.01149 0.06163 0.12380 0.00471 0.00057 0.00047 0.00001 0.00013 0.00545 0.01954 0.04067 0.05271 0.06120 0.06954 0.07257 0.06553 0.07285 0.11304 0.10645 0.03357 0.01459 0.00572 
172	3	0.00000 0.00000 0.00049 0.00241 0.01169 0.01663 0.01311 0.01101 0.01014 0.00977 0.04616 0.21086 0.01038 0.00177 0.00097 0.00135 0.00015 0.00062 0.00505 0.01205 0.03343 0.05670 0.07026 0.07321 0.06876 0.06806 0.08998 0.09480 0.04256 0.01841 0.01290 0.00632 
173	3	0.00021 0.00110 0.00230 0.00228 0.00634 0.01201 0.04103 0.10410 0.11307 0.08505 0.05225 0.02662 0.01787 0.00417 0.00022 0.00001 0.00120 0.00282 0.00672 0.00697 0.01409 0.02539 0.05091 0.08673 0.10005 0.09027 0.06532 0.04462 0.02626 0.00869 0.00117 0.00016 
174	3	0.00000 0.00000 0.00000 0.00000 0.02213 0.27800 0.01488 0.00574 0.01377 0.01182 0.00573 0.00235 0.00334 0.00670 0.00860 0.00108 0.00003 0.00042 0.00444 0.00826 0.04202 0.08468 0.06232 0.05065 0.06752 0.06828 0.05820 0.04426 0.04441 0.04604 0.03600 0.00832 
175	3	0.00000 0.00000 0.00000 0.00005 0.14412 0.04159 0.00722 0.01979 0.05868 0.02950 0.01727 0.01216 0.00628 0.01513 0.01122 0.00252 0.00001 0.00027 0.00064 0.00614 0.05914 0.07099 0.04589 0.05834 0.08334 0.08368 0.07163 0.05667 0.04060 0.03506 0.01822 0.00384 
176	3	0.00000 0.00000 0.00000 0.00000 0.00315 0.21829 0.00628 0.00345 0.03825 0.01985 0.01208 0.00397 0.00617 0.00878 0.01248 0.00098 0.00000 0.00004 0.00162 0.00485 0.03407 0.08266 0.05625 0.05171 0.08521 0.09281 0.07978 0.05667 0.04834 0.04099 0.02717 0.00409 
177	3	0.00000 0.00000 0.00000 0.00000 0.01559 0.26310 0.07097 0.03210 0.02602 0.02126 0.01199 0.00432 0.00236 0.00782 0.01352 0.00381 0.00002 0.00031 0.00069 0.00283 0.01786 0.05575 0.06345 0.05164 0.05635 0.05939 0.05083 0.04304 0.03514 0.04332 0.03691 0.00960 
178	3	0.00000 0.00023 0.06390 0.07238 0.11822 0.03004 0.02263 0.02138 0.02313 0.02057 0.01917 0.02103 0.00713 0.00020 0.00000 0.00018 0.00125 0.00415 0.04149 0.07953 0.10232 0.06715 0.04898 0.04290 0.04032 0.04220 0.04604 0.03725 0.01826 0.00499 0.00207 0.00087 
179	3	0.00000 0.00003 0.02136 0.05406 0.08013 0.03411 0.01822 0.00863 0.01155 0.01533 0.02828 0.02794 0.01366 0.00029 0.00009 0.00006 0.00178 0.00555 0.04819 0.08602 0.10353 0.08185 0.05746 0.04250 0.04401 0.05415 0.06680 0.05866 0.02700 0.00557 0.00274 0.00045 
180	3	0.00000 0.00001 0.02607 0.06130 0.06197 0.04158 0.01816 0.01410 0.01856 0.03271 0.05016 0.02996 0.00220 0.00002 0.00000 0.00000 0.00194 0.00552 0.04038 0.07212 0.09379 0.07290 0.05083 0.04666 0.05368 0.07052 0.07499 0.04295 0.01205 0.00278 0.00174 0.00035 
181	3	0.00005 0.00012 0.04731 0.09379 0.06608 0.03263 0.02286 0.02224 0.03440 0.04995 0.04316 0.00333 0.00001 0.00000 0.00000 0.00000 0.00380 0.00834 0.05247 0.07595 0.06930 0.05321 0.04623 0.04798 0.06073 0.07865 0.06169 0.01824 0.00350 0.00208 0.00152 0.00037 
182	3	0.00000 0.00001 0.02215 0.02247 0.01745 0.00310 0.00417 0.00465 0.02412 0.01475 0.00770 0.00395 0.00231 0.00355 0.01814 0.00154 0.00035 0.00202 0.02723 0.04029 0.04310 0.04993 0.06489 0.07614 0.09628 0.10110 0.09276 0.07146 0.05932 0.05802 0.05425 0.01279 
183	3	0.00000 0.00030 0.09509 0.11060 0.08031 0.05017 0.03241 0.02142 0.02694 0.04259 0.05307 0.01706 0.00237 0.00156 0.00148 0.00115 0.00044 0.00129 0.02364 0.05006 0.05774 0.05362 0.04672 0.04071 0.04191 0.05362 0.05316 0.02479 0.00827 0.00422 0.00263 0.00066 
184	3	0.00000 0.00002 0.00070 0.01305 0.02627 0.02801 0.04749 0.03911 0.03196 0.04374 0.04240 0.02662 0.01927 0.00505 0.00149 0.00000 0.00012 0.00136 0.00721 0.02475 0.04427 0.05490 0.07020 0.07693 0.07870 0.08876 0.08932 0.06945 0.04635 0.01844 0.00400 0.00007 
185	3	0.00000 0.00000 0.00000 0.00037 0.00554 0.01148 0.02575 0.03833 0.04643 0.03772 0.04353 0.03576 0.02787 0.01046 0.00266 0.00027 0.00001 0.00001 0.00032 0.00421 0.01802 0.03447 0.05175 0.07106 0.09153 0.10030 0.11178 0.10529 0.07632 0.03603 0.01140 0.00130 
186	3	0.00000 0.00055 0.01552 0.02991 0.02521 0.01529 0.00336 0.00420 0.01199 0.01152 0.00667 0.00138 0.00132 0.00159 0.00180 0.00096 0.00011 0.00710 0.04930 0.09242 0.09315 0.07025 0.04759 0.05448 0.08484 0.09527 0.08493 0.06022 0.05161 0.04277 0.02597 0.00871 
187	3	0.00000 0.00099 0.00933 0.02488 0.04190 0.01903 0.00292 0.00806 0.01863 0.01478 0.00768 0.00161 0.00129 0.00134 0.00303 0.00134 0.00010 0.01119 0.04067 0.07127 0.09327 0.07392 0.04915 0.06773 0.09363 0.09550 0.08370 0.05344 0.04485 0.03500 0.02306 0.00671 
188	3	0.00000 0.00140 0.00822 0.01911 0.01875 0.00965 0.00201 0.00330 0.00521 0.00549 0.00178 0.00057 0.00113 0.00197 0.00569 0.03437 0.00072 0.01582 0.05014 0.08920 0.08987 0.05922 0.04755 0.05908 0.07737 0.08656 0.07200 0.06166 0.05906 0.05615 0.03900 0.01792 
189	3	0.00000 0.00026 0.00250 0.00595 0.01843 0.04488 0.05879 0.03319 0.01671 0.02217 0.05016 0.06072 0.01512 0.00438 0.00170 0.00165 0.00004 0.00283 0.01385 0.03019 0.05940 0.08935 0.09536 0.07249 0.05024 0.04862 0.05734 0.06203 0.04911 0.02377 0.00599 0.00279 
190	3	0.00000 0.00000 0.00071 0.00495 0.04607 0.02258 0.04160 0.01530 0.00352 0.00241 0.00122 0.00129 0.00221 0.00116 0.00070 0.02630 0.00004 0.00123 0.01061 0.03996 0.10390 0.11338 0.13628 0.10700 0.06882 0.05259 0.04010 0.04117 0.03601 0.03153 0.02358 0.02378 
191	3	0.00000 0.00000 0.00017 0.00784 0.01206 0.00770 0.00850 0.00646 0.00281 0.00323 0.00293 0.00056 0.00097 0.00207 0.03815 0.03331 0.00002 0.00043 0.00584 0.02754 0.05165 0.06987 0.08930 0.10673 0.10146 0.09156 0.07918 0.06547 0.05378 0.05334 0.04442 0.03265 
192	3	0.00000 0.00000 0.00000 0.00284 0.01016 0.00820 0.00628 0.00602 0.00645 0.00688 0.00074 0.00044 0.00020 0.00167 0.03888 0.04932 0.00000 0.00000 0.00061 0.01904 0.05163 0.07395 0.10164 0.12282 0.12050 0.09759 0.07312 0.05585 0.04582 0.03851 0.03620 0.02462 
193	3	0.00000 0.00000 0.00376 0.00212 0.00280 0.00270 0.00323 0.00192 0.00068 0.00048 0.00062 0.00030 0.00039 0.00033 0.00055 0.00665 0.00121 0.00321 0.02402 0.03750 0.05542 0.06804 0.08201 0.09475 0.10372 0.10565 0.10905 0.08938 0.07542 0.05935 0.04416 0.02056 
194	3	0.00000 0.00055 0.01558 0.07761 0.14687 0.11532 0.08970 0.04924 0.03207 0.00622 0.00838 0.00383 0.00307 0.00555 0.00758 0.03652 0.00003 0.00145 0.01047 0.03960 0.06697 0.05973 0.04388 0.03252 0.02828 0.02263 0.02602 0.02689 0.02254 0.01298 0.00512 0.00281 
195	3	0.00001 0.01585 0.06064 0.10745 0.17460 0.06420 0.03165 0.02286 0.00924 0.00884 0.00410 0.00632 0.00357 0.00310 0.00808 0.08923 0.00045 0.00742 0.02630 0.05068 0.05914 0.03702 0.02793 0.02259 0.02311 0.02921 0.03106 0.03160 0.01835 0.00954 0.00941 0.00643 
196	3	0.00001 0.00556 0.03504 0.08158 0.16244 0.06490 0.02417 0.01263 0.00488 0.00454 0.00907 0.00900 0.00836 0.00763 0.01058 0.16114 0.00025 0.00627 0.02201 0.03840 0.04749 0.03524 0.02526 0.02535 0.02461 0.02846 0.03937 0.04117 0.02970 0.01477 0.01115 0.00896 
197	3	0.00000 0.00072 0.00418 0.03585 0.15911 0.14195 0.02163 0.00417 0.00311 0.00721 0.04858 0.04268 0.00302 0.00006 0.00000 0.00008 0.00022 0.00240 0.00876 0.05285 0.12496 0.10690 0.04553 0.02920 0.02319 0.02888 0.04955 0.03924 0.01276 0.00251 0.00037 0.00030 
198	3	0.00000 0.00401 0.01807 0.02590 0.12921 0.13365 0.04505 0.01564 0.00486 0.00307 0.04024 0.04048 0.00198 0.00002 0.00000 0.00000 0.00036 0.00794 0.02651 0.04785 0.09834 0.10296 0.06039 0.03920 0.02496 0.02357 0.04908 0.04232 0.01168 0.00205 0.00034 0.00026 
199	3	0.00000 0.00237 0.10348 0.12581 0.08271 0.01348 0.01062 0.00863 0.01747 0.00945 0.01292 0.07100 0.03143 0.00367 0.00188 0.00024 0.00006 0.00438 0.06550 0.11556 0.07442 0.02282 0.01555 0.02001 0.02792 0.02907 0.03854 0.05525 0.02600 0.00613 0.00283 0.00077 
200	3	0.00000 0.00667 0.04515 0.05479 0.05025 0.04325 0.04725 0.03752 0.02657 0.02380 0.03817 0.11629 0.02035 0.01547 0.01500 0.00204 0.00078 0.00700 0.03455 0.05560 0.04239 0.02959 0.02582 0.03222 0.03587 0.04235 0.06055 0.05660 0.01756 0.01020 0.00552 0.00082 
201	3	0.00000 0.00662 0.02239 0.03855 0.02452 0.03837 0.07509 0.08802 0.06990 0.05326 0.02645 0.02602 0.00496 0.00278 0.00295 0.00157 0.00008 0.01503 0.04170 0.04851 0.05040 0.05980 0.06554 0.06260 0.05402 0.04079 0.03162 0.02690 0.01148 0.00473 0.00329 0.00205 
202	3	0.00001 0.00324 0.02310 0.03978 0.04956 0.05139 0.05062 0.03827 0.02647 0.02244 0.03952 0.04167 0.00449 0.00099 0.00066 0.00016 0.00017 0.00538 0.03110 0.06461 0.08087 0.08171 0.07366 0.05855 0.04836 0.04776 0.05200 0.04349 0.01467 0.00358 0.00122 0.00049 
203	3	0.00000 0.00193 0.01237 0.05428 0.05710 0.04300 0.04930 0.03942 0.03018 0.02656 0.02985 0.03853 0.01371 0.00250 0.00064 0.00078 0.00020 0.00422 0.02392 0.06538 0.08434 0.07257 0.06853 0.05893 0.05331 0.05150 0.04792 0.04232 0.01827 0.00545 0.00208 0.00092 
204	3	0.00000 0.00000 0.00126 0.00187 0.01464 0.02824 0.03749 0.09090 0.10236 0.10857 0.09837 0.04013 0.00913 0.00265 0.00057 0.00010 0.00019 0.00070 0.00460 0.00832 0.01632 0.02585 0.03664 0.05965 0.07364 0.07430 0.07204 0.05184 0.02220 0.01181 0.00498 0.00064 
205	3	0.00002 0.01076 0.05891 0.18036 0.02376 0.00333 0.00120 0.00294 0.00041 0.00014 0.00045 0.00025 0.00021 0.00031 0.00058 0.00018 0.00082 0.02263 0.13028 0.24432 0.10600 0.03621 0.02319 0.02414 0.02062 0.01941 0.02028 0.01837 0.01701 0.01476 0.01237 0.00577 
206	3	0.00000 0.00635 0.05131 0.18153 0.05122 0.01031 0.00408 0.00498 0.00057 0.00046 0.00082 0.00074 0.00073 0.00072 0.00110 0.00024 0.00010 0.01163 0.06380 0.21037 0.15518 0.04627 0.03038 0.02840 0.02345 0.02149 0.02208 0.02196 0.01819 0.01530 0.01148 0.00472 
207	3	0.00000 0.01027 0.03825 0.12630 0.02485 0.01978 0.01345 0.02083 0.02313 0.02891 0.02692 0.01839 0.00828 0.00083 0.00000 0.00002 0.00032 0.01581 0.08390 0.19244 0.10932 0.04753 0.03535 0.03585 0.03017 0.02623 0.02133 0.01536 0.01076 0.00757 0.00537 0.00249 
208	3	0.00000 0.00000 0.00153 0.00365 0.00543 0.00414 0.00734 0.00901 0.01625 0.02660 0.04954 0.06519 0.12727 0.07338 0.00317 0.00000 0.00001 0.00012 0.00337 0.01026 0.01398 0.01792 0.02533 0.03429 0.04803 0.06366 0.08309 0.10070 0.12170 0.07302 0.01187 0.00013 
209	3	0.00000 0.00008 0.01186 0.01102 0.01174 0.01261 0.02610 0.05058 0.03925 0.02603 0.03895 0.05445 0.05147 0.04611 0.00324 0.00004 0.00001 0.00095 0.00951 0.02294 0.03420 0.04167 0.05143 0.06160 0.06047 0.05955 0.07159 0.07861 0.07181 0.04334 0.00865 0.00012 
210	4	0.00000 0.00057 0.00165 0.00078 0.00629 0.01010 0.01422 0.01217 0.01041 0.00476 0.09074 0.13917 0.00414 0.31275 0.01042 0.01958 0.00045 0.00133 0.00503 0.00953 0.02621 0.04949 0.05735 0.04241 0.02394 0.01296 0.02780 0.03743 0.01595 0.02072 0.02060 0.01105 
211	4	0.00004 0.00092 0.00049 0.00059 0.00212 0.00192 0.00213 0.00729 0.01137 0.04388 0.17458 0.04332 0.01742 0.34338 0.00791 0.00919 0.00064 0.00092 0.00452 0.00757 0.01267 0.01371 0.01411 0.01936 0.02580 0.04444 0.07064 0.04363 0.02517 0.02492 0.01764 0.00771 
212	4	0.00000 0.00000 0.00001 0.00014 0.00207 0.00112 0.00350 0.00755 0.01182 0.07008 0.13754 0.03220 0.02955 0.35716 0.00719 0.00970 0.00007 0.00013 0.00100 0.00194 0.00505 0.00860 0.01530 0.02800 0.03609 0.05928 0.06937 0.03486 0.02124 0.02295 0.01777 0.00871 
213	4	0.00058 0.00010 0.00014 0.00000 0.00001 0.00001 0.00001 0.01245 0.08177 0.04797 0.04152 0.04369 0.09147 0.04231 0.15205 0.03656 0.00402 0.00491 0.00919 0.00544 0.00575 0.00722 0.01034 0.03085 0.08871 0.11308 0.07013 0.03656 0.02829 0.01537 0.01271 0.00678 
214	4	0.00000 0.00000 0.00027 0.00004 0.00013 0.00037 0.00096 0.00455 0.00804 0.00589 0.08898 0.05864 0.07688 0.24979 0.03537 0.01342 0.00026 0.00073 0.00467 0.00735 0.01354 0.01911 0.02957 0.04776 0.05712 0.05865 0.06753 0.04873 0.04567 0.03016 0.01800 0.00781 
215	4	0.00000 0.00000 0.00002 0.00002 0.00012 0.00035 0.00101 0.00346 0.00558 0.00492 0.02511 0.06775 0.10056 0.25783 0.03296 0.01641 0.00020 0.00056 0.00377 0.00646 0.01263 0.02255 0.03716 0.05734 0.06837 0.06745 0.05766 0.04407 0.04052 0.02969 0.02451 0.01095 
216	4	0.00000 0.00000 0.00006 0.00002 0.00012 0.00012 0.00051 0.00087 0.00160 0.01645 0.05254 0.11940 0.19076 0.23834 0.02560 0.01052 0.00026 0.00057 0.00355 0.00541 0.00998 0.01497 0.02001 0.02658 0.02860 0.04785 0.05330 0.03501 0.04285 0.03222 0.01548 0.00646 
217	4	0.00000 0.00000 0.00000 0.00000 0.00000 0.00000 0.00000 0.00001 0.00002 0.00023 0.00751 0.07927 0.36632 0.15541 0.06409 0.01252 0.00013 0.00034 0.00144 0.00136 0.00220 0.00292 0.00391 0.00524 0.00751 0.01174 0.02980 0.06428 0.07871 0.05823 0.03534 0.01143 
218	4	0.00000 0.00000 0.00000 0.00033 0.00131 0.00602 0.00706 0.01927 0.05553 0.15943 0.20270 0.24042 0.02342 0.03891 0.00679 0.00249 0.00002 0.00003 0.00015 0.00058 0.00202 0.00379 0.00507 0.00905 0.01945 0.03541 0.04375 0.04139 0.03310 0.02490 0.01308 0.00452 
219	4	0.00000 0.00000 0.00002 0.00002 0.00010 0.00004 0.00011 0.00073 0.00499 0.02505 0.17760 0.26641 0.05465 0.05865 0.03184 0.00665 0.00002 0.00010 0.00132 0.00310 0.00714 0.01225 0.02125 0.04062 0.06427 0.05339 0.04666 0.04405 0.02827 0.02434 0.01891 0.00743 
220	4	0.00000 0.00000 0.00137 0.00080 0.00169 0.00074 0.00037 0.00013 0.00209 0.00640 0.00847 0.11290 0.21595 0.07492 0.08513 0.01633 0.00038 0.00081 0.00632 0.01141 0.01688 0.01278 0.00802 0.00656 0.02485 0.06014 0.07576 0.07582 0.06468 0.04492 0.04768 0.01567 
221	4	0.00000 0.00000 0.00000 0.00000 0.00000 0.00024 0.00239 0.01240 0.01590 0.06599 0.13222 0.04779 0.07204 0.18640 0.07575 0.01616 0.00001 0.00002 0.00016 0.00054 0.00197 0.00649 0.01945 0.04699 0.05935 0.05132 0.04973 0.02776 0.03383 0.04297 0.02644 0.00567 
222	4	0.00000 0.00000 0.00040 0.00039 0.00120 0.00074 0.00520 0.01270 0.02644 0.06344 0.13018 0.04887 0.08510 0.10691 0.04273 0.01181 0.00041 0.00097 0.00527 0.00887 0.01537 0.01782 0.03022 0.05508 0.07550 0.07059 0.04535 0.02989 0.03392 0.03541 0.02704 0.01221 
223	4	0.00000 0.00142 0.01634 0.00782 0.00297 0.00595 0.00032 0.05518 0.05080 0.01643 0.03665 0.07626 0.16981 0.10873 0.09923 0.02479 0.00000 0.00321 0.01441 0.01337 0.00476 0.00490 0.00452 0.02170 0.02595 0.01643 0.03183 0.05301 0.05337 0.04408 0.02853 0.00723 
224	4	0.00000 0.00000 0.00006 0.00000 0.00002 0.00002 0.00007 0.00317 0.01140 0.02750 0.02228 0.05480 0.12013 0.11432 0.08166 0.02499 0.00031 0.00070 0.00263 0.00277 0.00489 0.00852 0.01402 0.03124 0.06236 0.09162 0.11707 0.09405 0.03465 0.02916 0.03068 0.01493 
225	4	0.00003 0.00004 0.00350 0.00487 0.00060 0.00085 0.00077 0.00565 0.00835 0.08201 0.37411 0.01628 0.01126 0.04317 0.05438 0.01237 0.00054 0.00130 0.00947 0.01205 0.01001 0.01319 0.01759 0.03163 0.03982 0.04174 0.03925 0.02735 0.03377 0.04849 0.04197 0.01362 
226	4	0.00006 0.00000 0.00017 0.00003 0.00029 0.00064 0.00155 0.00555 0.01731 0.03779 0.05232 0.03657 0.23564 0.19044 0.02095 0.00472 0.00081 0.00082 0.00353 0.00480 0.00918 0.01410 0.02137 0.03460 0.04603 0.05446 0.06305 0.04749 0.03592 0.02930 0.02213 0.00835 
227	4	0.00000 0.00000 0.00020 0.00067 0.00306 0.00095 0.00142 0.01063 0.00799 0.00629 0.00479 0.08085 0.16551 0.03774 0.10393 0.02215 0.00005 0.00025 0.00295 0.00652 0.01232 0.01622 0.02833 0.05869 0.07033 0.06254 0.04909 0.04682 0.05241 0.06476 0.06423 0.01834 
228	4	0.00000 0.00000 0.00008 0.00007 0.00069 0.00313 0.00433 0.00426 0.00586 0.02522 0.01230 0.00099 0.07318 0.14467 0.02617 0.12152 0.00051 0.00085 0.00461 0.00927 0.02704 0.05360 0.06579 0.06228 0.06473 0.08970 0.07975 0.03316 0.02414 0.02376 0.01864 0.01968 
229	4	0.00000 0.00004 0.00025 0.00006 0.00055 0.00123 0.00310 0.00311 0.00250 0.01404 0.05995 0.00441 0.01017 0.07930 0.05972 0.05874 0.00059 0.00159 0.00524 0.00875 0.02230 0.04033 0.05866 0.06240 0.06776 0.10164 0.12686 0.08561 0.05825 0.03347 0.01966 0.00970 
230	4	0.00000 0.00002 0.00132 0.00058 0.00521 0.00680 0.00899 0.00663 0.00207 0.00950 0.25432 0.02396 0.04847 0.21812 0.00513 0.01026 0.00061 0.00120 0.00650 0.01088 0.02240 0.03833 0.04278 0.03109 0.01591 0.03470 0.08949 0.04665 0.02007 0.01830 0.01296 0.00673 
231	4	0.00002 0.00007 0.00059 0.00002 0.00014 0.00025 0.00116 0.00253 0.00614 0.00710 0.08494 0.01833 0.10028 0.10534 0.09470 0.02683 0.00105 0.00164 0.00483 0.00544 0.01092 0.02091 0.03671 0.04317 0.02936 0.02431 0.06565 0.08001 0.09182 0.05624 0.05577 0.02373 
232	4	0.00000 0.00000 0.00000 0.00000 0.00001 0.00002 0.00006 0.00062 0.00281 0.01925 0.04376 0.03691 0.02516 0.17474 0.02595 0.11506 0.00031 0.00074 0.00273 0.00291 0.00570 0.01107 0.02149 0.04190 0.07575 0.10462 0.13331 0.07864 0.02010 0.02172 0.02014 0.01452 
233	4	0.00007 0.00004 0.00009 0.00003 0.00013 0.00060 0.00096 0.00207 0.00138 0.00101 0.07445 0.04286 0.02909 0.05092 0.09022 0.10063 0.00088 0.00111 0.00332 0.00452 0.01253 0.02581 0.04117 0.05507 0.06106 0.07456 0.11574 0.10882 0.05823 0.02370 0.01255 0.00637 
234	4	0.00000 0.00000 0.00007 0.00057 0.00018 0.00017 0.00134 0.00825 0.00484 0.00505 0.00448 0.00531 0.16504 0.04759 0.04120 0.00035 0.00012 0.00032 0.00270 0.00635 0.01312 0.02717 0.06615 0.11758 0.11253 0.09267 0.07798 0.06700 0.06923 0.04026 0.01785 0.00450 
235	4	0.00000 0.00000 0.00005 0.00015 0.00133 0.00295 0.00276 0.00567 0.00459 0.00234 0.05215 0.14817 0.08897 0.06971 0.04567 0.00033 0.00074 0.00099 0.00623 0.01221 0.03038 0.04669 0.05779 0.06862 0.06242 0.05185 0.06683 0.07306 0.04772 0.02865 0.01662 0.00435 
236	4	0.00000 0.00000 0.00004 0.00006 0.00064 0.00314 0.00487 0.00451 0.01517 0.04689 0.19360 0.00704 0.22591 0.14835 0.00675 0.01171 0.00045 0.00091 0.00311 0.00509 0.01228 0.02195 0.02767 0.02602 0.02142 0.04567 0.07512 0.02616 0.02074 0.02219 0.01451 0.00803 
237	4	0.00000 0.00000 0.00007 0.00002 0.00030 0.00084 0.00172 0.00448 0.00603 0.04318 0.15714 0.08892 0.02675 0.31168 0.00576 0.01051 0.00067 0.00098 0.00387 0.00502 0.01037 0.01625 0.02190 0.02619 0.03070 0.04874 0.07172 0.05404 0.01895 0.01794 0.01120 0.00406 
238	4	0.00000 0.00000 0.00000 0.00020 0.30495 0.24558 0.00192 0.00092 0.00330 0.00686 0.00107 0.00156 0.00243 0.01015 0.04264 0.00000 0.00002 0.00023 0.00142 0.00602 0.02238 0.03964 0.03996 0.04038 0.03384 0.02918 0.02756 0.02135 0.02728 0.04527 0.04315 0.00073 
239	4	0.02045 0.33662 0.01542 0.01164 0.01549 0.02170 0.05527 0.18141 0.19490 0.00396 0.00110 0.00076 0.00073 0.00041 0.00011 0.00000 0.00465 0.01278 0.00966 0.00858 0.00732 0.00910 0.01332 0.02512 0.02395 0.01112 0.00657 0.00391 0.00219 0.00132 0.00036 0.00006 
240	4	0.00000 0.00000 0.00000 0.08878 0.14990 0.08316 0.04205 0.20111 0.26071 0.00471 0.00135 0.00100 0.00040 0.00192 0.00000 0.00000 0.00000 0.00000 0.00001 0.00748 0.01406 0.01077 0.01013 0.04240 0.04581 0.01461 0.00812 0.00542 0.00350 0.00223 0.00035 0.00002 
241	4	0.00000 0.00000 0.00067 0.00811 0.00547 0.00362 0.00283 0.03373 0.12133 0.11394 0.07347 0.03735 0.01376 0.02431 0.00973 0.00007 0.00001 0.00016 0.00494 0.02138 0.03025 0.03285 0.03304 0.04422 0.06410 0.06688 0.04799 0.04998 0.06010 0.06549 0.02805 0.00215 
242	4	0.00000 0.00000 0.00141 0.00230 0.00285 0.00215 0.02497 0.12572 0.10837 0.10778 0.04496 0.01461 0.01497 0.02580 0.00889 0.00007 0.00002 0.00031 0.00405 0.01283 0.02013 0.02295 0.03045 0.04711 0.06313 0.05531 0.04245 0.05443 0.06690 0.06520 0.02765 0.00220 
243	4	0.00000 0.00000 0.00002 0.00002 0.00003 0.21842 0.06112 0.09375 0.02920 0.02533 0.01512 0.02813 0.04318 0.03596 0.00768 0.00005 0.00002 0.00032 0.00115 0.00247 0.00335 0.01614 0.02320 0.02313 0.02345 0.03867 0.05894 0.07499 0.08959 0.06232 0.02262 0.00161 
244	4	0.00000 0.00000 0.00001 0.00002 0.00012 0.31590 0.07798 0.03137 0.06575 0.05150 0.02910 0.04387 0.04150 0.04775 0.00385 0.00007 0.00001 0.00020 0.00055 0.00094 0.00135 0.01309 0.01527 0.02316 0.03909 0.04626 0.04485 0.04697 0.03327 0.01832 0.00724 0.00061 
245	4	0.00000 0.00000 0.00220 0.00450 0.00677 0.03469 0.08553 0.09610 0.02860 0.03555 0.02185 0.01195 0.01015 0.01739 0.02638 0.00000 0.00001 0.00086 0.01130 0.02929 0.04029 0.04495 0.05522 0.06883 0.06337 0.05239 0.05508 0.05700 0.05638 0.05602 0.02654 0.00080 
246	4	0.00000 0.00000 0.00321 0.02053 0.00830 0.00463 0.06205 0.12867 0.06071 0.02248 0.00262 0.01369 0.01786 0.01362 0.00635 0.00000 0.00001 0.00042 0.01366 0.04698 0.05121 0.05350 0.05877 0.06862 0.06465 0.05014 0.03970 0.05199 0.06444 0.05311 0.01779 0.00030 
247	4	0.00000 0.00000 0.00008 0.00405 0.00326 0.00656 0.01372 0.02281 0.10507 0.15872 0.07738 0.00856 0.00342 0.01876 0.00762 0.00000 0.00001 0.00012 0.00296 0.01050 0.01929 0.03020 0.06412 0.11131 0.10785 0.06223 0.03978 0.03033 0.03134 0.04110 0.01870 0.00013 
248	4	0.00000 0.00000 0.00000 0.00033 0.00087 0.00450 0.00926 0.05426 0.12738 0.01173 0.00012 0.00178 0.03848 0.08394 0.03175 0.00000 0.00001 0.00015 0.00087 0.00667 0.02556 0.06447 0.09067 0.06923 0.04955 0.03696 0.03083 0.04155 0.07284 0.10076 0.04506 0.00040 
249	4	0.00000 0.00000 0.00019 0.00179 0.17628 0.21659 0.02330 0.01801 0.10025 0.06791 0.01952 0.01471 0.00680 0.01448 0.00180 0.00000 0.00002 0.00057 0.00420 0.01270 0.03331 0.03909 0.02932 0.02777 0.04404 0.04760 0.03157 0.02400 0.02084 0.01696 0.00630 0.00008 
250	4	0.00000 0.00000 0.00000 0.00472 0.03709 0.00750 0.00270 0.02578 0.00288 0.00005 0.00001 0.00067 0.36962 0.02480 0.05505 0.01119 0.00000 0.00043 0.00412 0.03395 0.08520 0.07620 0.05376 0.05334 0.03267 0.01368 0.01005 0.01177 0.02465 0.02469 0.02492 0.00850 
251	4	0.00000 0.00000 0.00000 0.00010 0.02744 0.00513 0.00293 0.00192 0.00313 0.00198 0.15485 0.16897 0.05729 0.00649 0.00210 0.00000 0.00000 0.00005 0.00073 0.00988 0.05055 0.05370 0.05510 0.06097 0.07058 0.05607 0.06167 0.05685 0.04892 0.03222 0.01030 0.00008 
252	4	0.00000 0.00002 0.02097 0.04570 0.00425 0.00001 0.00000 0.00001 0.00080 0.33193 0.01501 0.07916 0.06886 0.04090 0.01852 0.00004 0.00002 0.00065 0.02381 0.03871 0.01284 0.00175 0.00135 0.00152 0.00495 0.02427 0.02890 0.04912 0.07707 0.07821 0.03027 0.00035 
253	4	0.00000 0.00000 0.00000 0.00000 0.09266 0.28344 0.00154 0.00266 0.03812 0.06481 0.02487 0.01802 0.03803 0.00185 0.00018 0.00000 0.00002 0.00018 0.00062 0.00255 0.01730 0.03164 0.02086 0.02817 0.04522 0.06132 0.08123 0.07064 0.05724 0.01543 0.00137 0.00001 
254	4	0.00000 0.00000 0.00998 0.02436 0.00012 0.00000 0.00007 0.00052 0.00113 0.38673 0.06134 0.03924 0.06217 0.06405 0.01263 0.00001 0.00001 0.00036 0.00666 0.00796 0.00120 0.00055 0.00233 0.00659 0.01288 0.03105 0.03757 0.05422 0.07227 0.07572 0.02771 0.00056 
255	4	0.00000 0.00000 0.00000 0.00000 0.03918 0.05714 0.00020 0.00006 0.00035 0.09288 0.28008 0.03280 0.06977 0.06107 0.01847 0.00002 0.00000 0.00000 0.00002 0.00026 0.02331 0.02685 0.00306 0.00238 0.00618 0.01997 0.03347 0.04362 0.07102 0.08522 0.03215 0.00044 
256	4	0.00000 0.00000 0.00000 0.00000 0.00005 0.38611 0.01627 0.00157 0.01228 0.04844 0.03262 0.02298 0.03340 0.01111 0.00062 0.00000 0.00001 0.00003 0.00027 0.00117 0.00321 0.02867 0.03172 0.02401 0.03888 0.05530 0.07418 0.07406 0.06965 0.03034 0.00291 0.00012 
257	4	0.00000 0.00000 0.00005 0.01300 0.07590 0.07202 0.03383 0.02491 0.02851 0.03627 0.12025 0.14481 0.01825 0.03086 0.02578 0.00000 0.00001 0.00015 0.00163 0.01003 0.01818 0.02305 0.02917 0.03652 0.03705 0.03352 0.03873 0.03710 0.03417 0.04510 0.03009 0.00102 
258	4	0.00000 0.00000 0.00000 0.00075 0.00910 0.00800 0.00223 0.00332 0.00331 0.00186 0.26192 0.14469 0.00398 0.00772 0.00249 0.00000 0.00001 0.00003 0.00051 0.00644 0.02266 0.02687 0.03956 0.06900 0.08419 0.07152 0.06367 0.05928 0.04808 0.04419 0.01444 0.00019 
259	4	0.00000 0.00000 0.00001 0.00369 0.00607 0.00135 0.00133 0.00372 0.00348 0.00521 0.19978 0.17597 0.02824 0.00641 0.00837 0.00010 0.00000 0.00009 0.00167 0.01681 0.03331 0.03628 0.04137 0.06319 0.06204 0.05902 0.06248 0.05675 0.04176 0.04766 0.03162 0.00220 
260	4	0.00000 0.00000 0.00000 0.00018 0.00425 0.00121 0.00034 0.00097 0.00219 0.00463 0.17276 0.22457 0.03582 0.00283 0.01210 0.00005 0.00001 0.00014 0.00100 0.00732 0.02400 0.02851 0.03134 0.04960 0.06786 0.06580 0.06899 0.05645 0.04458 0.04832 0.04088 0.00330 
261	4	0.00000 0.00050 0.02351 0.02757 0.01141 0.00190 0.00104 0.00069 0.00187 0.01225 0.37422 0.00959 0.00740 0.00711 0.01601 0.00186 0.00001 0.00241 0.02570 0.06738 0.07239 0.04285 0.03721 0.03155 0.03281 0.03496 0.03855 0.03072 0.02578 0.02869 0.02413 0.00790 
262	4	0.00000 0.00184 0.00820 0.01111 0.00409 0.00257 0.00141 0.00384 0.00426 0.01072 0.06154 0.30225 0.00248 0.00550 0.00194 0.00017 0.00003 0.00260 0.02016 0.03576 0.03563 0.03715 0.04646 0.07422 0.08333 0.07075 0.05910 0.04344 0.02822 0.02640 0.01272 0.00210 
263	4	0.00000 0.00000 0.00080 0.00528 0.00668 0.00340 0.00701 0.00342 0.00302 0.00124 0.03057 0.16637 0.18043 0.00176 0.00096 0.00007 0.00000 0.00024 0.00761 0.02898 0.05367 0.06877 0.09192 0.08503 0.07427 0.04661 0.04449 0.03520 0.03048 0.01332 0.00669 0.00167 
264	4	0.00000 0.00012 0.00232 0.01046 0.00148 0.00000 0.00002 0.00015 0.00041 0.44176 0.03986 0.06570 0.07953 0.03703 0.01455 0.00001 0.00001 0.00032 0.00322 0.00872 0.00479 0.00073 0.00080 0.00214 0.00506 0.02875 0.03957 0.04826 0.06990 0.06605 0.02783 0.00042 
265	4	0.00000 0.00000 0.00000 0.00000 0.00783 0.40042 0.02767 0.00108 0.03223 0.05642 0.01349 0.02012 0.02668 0.00944 0.00021 0.00000 0.00001 0.00005 0.00040 0.00160 0.00806 0.03122 0.03221 0.02263 0.03752 0.05159 0.05932 0.07397 0.05992 0.02404 0.00174 0.00015 
266	4	0.00000 0.00000 0.00000 0.00000 0.00002 0.03099 0.40712 0.00281 0.00252 0.05963 0.08869 0.02282 0.03082 0.01862 0.00027 0.00001 0.00001 0.00001 0.00011 0.00042 0.00149 0.01049 0.02688 0.02142 0.02081 0.04598 0.06514 0.05582 0.05543 0.02875 0.00268 0.00022 
267	4	0.00000 0.00000 0.00000 0.00000 0.00362 0.37448 0.01572 0.00090 0.04004 0.07904 0.01562 0.01626 0.02049 0.01404 0.00034 0.00010 0.00003 0.00013 0.00046 0.00176 0.00774 0.03169 0.02668 0.02259 0.03511 0.05375 0.06187 0.07006 0.06142 0.03851 0.00702 0.00052 
268	4	0.00000 0.00000 0.00000 0.00004 0.00517 0.05824 0.13822 0.04008 0.02036 0.03648 0.07070 0.13102 0.03982 0.02608 0.02042 0.00000 0.00000 0.00004 0.00028 0.00196 0.01492 0.03482 0.03864 0.03765 0.04448 0.04562 0.04342 0.04276 0.03628 0.04275 0.02827 0.00148 
269	4	0.00000 0.00000 0.00001 0.00106 0.01858 0.14822 0.09746 0.02022 0.03467 0.04750 0.08897 0.08191 0.01597 0.02396 0.00967 0.00000 0.00001 0.00015 0.00112 0.00782 0.02370 0.03332 0.03704 0.04122 0.04838 0.04447 0.04306 0.03655 0.03712 0.03939 0.01755 0.00088 
270	4	0.00000 0.00000 0.00136 0.00990 0.00955 0.00744 0.00815 0.04182 0.04852 0.08071 0.03169 0.03003 0.05410 0.01913 0.01798 0.00001 0.00001 0.00018 0.00685 0.02763 0.04605 0.05285 0.06030 0.06034 0.07243 0.06160 0.04364 0.05424 0.06472 0.05902 0.02837 0.00136 
271	4	0.00000 0.00001 0.00646 0.00551 0.00586 0.00452 0.00678 0.04708 0.05631 0.08177 0.03102 0.02270 0.05034 0.01809 0.01847 0.00000 0.00004 0.00143 0.01737 0.03226 0.04308 0.04876 0.05531 0.05924 0.07385 0.06086 0.04632 0.04985 0.06367 0.06121 0.03053 0.00129 
272	4	0.00000 0.00010 0.00521 0.00540 0.00392 0.00210 0.08763 0.07474 0.12141 0.03251 0.01228 0.00891 0.01383 0.01408 0.00329 0.00000 0.00005 0.00206 0.01746 0.03249 0.03365 0.03528 0.04788 0.07201 0.08056 0.05311 0.04810 0.05875 0.06787 0.05030 0.01477 0.00025 
273	4	0.00000 0.00000 0.00002 0.00881 0.00780 0.00585 0.00297 0.08214 0.06813 0.08508 0.04989 0.01726 0.04024 0.01915 0.01066 0.00001 0.00001 0.00005 0.00182 0.02245 0.03981 0.04642 0.04749 0.06027 0.06418 0.06764 0.04988 0.04967 0.06234 0.05990 0.02831 0.00174 
274	4	0.00000 0.00000 0.00000 0.12967 0.26270 0.05802 0.01570 0.01421 0.02353 0.03418 0.11691 0.00850 0.00265 0.00529 0.01409 0.00000 0.00002 0.00010 0.00067 0.01100 0.02040 0.02500 0.02765 0.02912 0.03315 0.03693 0.03237 0.02587 0.02082 0.02584 0.02250 0.00310 
275	4	0.00000 0.00000 0.00000 0.00021 0.01810 0.07185 0.01341 0.00326 0.00509 0.00537 0.01315 0.19435 0.15659 0.01722 0.04799 0.00000 0.00000 0.00002 0.00012 0.00239 0.01243 0.02837 0.02862 0.01832 0.02860 0.04816 0.06477 0.06918 0.05402 0.05249 0.04332 0.00258 
276	4	0.00000 0.00000 0.00000 0.00663 0.00521 0.00050 0.00307 0.00083 0.00061 0.00075 0.00050 0.02125 0.47445 0.21403 0.02986 0.00000 0.00002 0.00004 0.00066 0.00406 0.00517 0.00813 0.01426 0.01469 0.01440 0.01685 0.01905 0.03052 0.06072 0.04769 0.00600 0.00003 
277	4	0.00000 0.00000 0.00000 0.00002 0.01930 0.07007 0.00040 0.00285 0.00550 0.01107 0.26024 0.08810 0.01922 0.05679 0.01352 0.00000 0.00001 0.00000 0.00005 0.00040 0.00664 0.00975 0.00715 0.02174 0.04668 0.06393 0.08126 0.06118 0.05028 0.06928 0.03432 0.00021 
278	4	0.00000 0.00000 0.00000 0.06930 0.05357 0.00067 0.00322 0.00432 0.01540 0.18139 0.11037 0.01683 0.02207 0.05136 0.00527 0.00000 0.00001 0.00012 0.00039 0.00872 0.01014 0.00772 0.02081 0.03889 0.06217 0.07091 0.05871 0.04217 0.05398 0.06558 0.02581 0.00010 
279	4	0.00000 0.00000 0.00000 0.00208 0.17723 0.09930 0.00021 0.00035 0.00072 0.10349 0.20432 0.04382 0.01394 0.01397 0.00391 0.00002 0.00002 0.00008 0.00040 0.00643 0.04789 0.04208 0.00631 0.00784 0.01500 0.03678 0.05230 0.04652 0.03958 0.02675 0.00847 0.00019 
280	5	0.00000 0.00002 0.00007 0.00137 0.00440 0.01035 0.01245 0.00978 0.01101 0.02725 0.04641 0.09187 0.16312 0.14360 0.07184 0.01508 0.00006 0.00046 0.00181 0.00915 0.02520 0.04459 0.05125 0.04440 0.03258 0.02975 0.03307 0.03839 0.04149 0.02596 0.01077 0.00247 
281	5	0.00011 0.00851 0.01374 0.04820 0.03644 0.02587 0.01296 0.01375 0.02027 0.03166 0.04106 0.01660 0.01344 0.01063 0.01932 0.00125 0.00097 0.01144 0.03285 0.07048 0.09601 0.09456 0.07194 0.05345 0.04329 0.04384 0.03836 0.03329 0.03265 0.03220 0.02556 0.00528 
282	5	0.00000 0.00000 0.00049 0.00285 0.00235 0.00659 0.01895 0.01493 0.01500 0.00831 0.01254 0.02207 0.03722 0.03902 0.06582 0.01118 0.00002 0.00035 0.00380 0.01464 0.02907 0.05539 0.09430 0.09447 0.08673 0.06678 0.06130 0.06639 0.06715 0.05490 0.03702 0.01037 
283	5	0.00000 0.00032 0.00602 0.00304 0.00237 0.00340 0.01291 0.03016 0.04356 0.04321 0.05425 0.12108 0.14735 0.15306 0.05519 0.00035 0.00000 0.00135 0.00582 0.00769 0.00809 0.00961 0.01446 0.02194 0.03071 0.03560 0.04107 0.04847 0.04955 0.03608 0.01294 0.00035 
284	5	0.00000 0.00157 0.00722 0.00525 0.01211 0.01907 0.01771 0.02097 0.02453 0.04297 0.05491 0.07711 0.09820 0.12947 0.09332 0.00175 0.00007 0.00312 0.00857 0.01047 0.01489 0.01812 0.02152 0.02565 0.03108 0.03965 0.04554 0.05020 0.05305 0.04677 0.02252 0.00258 
285	5	0.00000 0.00082 0.00512 0.00400 0.00172 0.00519 0.00340 0.00459 0.00368 0.00845 0.16804 0.10408 0.08220 0.14592 0.21317 0.00034 0.00006 0.00224 0.01077 0.01502 0.01374 0.01725 0.01974 0.02090 0.01775 0.01830 0.02887 0.02571 0.02287 0.02092 0.01420 0.00092 
286	5	0.00000 0.00045 0.00757 0.01632 0.04949 0.02370 0.02015 0.00801 0.00565 0.00404 0.00457 0.00825 0.01466 0.08604 0.21602 0.02067 0.00007 0.00287 0.02075 0.05415 0.09319 0.08949 0.07526 0.04476 0.03080 0.02170 0.01476 0.01186 0.01362 0.01876 0.01691 0.00545 
287	5	0.00000 0.00006 0.00065 0.00406 0.00322 0.01108 0.02239 0.01528 0.02297 0.03459 0.03999 0.03602 0.04755 0.03731 0.03577 0.01165 0.00010 0.00097 0.00401 0.01382 0.02321 0.05118 0.07713 0.07568 0.08304 0.09789 0.08964 0.06036 0.04305 0.03381 0.02001 0.00350 
288	5	0.00000 0.00000 0.00003 0.00012 0.00069 0.00095 0.00180 0.00610 0.01613 0.02841 0.05917 0.07822 0.09832 0.06561 0.03969 0.00690 0.00015 0.00023 0.00147 0.00303 0.00736 0.01362 0.02307 0.03994 0.06723 0.08243 0.10015 0.11403 0.08988 0.03945 0.01361 0.00220 
289	5	0.00000 0.00027 0.00028 0.00136 0.00542 0.00197 0.00137 0.00183 0.01669 0.03067 0.08897 0.07700 0.14658 0.19455 0.14985 0.01859 0.00006 0.00058 0.00190 0.00443 0.00707 0.00542 0.00450 0.00420 0.00842 0.01900 0.03500 0.04609 0.05233 0.05048 0.02339 0.00171 
290	5	0.00000 0.00013 0.00027 0.00203 0.00538 0.00256 0.00103 0.00205 0.01662 0.04671 0.08373 0.08362 0.14116 0.22238 0.10906 0.01430 0.00006 0.00047 0.00161 0.00484 0.00657 0.00556 0.00387 0.00417 0.00949 0.02274 0.04070 0.04835 0.05328 0.04735 0.01842 0.00148 
291	5	0.00013 0.00122 0.00350 0.00998 0.01620 0.05783 0.08878 0.06223 0.07387 0.05631 0.05890 0.04356 0.04252 0.03557 0.01773 0.00257 0.00039 0.00186 0.00411 0.00803 0.01317 0.02666 0.04465 0.05039 0.05152 0.05094 0.05005 0.04744 0.04081 0.02581 0.01083 0.00240 
292	5	0.00000 0.00001 0.00024 0.00120 0.00197 0.00986 0.00756 0.00679 0.00982 0.02395 0.03981 0.04335 0.08385 0.16477 0.15905 0.06864 0.00002 0.00035 0.00190 0.00688 0.01309 0.02148 0.02262 0.02754 0.03299 0.03595 0.03610 0.04245 0.04936 0.05124 0.03038 0.00679 
293	5	0.00012 0.00173 0.00478 0.01437 0.01326 0.06565 0.14118 0.07641 0.05503 0.06693 0.03757 0.05145 0.04043 0.03567 0.02075 0.00131 0.00019 0.00151 0.00403 0.00811 0.00932 0.02471 0.04554 0.04674 0.04257 0.04283 0.04219 0.04018 0.03226 0.02118 0.01018 0.00182 
294	5	0.00000 0.00141 0.00150 0.01891 0.02790 0.07488 0.06748 0.04769 0.07061 0.05983 0.06888 0.04497 0.05911 0.04277 0.01993 0.00020 0.00001 0.00057 0.00086 0.00662 0.01477 0.02662 0.03655 0.03940 0.04772 0.05357 0.05453 0.04655 0.03532 0.02088 0.00918 0.00077 
295	5	0.00000 0.00058 0.00107 0.00501 0.01260 0.04456 0.05761 0.07849 0.06865 0.08125 0.07080 0.03872 0.05569 0.04849 0.01710 0.00239 0.00015 0.00163 0.00526 0.01291 0.02466 0.03978 0.05252 0.06200 0.06076 0.05555 0.04093 0.02620 0.01855 0.01081 0.00446 0.00082 
296	5	0.00000 0.00000 0.00001 0.00001 0.00059 0.00106 0.00166 0.00439 0.00887 0.03241 0.10293 0.13810 0.09667 0.07780 0.05993 0.02110 0.00002 0.00006 0.00040 0.00106 0.00376 0.00745 0.01332 0.02174 0.03048 0.05214 0.09400 0.10497 0.07418 0.03318 0.01416 0.00354 
297	5	0.00000 0.00024 0.00082 0.00445 0.00520 0.00380 0.00792 0.02095 0.03642 0.06121 0.12665 0.11508 0.18270 0.08737 0.03020 0.00437 0.00007 0.00185 0.00518 0.00937 0.01112 0.01016 0.01390 0.02012 0.02538 0.03388 0.04836 0.05304 0.04612 0.02591 0.00729 0.00084 
298	5	0.00000 0.00029 0.00235 0.00441 0.00817 0.01925 0.04025 0.06020 0.04846 0.06118 0.07583 0.05787 0.06903 0.05993 0.03563 0.00745 0.00004 0.00107 0.00737 0.01518 0.02314 0.03792 0.04895 0.05843 0.05809 0.05452 0.04985 0.03792 0.02851 0.01829 0.00829 0.00213 
299	5	0.00000 0.00000 0.00158 0.00212 0.00201 0.00644 0.00517 0.00710 0.00817 0.01129 0.02823 0.05189 0.07334 0.08241 0.03185 0.00005 0.00000 0.00010 0.00273 0.00605 0.01052 0.02317 0.03005 0.03950 0.04305 0.05548 0.08775 0.12528 0.13335 0.09902 0.03160 0.00066 
300	5	0.00000 0.00000 0.00010 0.00226 0.00537 0.01189 0.00590 0.00762 0.00860 0.00934 0.02072 0.03520 0.04404 0.06052 0.03302 0.00005 0.00001 0.00014 0.00129 0.00643 0.01884 0.04064 0.04654 0.05855 0.06588 0.07383 0.10003 0.11826 0.11358 0.08358 0.02688 0.00089 
301	5	0.00000 0.00000 0.00010 0.00063 0.00236 0.00337 0.01149 0.02794 0.02334 0.02338 0.02441 0.03573 0.04621 0.06534 0.08683 0.05210 0.00000 0.00007 0.00176 0.00532 0.01127 0.02476 0.05702 0.09691 0.10225 0.08189 0.05486 0.04140 0.04014 0.03972 0.02909 0.01028 
302	5	0.00000 0.00046 0.00124 0.00114 0.00189 0.00720 0.00542 0.01300 0.04065 0.06123 0.08354 0.10407 0.10135 0.12361 0.10749 0.01918 0.00003 0.00051 0.00170 0.00394 0.00976 0.01580 0.01380 0.01920 0.03007 0.04233 0.04940 0.04700 0.04183 0.03287 0.01709 0.00320 
303	5	0.00000 0.00005 0.00006 0.00014 0.00087 0.00368 0.01874 0.05309 0.09002 0.11128 0.09201 0.08994 0.08221 0.11232 0.07783 0.01751 0.00002 0.00036 0.00089 0.00174 0.00382 0.00662 0.01368 0.02503 0.03968 0.04095 0.03183 0.02712 0.02263 0.01958 0.01236 0.00391 
304	5	0.00007 0.00021 0.00043 0.00093 0.00819 0.00305 0.00820 0.00554 0.03723 0.09947 0.06171 0.07635 0.07798 0.08801 0.10905 0.01925 0.00036 0.00097 0.00257 0.00589 0.01531 0.01954 0.02816 0.03308 0.05030 0.06858 0.05746 0.03812 0.02967 0.02734 0.01927 0.00771 
305	5	0.00000 0.00000 0.00000 0.00001 0.00017 0.00108 0.00489 0.02905 0.07840 0.10674 0.06681 0.02322 0.02465 0.03289 0.03775 0.00375 0.00000 0.00000 0.00009 0.00076 0.00524 0.01650 0.04252 0.08748 0.13711 0.14138 0.07804 0.02615 0.02008 0.01996 0.01261 0.00267 
306	5	0.00000 0.00000 0.00002 0.00793 0.02594 0.01538 0.00494 0.00304 0.00275 0.00483 0.00637 0.00662 0.01193 0.02936 0.03460 0.01957 0.00001 0.00024 0.00406 0.02900 0.08585 0.10717 0.08867 0.08674 0.08124 0.08223 0.07721 0.06298 0.04638 0.03878 0.02759 0.00855 
307	5	0.00000 0.00000 0.00000 0.00000 0.00013 0.00209 0.00169 0.00180 0.00219 0.00424 0.00620 0.00724 0.00477 0.00302 0.00880 0.01919 0.00001 0.00004 0.00034 0.00130 0.00779 0.02805 0.04916 0.07179 0.09633 0.12741 0.17295 0.16623 0.11275 0.05462 0.03471 0.01515 
308	5	0.00000 0.00000 0.00062 0.01525 0.00550 0.00533 0.00432 0.00188 0.00173 0.00192 0.00245 0.00166 0.00137 0.00183 0.00425 0.00377 0.00001 0.00028 0.01227 0.06175 0.08142 0.10372 0.10411 0.09249 0.10647 0.10761 0.10149 0.07527 0.04985 0.02954 0.01692 0.00491 
309	5	0.00000 0.00000 0.00000 0.00007 0.00124 0.00682 0.00654 0.00413 0.00320 0.00315 0.00425 0.00301 0.00333 0.00948 0.01393 0.00364 0.00001 0.00002 0.00110 0.00605 0.03436 0.09143 0.13050 0.14745 0.14824 0.13040 0.10575 0.06011 0.03585 0.02707 0.01543 0.00344 
310	5	0.00000 0.00000 0.00000 0.00028 0.00285 0.00839 0.00519 0.00558 0.00672 0.00838 0.01314 0.01765 0.01527 0.02705 0.02131 0.00203 0.00001 0.00017 0.00117 0.00971 0.03638 0.06943 0.07759 0.08077 0.08662 0.09812 0.11292 0.11647 0.08985 0.06138 0.02254 0.00301 
311	5	0.00000 0.00000 0.00000 0.00001 0.00022 0.00318 0.00425 0.00697 0.00505 0.00781 0.01147 0.01793 0.01526 0.01626 0.00980 0.00287 0.00000 0.00001 0.00018 0.00143 0.00864 0.03215 0.06413 0.08921 0.09755 0.11262 0.13646 0.14072 0.10177 0.07142 0.03498 0.00761 
312	5	0.00000 0.00000 0.00000 0.00000 0.00012 0.00328 0.00220 0.00230 0.00245 0.00325 0.00516 0.00669 0.00142 0.00319 0.00779 0.02005 0.00000 0.00002 0.00019 0.00131 0.01185 0.04174 0.06555 0.08576 0.11169 0.14095 0.17226 0.15020 0.07170 0.04436 0.03092 0.01359 
313	5	0.00000 0.00000 0.00000 0.00053 0.00296 0.00357 0.00450 0.00435 0.00780 0.01308 0.01620 0.03472 0.05235 0.06294 0.05423 0.04361 0.00001 0.00010 0.00108 0.00641 0.02426 0.04359 0.06137 0.07106 0.08742 0.10246 0.09247 0.07640 0.05522 0.04173 0.02679 0.00878 
314	5	0.00000 0.00000 0.00004 0.00025 0.00011 0.00032 0.00163 0.00359 0.00603 0.04158 0.30270 0.19834 0.01287 0.00641 0.00388 0.02024 0.00002 0.00010 0.00052 0.00146 0.00213 0.00631 0.01468 0.02386 0.03257 0.06916 0.11693 0.07775 0.02551 0.01522 0.01095 0.00483 
315	5	0.00000 0.00000 0.00000 0.00005 0.00039 0.00190 0.00242 0.00295 0.00477 0.00557 0.00550 0.00568 0.00274 0.01066 0.02427 0.01097 0.00001 0.00002 0.00045 0.00274 0.01463 0.03711 0.06485 0.08792 0.12258 0.15902 0.16135 0.12721 0.06028 0.04527 0.03054 0.00812 
316	5	0.00000 0.00000 0.00002 0.00000 0.00003 0.00005 0.00025 0.00050 0.00274 0.00675 0.01278 0.00972 0.00402 0.00120 0.00201 0.01275 0.00005 0.00018 0.00090 0.00161 0.00473 0.01025 0.02159 0.04638 0.09864 0.16595 0.21670 0.17568 0.10503 0.05014 0.03142 0.01792 
317	5	0.00000 0.00001 0.00230 0.01283 0.02286 0.01867 0.02326 0.01527 0.01319 0.01011 0.00954 0.01055 0.01875 0.06189 0.07730 0.01064 0.00001 0.00100 0.01200 0.04629 0.08122 0.10950 0.12104 0.10140 0.07740 0.06076 0.03465 0.01697 0.01070 0.01057 0.00762 0.00169 
318	5	0.00000 0.00000 0.00000 0.00001 0.00006 0.00008 0.00023 0.00030 0.00112 0.00275 0.01165 0.00786 0.00522 0.00450 0.00375 0.01023 0.00002 0.00012 0.00052 0.00130 0.00415 0.00980 0.01907 0.03606 0.06639 0.11108 0.17825 0.18437 0.16172 0.11035 0.05394 0.01511 
319	5	0.00000 0.00000 0.00006 0.00125 0.00444 0.02059 0.01070 0.00398 0.00452 0.00784 0.01085 0.01790 0.02214 0.04687 0.03374 0.01250 0.00001 0.00030 0.00247 0.01393 0.05110 0.10664 0.11129 0.09173 0.08234 0.07967 0.07523 0.06389 0.05176 0.04491 0.02254 0.00481 
320	5	0.00000 0.00000 0.00000 0.00087 0.00441 0.01085 0.02011 0.01243 0.00713 0.00362 0.00523 0.00985 0.01030 0.02247 0.02440 0.01486 0.00000 0.00009 0.00078 0.00683 0.02940 0.07659 0.12825 0.14200 0.11836 0.08770 0.08071 0.06960 0.04405 0.03507 0.02422 0.00980 
321	5	0.00001 0.00002 0.00009 0.00076 0.00119 0.00188 0.03211 0.15803 0.21330 0.19305 0.05124 0.00791 0.01161 0.00407 0.00086 0.00002 0.00009 0.00040 0.00100 0.00324 0.00630 0.01080 0.02856 0.06044 0.07695 0.07100 0.04010 0.01250 0.00753 0.00345 0.00130 0.00020 
322	5	0.00000 0.00000 0.00000 0.00006 0.00011 0.00046 0.00095 0.00647 0.00775 0.02224 0.11220 0.18535 0.04843 0.00470 0.00110 0.00000 0.00002 0.00007 0.00015 0.00135 0.00358 0.01112 0.02545 0.06539 0.10618 0.14155 0.13732 0.08109 0.02938 0.00541 0.00200 0.00012 
323	5	0.00000 0.00006 0.00085 0.00279 0.01166 0.02293 0.06564 0.04992 0.04341 0.02570 0.01449 0.01585 0.01552 0.00902 0.02777 0.00736 0.00005 0.00070 0.00823 0.02748 0.07161 0.11455 0.14769 0.12470 0.07845 0.03533 0.02033 0.01733 0.01479 0.01298 0.00952 0.00326 
324	5	0.00000 0.00000 0.00172 0.00401 0.00666 0.02767 0.05363 0.04381 0.05533 0.03881 0.02263 0.01389 0.03783 0.05216 0.01610 0.00052 0.00005 0.00092 0.00744 0.02182 0.04340 0.09179 0.13352 0.12499 0.09595 0.04732 0.02178 0.01423 0.01161 0.00691 0.00291 0.00059 
325	5	0.00000 0.00001 0.00008 0.00068 0.00245 0.00923 0.02299 0.02361 0.02167 0.02642 0.02017 0.01327 0.01830 0.02649 0.08342 0.02760 0.00043 0.00102 0.00362 0.01002 0.03065 0.07578 0.12474 0.14170 0.12002 0.07945 0.04155 0.02180 0.01696 0.01747 0.01404 0.00434 
326	5	0.00000 0.00000 0.00020 0.00303 0.00565 0.05529 0.03303 0.03902 0.01550 0.02120 0.01935 0.00625 0.00447 0.01210 0.01486 0.01275 0.00004 0.00076 0.00447 0.02236 0.05030 0.12491 0.15434 0.13310 0.08091 0.07258 0.05228 0.02460 0.01595 0.01127 0.00692 0.00251 
327	5	0.00000 0.00000 0.00297 0.00639 0.01708 0.03074 0.01899 0.01963 0.00790 0.01845 0.02494 0.02621 0.04110 0.11143 0.10105 0.02674 0.00000 0.00021 0.01065 0.03193 0.07615 0.11296 0.10303 0.07510 0.03728 0.02619 0.01982 0.01451 0.01310 0.01387 0.00940 0.00217 
328	5	0.00000 0.00000 0.00048 0.01828 0.03355 0.02757 0.02657 0.01226 0.01006 0.01315 0.01536 0.01661 0.02356 0.03720 0.13110 0.11571 0.00000 0.00005 0.00665 0.04342 0.09168 0.09871 0.08103 0.04962 0.03593 0.02926 0.02201 0.01525 0.01080 0.00824 0.01590 0.00997 
329	5	0.00000 0.00000 0.00007 0.00015 0.00050 0.00246 0.01512 0.07026 0.10355 0.11646 0.07945 0.04203 0.05653 0.02565 0.03931 0.01337 0.00006 0.00011 0.00065 0.00152 0.00511 0.01511 0.04487 0.08697 0.09519 0.07628 0.04693 0.02335 0.01606 0.01131 0.00812 0.00343 
330	5	0.00000 0.00000 0.00001 0.00027 0.00270 0.00316 0.00540 0.00613 0.01406 0.02191 0.02580 0.04624 0.09946 0.12705 0.20172 0.03670 0.00002 0.00011 0.00078 0.00482 0.01656 0.02223 0.02480 0.02825 0.03680 0.04257 0.04675 0.05094 0.05472 0.04605 0.02776 0.00620 
331	5	0.00000 0.00000 0.00002 0.00002 0.00012 0.00018 0.00078 0.00318 0.00395 0.00537 0.00854 0.02518 0.06151 0.18567 0.28770 0.12489 0.00000 0.00013 0.00062 0.00162 0.00284 0.00486 0.00992 0.01674 0.01800 0.01707 0.02006 0.02725 0.04046 0.06317 0.05464 0.01547 
332	5	0.00000 0.00000 0.00001 0.00003 0.00026 0.00061 0.00236 0.00355 0.00957 0.01242 0.02844 0.05635 0.14545 0.20816 0.17212 0.02204 0.00001 0.00012 0.00054 0.00130 0.00347 0.00735 0.01412 0.01649 0.01997 0.02557 0.03482 0.04907 0.06956 0.06210 0.02879 0.00531 
333	5	0.00000 0.00000 0.00004 0.00006 0.00023 0.00071 0.00313 0.00406 0.00882 0.02386 0.03249 0.03021 0.03773 0.06046 0.07671 0.00568 0.00002 0.00002 0.00047 0.00145 0.00426 0.01466 0.03765 0.06741 0.11545 0.15775 0.13425 0.07120 0.04499 0.03991 0.02305 0.00326 
334	5	0.00000 0.00000 0.00018 0.00294 0.00407 0.00477 0.00558 0.00577 0.01548 0.01968 0.02002 0.03088 0.06426 0.08192 0.11501 0.01333 0.00001 0.00054 0.00525 0.02401 0.03736 0.04465 0.05455 0.06603 0.08394 0.07663 0.05033 0.04227 0.04606 0.04773 0.03072 0.00601 
335	5	0.00000 0.00000 0.00004 0.00012 0.00076 0.00252 0.00223 0.00473 0.02138 0.02420 0.03079 0.03084 0.05380 0.08785 0.12854 0.01946 0.00003 0.00032 0.00208 0.00497 0.01200 0.02584 0.03768 0.06017 0.09663 0.09327 0.06768 0.04723 0.04794 0.05212 0.03591 0.00885 
336	5	0.00000 0.00000 0.00000 0.00000 0.00004 0.00039 0.00160 0.00486 0.00689 0.00988 0.04325 0.04674 0.04086 0.06525 0.06657 0.02654 0.00000 0.00000 0.00005 0.00021 0.00144 0.00651 0.02280 0.04825 0.07285 0.10328 0.14160 0.12907 0.07946 0.04170 0.03005 0.00982 
337	5	0.00000 0.00001 0.00019 0.00207 0.00166 0.00255 0.00144 0.00207 0.00333 0.00975 0.04585 0.01668 0.00035 0.00013 0.08925 0.10549 0.00004 0.00048 0.00416 0.01661 0.02864 0.04192 0.04973 0.06459 0.08555 0.12732 0.17031 0.08008 0.01569 0.00695 0.01435 0.01274 
338	5	0.00000 0.00000 0.00000 0.00009 0.00165 0.00704 0.00748 0.01282 0.03602 0.01550 0.02252 0.02487 0.02726 0.10505 0.00503 0.00011 0.00005 0.00033 0.00190 0.00859 0.02559 0.05161 0.08171 0.10340 0.11912 0.08895 0.08234 0.07064 0.05219 0.03960 0.00804 0.00048 
339	5	0.00000 0.00000 0.00000 0.00002 0.00218 0.00403 0.00393 0.00246 0.00677 0.02625 0.03037 0.03462 0.03198 0.05407 0.03238 0.00094 0.00001 0.00001 0.00062 0.00354 0.01484 0.03367 0.05160 0.06589 0.09598 0.12999 0.11947 0.09334 0.08225 0.05350 0.02250 0.00277 
340	5	0.00005 0.00000 0.00002 0.00001 0.00024 0.00134 0.00874 0.05576 0.08010 0.03192 0.00542 0.00377 0.00622 0.00755 0.00816 0.00192 0.00011 0.00008 0.00040 0.00141 0.00706 0.02482 0.07817 0.18166 0.20277 0.11446 0.05955 0.04198 0.03510 0.02444 0.01366 0.00309 
341	5	0.00000 0.00000 0.00000 0.00000 0.01894 0.00801 0.02000 0.02163 0.04262 0.03115 0.00267 0.00198 0.00288 0.00391 0.00244 0.00004 0.00001 0.00005 0.00067 0.00312 0.01545 0.04367 0.09515 0.14285 0.16546 0.11966 0.06550 0.05835 0.05821 0.04801 0.02362 0.00394 
342	5	0.00000 0.00000 0.00000 0.00002 0.00061 0.00160 0.00656 0.01834 0.03045 0.00471 0.00367 0.00177 0.00038 0.00030 0.00022 0.00064 0.00000 0.00007 0.00095 0.00303 0.01262 0.03856 0.09293 0.17566 0.20221 0.14148 0.10875 0.06926 0.03833 0.02416 0.01618 0.00654 
343	5	0.00000 0.00000 0.00000 0.00005 0.00032 0.00124 0.00570 0.02307 0.03488 0.01086 0.00682 0.00499 0.00039 0.00019 0.00050 0.00059 0.00002 0.00035 0.00106 0.00290 0.00897 0.02843 0.07407 0.16351 0.20122 0.15345 0.11629 0.07357 0.03276 0.02560 0.01875 0.00945 
344	5	0.00000 0.00000 0.00006 0.00124 0.00252 0.00593 0.00424 0.00157 0.00288 0.00462 0.00888 0.08318 0.03897 0.00445 0.02854 0.10174 0.00001 0.00006 0.00156 0.00995 0.02430 0.04197 0.04852 0.05335 0.07686 0.08586 0.09039 0.12981 0.09390 0.03163 0.01603 0.00698 
345	5	0.00000 0.00000 0.00034 0.00062 0.00667 0.00677 0.00504 0.00338 0.00627 0.00790 0.01630 0.03656 0.01714 0.02744 0.19259 0.12127 0.00052 0.00112 0.00494 0.00975 0.02428 0.03060 0.03042 0.02947 0.03839 0.04930 0.06588 0.08108 0.06958 0.06538 0.03967 0.01132 
346	5	0.00001 0.00160 0.00386 0.01034 0.01427 0.02640 0.00691 0.00524 0.00200 0.00178 0.00847 0.02577 0.02439 0.02548 0.01280 0.20691 0.00073 0.00399 0.01213 0.03465 0.07310 0.09625 0.06825 0.06054 0.05097 0.04505 0.04210 0.04401 0.04106 0.02691 0.01293 0.01106 
347	5	0.00000 0.00000 0.00005 0.00043 0.00533 0.00431 0.00475 0.00653 0.01035 0.00920 0.01055 0.01429 0.03067 0.04578 0.00935 0.00572 0.00005 0.00016 0.00258 0.01135 0.04045 0.07200 0.09121 0.09674 0.09740 0.08757 0.08052 0.07497 0.08762 0.07295 0.02244 0.00468 
348	5	0.00000 0.00052 0.00350 0.00596 0.01814 0.02320 0.01835 0.00875 0.00484 0.00320 0.00401 0.00447 0.00447 0.00357 0.00434 0.00832 0.00004 0.00456 0.02426 0.04687 0.08662 0.12465 0.11494 0.09070 0.06928 0.06172 0.05985 0.05696 0.05091 0.04233 0.03315 0.01751 
349	5	0.00000 0.00000 0.00022 0.00079 0.00822 0.00841 0.02005 0.02631 0.04123 0.01768 0.00320 0.01998 0.11631 0.09402 0.03162 0.00744 0.00002 0.00020 0.00174 0.00617 0.01787 0.03598 0.07060 0.11070 0.14982 0.09352 0.02804 0.02065 0.02563 0.02587 0.01361 0.00407 
