350	5	32
0	1	0.00000 0.00000 0.00000 0.00004 0.00012 0.00041 0.00044 0.00036 0.03075 0.07938 0.06807 0.05534 0.23152 0.07065 0.04017 0.00285 0.00004 0.00029 0.00141 0.00383 0.00853 0.01309 0.01672 0.01707 0.02138 0.02879 0.02673 0.03626 0.13595 0.09584 0.01222 0.00175 
1	1	0.00000 0.00000 0.00000 0.00001 0.00152 0.00006 0.00001 0.00000 0.00003 0.00066 0.00153 0.00017 0.04307 0.43663 0.16148 0.05052 0.00011 0.00031 0.00174 0.00427 0.00836 0.00780 0.00806 0.00946 0.01229 0.01594 0.02059 0.02530 0.05487 0.09302 0.03604 0.00614 
2	1	0.00000 0.00000 0.00000 0.00002 0.00032 0.00044 0.00021 0.00026 0.00021 0.01426 0.10886 0.08050 0.17202 0.10372 0.08029 0.01103 0.00027 0.00078 0.00266 0.00785 0.01631 0.02122 0.02401 0.02675 0.02874 0.03415 0.04542 0.04816 0.09206 0.06715 0.01054 0.00177 
3	1	0.00000 0.00000 0.00000 0.00111 0.00336 0.00043 0.00010 0.00012 0.00019 0.00052 0.05754 0.12082 0.07339 0.14137 0.06612 0.01689 0.00000 0.00012 0.00210 0.02180 0.03542 0.03030 0.03295 0.03560 0.03930 0.04365 0.05700 0.06159 0.06384 0.06191 0.02775 0.00470 
4	1	0.00000 0.00000 0.00000 0.00005 0.00506 0.02148 0.00163 0.00010 0.00016 0.00138 0.01192 0.03229 0.01795 0.23135 0.08387 0.00097 0.00000 0.00051 0.00273 0.01185 0.05194 0.07902 0.04038 0.02972 0.03225 0.03787 0.04762 0.05621 0.06796 0.08865 0.04127 0.00377 
5	1	0.00000 0.00000 0.00000 0.00000 0.00019 0.00145 0.00025 0.00006 0.00060 0.00213 0.00077 0.00221 0.01036 0.27127 0.24985 0.00537 0.00005 0.00025 0.00152 0.00465 0.01624 0.02746 0.02445 0.02642 0.03206 0.03713 0.04198 0.04897 0.06488 0.09109 0.03671 0.00165 
6	1	0.00000 0.00000 0.00000 0.00000 0.00052 0.00166 0.00030 0.00011 0.00006 0.00011 0.00047 0.00188 0.01595 0.14308 0.36780 0.00839 0.00002 0.00031 0.00191 0.00617 0.01976 0.02923 0.02405 0.02615 0.03092 0.03394 0.04081 0.04737 0.07182 0.08264 0.04181 0.00273 
7	1	0.00000 0.00000 0.00000 0.00007 0.00176 0.00218 0.00429 0.00125 0.00033 0.00098 0.00182 0.00210 0.06640 0.30156 0.09296 0.00322 0.00009 0.00053 0.00480 0.01223 0.03082 0.03898 0.04257 0.04137 0.04091 0.04155 0.04582 0.05173 0.06535 0.06916 0.03204 0.00312 
8	1	0.00000 0.00000 0.00002 0.00007 0.00024 0.00040 0.00060 0.00267 0.05253 0.05711 0.01417 0.02751 0.08486 0.06422 0.00762 0.00192 0.00011 0.00081 0.00470 0.01041 0.01796 0.02955 0.04210 0.06171 0.10126 0.11211 0.09695 0.07493 0.06834 0.04585 0.01663 0.00263 
9	1	0.00000 0.00000 0.00000 0.00002 0.00168 0.00090 0.00021 0.00020 0.00051 0.00266 0.00334 0.00234 0.15165 0.21921 0.05161 0.03470 0.00006 0.00035 0.00319 0.00961 0.02908 0.03524 0.03156 0.03596 0.04536 0.05007 0.05851 0.06307 0.07872 0.06337 0.02197 0.00487 
10	1	0.00000 0.00000 0.00007 0.00125 0.00015 0.00007 0.00032 0.00150 0.00267 0.00567 0.02724 0.04665 0.12065 0.15335 0.16338 0.00574 0.00003 0.00039 0.00200 0.00511 0.00636 0.01010 0.01807 0.03502 0.05137 0.06650 0.08870 0.07068 0.05030 0.04391 0.02052 0.00222 
11	1	0.00000 0.00000 0.00000 0.00013 0.00164 0.00040 0.00015 0.00025 0.00205 0.00232 0.00291 0.06335 0.25901 0.13901 0.02573 0.02500 0.00010 0.00104 0.00551 0.01475 0.02906 0.02880 0.02972 0.03480 0.04422 0.04760 0.05575 0.06314 0.07028 0.03550 0.01313 0.00464 
12	1	0.00000 0.00000 0.00000 0.00003 0.00114 0.00040 0.00014 0.00017 0.00173 0.00167 0.00380 0.04856 0.23678 0.12012 0.10261 0.01905 0.00015 0.00050 0.00238 0.00757 0.02069 0.02567 0.02477 0.03010 0.03799 0.04338 0.05588 0.06437 0.07122 0.05118 0.02315 0.00477 
13	1	0.00000 0.00000 0.00002 0.00074 0.00045 0.00091 0.00032 0.00072 0.00692 0.07334 0.13584 0.12660 0.10433 0.08183 0.06150 0.08022 0.00002 0.00024 0.00207 0.00560 0.00873 0.00991 0.01098 0.01362 0.02235 0.03772 0.04954 0.05289 0.04225 0.03147 0.02586 0.01301 
14	1	0.00001 0.00035 0.00129 0.00044 0.00114 0.05416 0.08129 0.08669 0.09585 0.10529 0.07633 0.05613 0.01800 0.00797 0.00480 0.00754 0.00160 0.01279 0.02024 0.01729 0.01797 0.02917 0.04397 0.05132 0.05269 0.05213 0.04630 0.03133 0.01442 0.00642 0.00330 0.00178 
15	1	0.00000 0.00000 0.00001 0.00015 0.00070 0.00054 0.00054 0.00081 0.00240 0.02697 0.00604 0.00040 0.00008 0.08592 0.47829 0.00000 0.00011 0.00108 0.00511 0.01539 0.02687 0.03748 0.04411 0.04570 0.04236 0.04490 0.03185 0.01636 0.01677 0.03068 0.03611 0.00222 
16	1	0.00000 0.00000 0.00000 0.00001 0.00001 0.00009 0.00022 0.00315 0.04164 0.00910 0.00012 0.00006 0.04308 0.28658 0.26825 0.00197 0.00001 0.00079 0.00166 0.00355 0.00657 0.01099 0.01947 0.05704 0.09927 0.04137 0.01113 0.01080 0.01696 0.03022 0.03303 0.00285 
17	1	0.00000 0.00000 0.00002 0.00062 0.00062 0.00025 0.00020 0.00032 0.00676 0.01580 0.00034 0.00030 0.00002 0.01753 0.61309 0.00000 0.00004 0.00396 0.01050 0.02060 0.03200 0.03375 0.03306 0.03459 0.05108 0.04450 0.01468 0.01089 0.01005 0.01779 0.02580 0.00079 
18	1	0.00000 0.00001 0.00002 0.00031 0.00030 0.00020 0.00047 0.00032 0.00685 0.03939 0.00066 0.00003 0.00003 0.02605 0.50773 0.00002 0.00080 0.00586 0.01306 0.02236 0.02953 0.03260 0.03965 0.03678 0.06366 0.06938 0.01608 0.01334 0.01236 0.02680 0.03466 0.00067 
19	1	0.00000 0.00000 0.00000 0.00005 0.00002 0.00002 0.00018 0.00024 0.00075 0.00918 0.00428 0.00190 0.16759 0.12275 0.14981 0.03010 0.00020 0.00060 0.00196 0.00455 0.00838 0.01780 0.03163 0.04810 0.06990 0.08946 0.07822 0.04483 0.04490 0.03657 0.02490 0.01110 
20	1	0.00000 0.00000 0.00001 0.00002 0.00006 0.00012 0.00029 0.00049 0.00092 0.00341 0.00071 0.00041 0.00147 0.00702 0.23328 0.03390 0.00005 0.00204 0.00490 0.01226 0.02396 0.04065 0.06278 0.08490 0.10882 0.10611 0.07988 0.05478 0.04570 0.03952 0.03677 0.01476 
21	1	0.00000 0.00004 0.00227 0.00799 0.00205 0.00051 0.00058 0.00082 0.00103 0.00193 0.00382 0.00687 0.20229 0.08695 0.03794 0.00000 0.00007 0.00457 0.02166 0.03874 0.03830 0.04124 0.04455 0.05094 0.05920 0.06118 0.06921 0.06511 0.07217 0.05342 0.02399 0.00055 
22	1	0.00000 0.00000 0.00000 0.00000 0.00033 0.00035 0.00017 0.00026 0.00017 0.00097 0.00499 0.00099 0.03893 0.30429 0.26118 0.00278 0.00001 0.00012 0.00060 0.00198 0.00601 0.00977 0.01603 0.02628 0.03442 0.05350 0.06412 0.04927 0.04772 0.04759 0.02497 0.00220 
23	1	0.00000 0.00000 0.00000 0.00020 0.00041 0.00013 0.00037 0.00274 0.00498 0.00105 0.00026 0.01734 0.22695 0.12882 0.25941 0.00462 0.00017 0.00070 0.00323 0.00783 0.01246 0.01482 0.02921 0.05059 0.05975 0.04120 0.02882 0.02841 0.03105 0.02601 0.01615 0.00229 
24	1	0.00000 0.00000 0.00001 0.00110 0.00012 0.00015 0.00337 0.00577 0.00114 0.00038 0.00305 0.26354 0.13402 0.18141 0.09729 0.00588 0.00019 0.00090 0.00440 0.00947 0.01075 0.01707 0.03829 0.04634 0.03315 0.02491 0.01995 0.02822 0.02530 0.02778 0.01509 0.00096 
25	1	0.00004 0.00001 0.00027 0.00028 0.00009 0.00009 0.00002 0.00006 0.00010 0.00013 0.00311 0.11361 0.08946 0.11143 0.10382 0.07092 0.01340 0.00714 0.01895 0.01819 0.02041 0.02202 0.02475 0.02940 0.03404 0.03631 0.04605 0.05591 0.05906 0.06256 0.04330 0.01507 
26	1	0.00000 0.00000 0.00000 0.00047 0.00063 0.00008 0.00010 0.00085 0.00187 0.00350 0.02313 0.04519 0.16501 0.14030 0.12298 0.00014 0.00002 0.00014 0.00125 0.00588 0.00900 0.01161 0.01880 0.03884 0.05581 0.07115 0.09594 0.07976 0.05476 0.03910 0.01352 0.00017 
27	1	0.00000 0.00000 0.00001 0.00077 0.00042 0.00012 0.00012 0.00023 0.00097 0.03137 0.03586 0.15997 0.09693 0.08687 0.06496 0.03536 0.00036 0.00708 0.01077 0.02166 0.02829 0.03052 0.03323 0.03646 0.03964 0.05685 0.05441 0.04163 0.04092 0.03955 0.03122 0.01343 
28	1	0.00000 0.00000 0.00000 0.00000 0.00012 0.00011 0.00012 0.00010 0.00010 0.00078 0.00489 0.00591 0.31080 0.14076 0.14812 0.00015 0.00008 0.00030 0.00115 0.00311 0.00611 0.01023 0.01399 0.01693 0.02288 0.03842 0.06482 0.06892 0.06386 0.04992 0.02609 0.00121 
29	1	0.00000 0.00000 0.00000 0.00003 0.00006 0.00013 0.00012 0.00019 0.00011 0.00165 0.01139 0.00737 0.35927 0.13355 0.09167 0.00000 0.00008 0.00023 0.00087 0.00211 0.00459 0.00852 0.01177 0.01536 0.02360 0.04979 0.09117 0.07399 0.04911 0.04090 0.02182 0.00052 
30	1	0.00000 0.00000 0.00000 0.00001 0.00030 0.00026 0.00042 0.00029 0.00022 0.00038 0.00393 0.00837 0.00591 0.08002 0.51980 0.00130 0.00002 0.00008 0.00030 0.00130 0.00582 0.00982 0.01548 0.01860 0.02064 0.02581 0.05240 0.06795 0.05805 0.05308 0.04769 0.00172 
31	1	0.00000 0.00000 0.00000 0.00002 0.00019 0.00020 0.00032 0.00031 0.00009 0.00049 0.00358 0.01085 0.00510 0.07825 0.43232 0.14515 0.00001 0.00003 0.00025 0.00137 0.00429 0.00800 0.01205 0.01425 0.01538 0.02195 0.04292 0.06181 0.04787 0.04403 0.04182 0.00709 
32	1	0.00000 0.00000 0.00000 0.00003 0.00075 0.00135 0.00038 0.00163 0.00509 0.00327 0.00057 0.00007 0.03260 0.43010 0.18950 0.00000 0.00002 0.00046 0.00152 0.00359 0.00985 0.01810 0.02061 0.03462 0.05294 0.04313 0.02439 0.02153 0.03362 0.04423 0.02555 0.00049 
33	1	0.00000 0.00000 0.00002 0.00020 0.00092 0.00065 0.00098 0.00190 0.00457 0.00404 0.00868 0.01820 0.03434 0.14342 0.08705 0.00291 0.00001 0.00025 0.00442 0.02159 0.03996 0.05377 0.07770 0.10090 0.11472 0.08778 0.07180 0.05070 0.02860 0.02505 0.01341 0.00144 
34	1	0.00000 0.00000 0.00000 0.00006 0.00026 0.00100 0.00150 0.00160 0.00189 0.00419 0.01253 0.11239 0.20340 0.18905 0.06309 0.00003 0.00007 0.00021 0.00126 0.00687 0.01619 0.03253 0.04773 0.05312 0.05272 0.05581 0.04729 0.02880 0.02994 0.02710 0.00924 0.00011 
35	1	0.00000 0.00000 0.00014 0.00023 0.00005 0.00003 0.00007 0.00017 0.00047 0.00429 0.02525 0.04675 0.22370 0.05472 0.20092 0.00003 0.00032 0.00137 0.00439 0.00718 0.00760 0.00907 0.01359 0.01954 0.03056 0.05710 0.09402 0.08156 0.05777 0.03396 0.02277 0.00236 
36	1	0.00000 0.00000 0.00003 0.00017 0.00024 0.00004 0.00002 0.00013 0.00026 0.00104 0.01335 0.07497 0.20139 0.03514 0.28832 0.00000 0.00005 0.00120 0.00276 0.00600 0.00780 0.00796 0.01124 0.01682 0.02397 0.03817 0.07833 0.08906 0.04919 0.03027 0.02166 0.00042 
37	1	0.00000 0.00031 0.01590 0.01820 0.00027 0.00112 0.00710 0.06940 0.05757 0.00091 0.00010 0.00426 0.16786 0.16309 0.00611 0.00452 0.00112 0.02155 0.05101 0.06353 0.03079 0.02634 0.02972 0.03447 0.04520 0.02334 0.01633 0.02250 0.03653 0.04337 0.02606 0.01139 
38	1	0.00000 0.00000 0.00011 0.00059 0.00186 0.00006 0.00010 0.00024 0.00031 0.00077 0.00522 0.01729 0.21475 0.12422 0.03171 0.00000 0.00008 0.00120 0.00489 0.01367 0.02162 0.02170 0.02752 0.03545 0.04562 0.05580 0.07795 0.09066 0.09771 0.06935 0.03761 0.00191 
39	1	0.00000 0.00000 0.00007 0.00192 0.00642 0.00026 0.00030 0.00049 0.00204 0.00213 0.00674 0.01017 0.08897 0.06379 0.00981 0.00009 0.00037 0.00175 0.01063 0.02731 0.04434 0.04072 0.06057 0.07071 0.09978 0.09896 0.11615 0.10036 0.07932 0.04159 0.01307 0.00115 
40	1	0.00000 0.00000 0.00000 0.00012 0.00206 0.00021 0.00008 0.00032 0.00158 0.00461 0.01142 0.02508 0.12625 0.15452 0.05517 0.00730 0.00001 0.00015 0.00141 0.00634 0.01267 0.01392 0.02129 0.03698 0.06243 0.09615 0.11824 0.10635 0.06628 0.04793 0.01914 0.00197 
41	1	0.00000 0.00000 0.00001 0.00012 0.00037 0.00004 0.00023 0.00095 0.00321 0.00528 0.01275 0.02150 0.08035 0.26509 0.09085 0.00006 0.00005 0.00032 0.00138 0.00439 0.00779 0.01175 0.02400 0.04755 0.07932 0.09738 0.09785 0.06596 0.03733 0.03125 0.01264 0.00023 
42	1	0.00000 0.00000 0.00000 0.00002 0.00003 0.00050 0.00132 0.00150 0.00219 0.00439 0.03848 0.16442 0.20524 0.15091 0.06877 0.00005 0.00003 0.00035 0.00094 0.00258 0.00607 0.01792 0.03656 0.04628 0.05421 0.05833 0.04996 0.03103 0.02837 0.02047 0.00893 0.00014 
43	1	0.00000 0.00000 0.00000 0.00013 0.00145 0.00010 0.00002 0.00001 0.00012 0.00153 0.00170 0.00197 0.11747 0.30709 0.12910 0.05629 0.00025 0.00082 0.00377 0.00909 0.01465 0.01126 0.01144 0.01287 0.01757 0.02113 0.02828 0.05216 0.10684 0.07032 0.01865 0.00389 
44	1	0.00000 0.00000 0.00000 0.00002 0.00017 0.00002 0.00001 0.00000 0.00004 0.00054 0.00038 0.01455 0.20862 0.20844 0.10449 0.03208 0.00006 0.00032 0.00125 0.00292 0.00450 0.00388 0.00474 0.00535 0.00717 0.01063 0.01701 0.07704 0.18860 0.08636 0.01722 0.00358 
45	1	0.00000 0.00000 0.00000 0.00029 0.01827 0.01855 0.00461 0.00040 0.00011 0.00046 0.00526 0.03565 0.01522 0.12163 0.13169 0.00004 0.00013 0.00051 0.00405 0.01876 0.08675 0.09780 0.05540 0.03210 0.03323 0.03359 0.04669 0.04743 0.05322 0.07530 0.05974 0.00312 
46	1	0.00000 0.00000 0.00000 0.00001 0.00043 0.00040 0.00038 0.00018 0.00017 0.00820 0.11770 0.08586 0.05120 0.30933 0.01754 0.00464 0.00008 0.00028 0.00207 0.00612 0.01450 0.02085 0.02245 0.02475 0.02580 0.02904 0.03901 0.03922 0.07182 0.09362 0.01250 0.00185 
47	1	0.00000 0.00000 0.00000 0.00000 0.00011 0.00017 0.00012 0.00010 0.00020 0.00892 0.09779 0.16360 0.07808 0.26625 0.04503 0.00871 0.00002 0.00008 0.00061 0.00223 0.00707 0.01170 0.01485 0.01617 0.01912 0.02342 0.03417 0.04415 0.05630 0.07620 0.02170 0.00311 
48	1	0.00000 0.00000 0.00000 0.00032 0.00088 0.00008 0.00011 0.00015 0.00050 0.01398 0.05133 0.16456 0.08858 0.09011 0.07740 0.04382 0.00025 0.00545 0.00861 0.01979 0.02845 0.02851 0.03212 0.03510 0.04030 0.04969 0.05235 0.04175 0.03836 0.03926 0.03333 0.01482 
49	1	0.00000 0.00000 0.00000 0.00000 0.00008 0.00012 0.00011 0.00015 0.00013 0.03492 0.09700 0.16671 0.23694 0.09257 0.05053 0.01542 0.00004 0.00014 0.00077 0.00213 0.00514 0.00754 0.01014 0.01213 0.01336 0.01821 0.03030 0.04751 0.08591 0.05344 0.01454 0.00400 
50	1	0.00000 0.00000 0.00000 0.00000 0.00004 0.00008 0.00014 0.00015 0.00037 0.00320 0.11013 0.14843 0.20282 0.14612 0.04506 0.00992 0.00002 0.00011 0.00066 0.00205 0.00496 0.00720 0.01082 0.01317 0.01920 0.02074 0.03362 0.04716 0.08925 0.06871 0.01224 0.00365 
51	1	0.00000 0.00000 0.00000 0.00004 0.00052 0.00030 0.00008 0.00063 0.00411 0.00116 0.00045 0.00197 0.03169 0.14096 0.36303 0.04160 0.00009 0.00082 0.00316 0.00679 0.01370 0.01708 0.01732 0.02125 0.02932 0.03098 0.03176 0.03695 0.08940 0.09022 0.02147 0.00314 
52	1	0.00000 0.00000 0.00000 0.00000 0.00033 0.00044 0.00005 0.00004 0.00004 0.00012 0.00032 0.00242 0.05770 0.20146 0.20348 0.00186 0.00004 0.00057 0.00225 0.00660 0.01481 0.01797 0.01617 0.01903 0.02262 0.02537 0.02988 0.04057 0.15245 0.15845 0.02422 0.00073 
53	1	0.00000 0.00000 0.00001 0.00302 0.00010 0.00096 0.00177 0.00022 0.00004 0.00017 0.00112 0.05639 0.17942 0.27143 0.10942 0.01295 0.00095 0.00226 0.00505 0.01047 0.01013 0.01289 0.01655 0.01645 0.01932 0.02582 0.03647 0.05429 0.07937 0.05220 0.01707 0.00369 
54	1	0.00000 0.00000 0.00000 0.00017 0.00199 0.00002 0.00285 0.00035 0.00007 0.00001 0.00020 0.00149 0.05595 0.52299 0.12083 0.00098 0.00047 0.00124 0.00248 0.00675 0.01022 0.00868 0.01170 0.01150 0.01292 0.01464 0.02001 0.03269 0.05063 0.07181 0.03351 0.00285 
55	1	0.00000 0.00000 0.00001 0.00338 0.00035 0.00000 0.00000 0.00000 0.00000 0.00000 0.02126 0.03112 0.53760 0.19411 0.04273 0.00000 0.00002 0.00108 0.01090 0.02005 0.01442 0.00451 0.00340 0.00381 0.00406 0.00399 0.00669 0.01328 0.04544 0.03070 0.00694 0.00014 
56	1	0.00000 0.00000 0.00007 0.00285 0.00041 0.00000 0.00000 0.00000 0.00000 0.00000 0.00000 0.00000 0.32790 0.35615 0.13947 0.00882 0.00002 0.00162 0.01247 0.01957 0.01280 0.00435 0.00356 0.00336 0.00340 0.00412 0.00415 0.00577 0.02965 0.03953 0.01801 0.00196 
57	1	0.00000 0.00000 0.00002 0.00005 0.00007 0.00025 0.00516 0.03627 0.00118 0.00003 0.00000 0.00288 0.20833 0.26095 0.09950 0.00229 0.00064 0.00299 0.00627 0.00963 0.01440 0.03083 0.08295 0.10358 0.02462 0.00504 0.00485 0.00590 0.01934 0.04131 0.02942 0.00123 
58	1	0.00000 0.00000 0.00004 0.00021 0.00009 0.00025 0.00106 0.01694 0.01655 0.00037 0.00000 0.00000 0.04677 0.26523 0.18994 0.00587 0.00007 0.00468 0.00947 0.01667 0.02075 0.02996 0.05881 0.11839 0.08274 0.01075 0.00713 0.00674 0.01581 0.03971 0.03329 0.00171 
59	1	0.00000 0.00002 0.00018 0.00096 0.00010 0.00014 0.00017 0.00106 0.01618 0.01819 0.07250 0.06594 0.13616 0.09729 0.05352 0.01757 0.00086 0.01619 0.01585 0.02408 0.02273 0.02560 0.02922 0.03577 0.05089 0.05435 0.04948 0.06056 0.06207 0.04429 0.02275 0.00532 
60	1	0.00000 0.00000 0.00000 0.00032 0.00071 0.00025 0.00035 0.00338 0.02500 0.00925 0.00037 0.00015 0.00002 0.04941 0.42797 0.00000 0.00003 0.00457 0.00962 0.02212 0.03113 0.03570 0.03950 0.07361 0.12161 0.06130 0.01324 0.00990 0.01053 0.02131 0.02834 0.00030 
61	1	0.00000 0.00001 0.00005 0.00026 0.00014 0.00019 0.00054 0.01708 0.01958 0.00034 0.00001 0.00008 0.00615 0.23386 0.28472 0.00002 0.00014 0.00499 0.00976 0.01652 0.01956 0.02638 0.04659 0.11509 0.09135 0.01411 0.00842 0.00765 0.01066 0.03280 0.03253 0.00040 
62	1	0.00000 0.00000 0.00000 0.00000 0.00002 0.00043 0.00822 0.02297 0.12627 0.15151 0.19202 0.08582 0.11020 0.08872 0.05999 0.00035 0.00004 0.00011 0.00032 0.00085 0.00213 0.00725 0.02186 0.02687 0.01632 0.01257 0.01103 0.00917 0.01243 0.01730 0.01401 0.00121 
63	1	0.00000 0.00000 0.00000 0.00001 0.00003 0.00010 0.00922 0.02761 0.00721 0.17282 0.15395 0.10098 0.14828 0.11099 0.08154 0.00059 0.00015 0.00050 0.00106 0.00188 0.00364 0.00901 0.03313 0.03828 0.01263 0.01094 0.01103 0.01095 0.01186 0.02025 0.01942 0.00191 
64	1	0.00000 0.00000 0.00000 0.00060 0.00606 0.03674 0.02833 0.00624 0.00008 0.00006 0.00008 0.00008 0.00018 0.18846 0.09941 0.00001 0.00012 0.00072 0.00555 0.02590 0.08623 0.18617 0.16247 0.04707 0.01658 0.01488 0.01380 0.01415 0.01335 0.02847 0.01803 0.00019 
65	1	0.00000 0.00000 0.00135 0.00255 0.05560 0.01866 0.00127 0.00002 0.00003 0.00001 0.00049 0.00337 0.21505 0.15642 0.01609 0.00022 0.00073 0.00771 0.04835 0.08520 0.15541 0.10379 0.02275 0.00997 0.00906 0.00785 0.00822 0.00886 0.02985 0.02642 0.00423 0.00043 
66	1	0.00000 0.00002 0.00223 0.02661 0.04111 0.00844 0.00014 0.00004 0.00001 0.00031 0.00590 0.20113 0.27269 0.02750 0.01186 0.00015 0.00020 0.00520 0.03596 0.08558 0.10104 0.03261 0.01214 0.00983 0.00825 0.00813 0.00906 0.03360 0.04062 0.01509 0.00432 0.00025 
67	1	0.00000 0.00000 0.00001 0.00407 0.00238 0.00718 0.01014 0.00699 0.00223 0.00013 0.00004 0.00012 0.00020 0.02676 0.33618 0.00000 0.00008 0.00073 0.00771 0.03172 0.07027 0.11842 0.13181 0.09007 0.04986 0.02291 0.01459 0.01437 0.01479 0.01863 0.01726 0.00035 
68	1	0.00000 0.00000 0.00000 0.00000 0.00022 0.00142 0.00075 0.00026 0.00049 0.00034 0.00319 0.15859 0.11058 0.10683 0.11035 0.01651 0.00004 0.00007 0.00060 0.00270 0.01455 0.03099 0.03685 0.03594 0.04378 0.04213 0.05479 0.06421 0.06480 0.05421 0.03961 0.00520 
69	1	0.00000 0.00000 0.00000 0.00000 0.00021 0.00043 0.00039 0.00032 0.00030 0.00264 0.09109 0.10100 0.06709 0.16413 0.10363 0.01337 0.00001 0.00017 0.00078 0.00402 0.01336 0.02247 0.02568 0.02879 0.03112 0.03340 0.04247 0.04647 0.04087 0.09351 0.06835 0.00391 
70	2	0.00000 0.00035 0.00672 0.00819 0.00356 0.00200 0.00937 0.01674 0.05092 0.04006 0.00416 0.00259 0.01009 0.01232 0.00205 0.00012 0.00082 0.01405 0.03125 0.05990 0.05510 0.04244 0.05082 0.08426 0.13354 0.12340 0.06616 0.05134 0.05437 0.04209 0.01650 0.00470 
71	2	0.00000 0.00024 0.01372 0.01690 0.00350 0.00191 0.00052 0.00688 0.03355 0.08607 0.01386 0.00432 0.00804 0.01252 0.00416 0.00038 0.00145 0.01849 0.04543 0.07415 0.06217 0.04405 0.03242 0.04495 0.09826 0.12703 0.07495 0.05035 0.04949 0.04305 0.02209 0.00512 
72	2	0.00000 0.00016 0.01105 0.00929 0.00382 0.00257 0.00602 0.01593 0.06795 0.02577 0.00484 0.00418 0.01693 0.01906 0.00163 0.00017 0.00078 0.01392 0.03591 0.06209 0.05805 0.04731 0.04872 0.08208 0.12695 0.09447 0.05541 0.05038 0.06635 0.05102 0.01473 0.00244 
73	2	0.00000 0.00131 0.02320 0.00487 0.00245 0.00983 0.03717 0.03965 0.00642 0.00296 0.00243 0.00790 0.01112 0.01447 0.00026 0.00022 0.00216 0.02293 0.04396 0.05787 0.05157 0.05964 0.09983 0.11687 0.08674 0.06342 0.05370 0.05573 0.05914 0.04330 0.01414 0.00473 
74	2	0.00000 0.00186 0.01463 0.01322 0.00306 0.00132 0.00337 0.01315 0.03202 0.01662 0.00477 0.00655 0.01480 0.04395 0.00317 0.00002 0.00304 0.02561 0.05427 0.07384 0.05008 0.03695 0.04632 0.09334 0.13357 0.09013 0.04695 0.04050 0.05285 0.05996 0.01927 0.00077 
75	2	0.00000 0.00000 0.00050 0.00012 0.00032 0.00100 0.00174 0.00238 0.01889 0.06154 0.10399 0.04085 0.00037 0.00014 0.00096 0.00006 0.00002 0.00024 0.00158 0.00263 0.00484 0.01226 0.03491 0.07477 0.16746 0.24315 0.16398 0.04093 0.00921 0.00502 0.00496 0.00117 
76	2	0.00000 0.00000 0.00003 0.00003 0.00015 0.00112 0.00334 0.00325 0.01700 0.03747 0.06479 0.07269 0.01021 0.00794 0.00432 0.00260 0.00002 0.00001 0.00027 0.00079 0.00285 0.00765 0.01709 0.03470 0.08500 0.14277 0.17422 0.15239 0.09014 0.04638 0.01706 0.00370 
77	2	0.00000 0.00000 0.00000 0.00000 0.00020 0.00026 0.00309 0.01850 0.04499 0.17926 0.20975 0.11999 0.02335 0.03635 0.00487 0.00070 0.00009 0.00008 0.00021 0.00041 0.00197 0.00300 0.00786 0.01344 0.03772 0.09675 0.10040 0.05153 0.02137 0.01465 0.00794 0.00126 
78	2	0.00000 0.00117 0.00624 0.00529 0.00522 0.00350 0.01462 0.00235 0.00445 0.01876 0.04907 0.35855 0.02402 0.01030 0.02302 0.00043 0.00013 0.00423 0.01572 0.02488 0.03555 0.03861 0.05051 0.03288 0.02172 0.01975 0.02718 0.08622 0.06572 0.02870 0.01848 0.00272 
79	2	0.00000 0.00005 0.00316 0.00768 0.00490 0.00475 0.00218 0.00345 0.01208 0.04716 0.08528 0.36437 0.01912 0.00870 0.00860 0.00103 0.00010 0.00126 0.01115 0.02810 0.03346 0.04021 0.03858 0.03427 0.02980 0.02830 0.03805 0.06666 0.04418 0.01863 0.01267 0.00207 
80	2	0.00000 0.00000 0.00011 0.00065 0.00189 0.00339 0.00405 0.00070 0.00012 0.00042 0.00076 0.40806 0.00005 0.00005 0.00006 0.00010 0.00010 0.00225 0.00781 0.01557 0.04357 0.06869 0.08091 0.06565 0.06175 0.06623 0.05709 0.05186 0.02770 0.01777 0.00913 0.00349 
81	2	0.00000 0.00000 0.00040 0.00074 0.00210 0.00202 0.00245 0.00301 0.00910 0.00567 0.03627 0.08082 0.21420 0.17334 0.10912 0.01083 0.00000 0.00023 0.00180 0.00425 0.00779 0.00919 0.01052 0.01507 0.01923 0.01990 0.03080 0.06114 0.08156 0.05762 0.02569 0.00511 
82	2	0.00007 0.00088 0.00015 0.00048 0.00692 0.03458 0.01965 0.04983 0.11700 0.16912 0.00975 0.01527 0.00492 0.01570 0.07012 0.00470 0.00447 0.00567 0.00558 0.00776 0.01458 0.02585 0.02940 0.03830 0.06442 0.07603 0.06562 0.05552 0.02662 0.02508 0.02795 0.00797 
83	2	0.00000 0.00000 0.00002 0.00294 0.00964 0.03285 0.03597 0.05812 0.14025 0.12087 0.00867 0.01251 0.01966 0.05591 0.09497 0.00002 0.00007 0.00012 0.00105 0.00637 0.01539 0.02552 0.03338 0.03473 0.04897 0.05086 0.04206 0.04180 0.03546 0.04297 0.02760 0.00124 
84	2	0.00000 0.00000 0.00000 0.00000 0.00033 0.00642 0.03391 0.10764 0.21294 0.22834 0.00237 0.00257 0.00277 0.01271 0.02484 0.00362 0.00001 0.00000 0.00006 0.00023 0.00195 0.00805 0.02626 0.05309 0.09495 0.08108 0.02285 0.01450 0.01362 0.02030 0.01870 0.00587 
85	2	0.00002 0.00159 0.00570 0.01590 0.04122 0.07232 0.11270 0.18673 0.01018 0.00357 0.00568 0.00429 0.00586 0.02019 0.03825 0.00054 0.00020 0.00232 0.00633 0.01799 0.03762 0.05267 0.06402 0.08004 0.05388 0.03946 0.03351 0.02416 0.01848 0.02541 0.01745 0.00170 
86	2	0.00009 0.00074 0.00285 0.00036 0.00260 0.01507 0.01327 0.02870 0.08207 0.19149 0.04211 0.01707 0.02929 0.04127 0.03589 0.00005 0.00117 0.00794 0.01062 0.00830 0.01470 0.02766 0.03076 0.03575 0.06013 0.08475 0.07281 0.05075 0.04058 0.03427 0.01607 0.00081 
87	2	0.00000 0.00000 0.00001 0.00048 0.00482 0.02867 0.01674 0.04270 0.07732 0.15589 0.02335 0.01240 0.02524 0.05608 0.02892 0.00000 0.00013 0.00080 0.00225 0.00763 0.02046 0.04365 0.04895 0.05552 0.06724 0.07688 0.06477 0.04490 0.03845 0.03806 0.01744 0.00024 
88	2	0.00000 0.00006 0.00015 0.00111 0.00793 0.03645 0.02560 0.05525 0.09724 0.16946 0.01652 0.01545 0.01700 0.02844 0.02312 0.00002 0.00009 0.00092 0.00217 0.00575 0.01762 0.03657 0.04411 0.05368 0.07107 0.07718 0.05791 0.04568 0.03572 0.03829 0.01900 0.00045 
89	2	0.00000 0.00002 0.00473 0.03113 0.07452 0.02105 0.00720 0.00226 0.00958 0.05984 0.16247 0.15282 0.00209 0.00182 0.00445 0.00010 0.00002 0.00095 0.00842 0.03403 0.06631 0.05615 0.03425 0.01651 0.01669 0.03989 0.08092 0.06966 0.02173 0.01163 0.00787 0.00088 
90	2	0.00000 0.00000 0.00013 0.00464 0.00894 0.01693 0.02538 0.02785 0.02873 0.09296 0.15183 0.13625 0.00689 0.00345 0.00636 0.00112 0.00001 0.00008 0.00102 0.00531 0.01105 0.01857 0.03252 0.03399 0.03427 0.06080 0.12113 0.10144 0.03770 0.01844 0.00980 0.00241 
91	2	0.00000 0.00000 0.00000 0.00000 0.00000 0.00000 0.00005 0.00001 0.00001 0.00008 0.00445 0.74584 0.03795 0.00006 0.00002 0.00000 0.00000 0.00006 0.00046 0.00072 0.00114 0.00223 0.00449 0.00737 0.01167 0.01964 0.03152 0.06182 0.04492 0.01723 0.00667 0.00156 
92	2	0.00000 0.00000 0.00004 0.00165 0.00972 0.01015 0.00441 0.01402 0.17664 0.02667 0.08302 0.04477 0.04685 0.03585 0.00281 0.00010 0.00001 0.00013 0.00146 0.00972 0.02720 0.03785 0.03308 0.03820 0.08969 0.08708 0.06558 0.06089 0.05544 0.03050 0.00595 0.00052 
93	2	0.00000 0.00000 0.00000 0.00017 0.00342 0.01047 0.04221 0.03591 0.01042 0.01548 0.04424 0.03713 0.02910 0.00073 0.00026 0.00000 0.00000 0.00001 0.00010 0.00119 0.00836 0.03677 0.09595 0.10886 0.09943 0.11884 0.13188 0.10648 0.05203 0.00863 0.00184 0.00008 
94	2	0.00000 0.00000 0.00005 0.00127 0.01621 0.01407 0.00959 0.00769 0.02106 0.03152 0.03036 0.03922 0.03472 0.00526 0.00042 0.00000 0.00001 0.00022 0.00373 0.02051 0.06696 0.08684 0.08356 0.07833 0.10377 0.11280 0.08889 0.07744 0.04992 0.01394 0.00162 0.00003 
95	2	0.00000 0.00000 0.00000 0.00009 0.00250 0.02135 0.02315 0.02921 0.01686 0.02171 0.10479 0.06564 0.01336 0.00174 0.00003 0.00002 0.00000 0.00002 0.00027 0.00261 0.01220 0.04630 0.07352 0.08823 0.08153 0.09233 0.15036 0.11136 0.03400 0.00569 0.00085 0.00027 
96	2	0.00000 0.00000 0.00000 0.00002 0.01268 0.04500 0.00763 0.00912 0.01950 0.02050 0.02985 0.04792 0.05594 0.02935 0.00109 0.00000 0.00001 0.00007 0.00049 0.00370 0.03789 0.06386 0.05305 0.06430 0.08288 0.09154 0.09939 0.10039 0.08319 0.03698 0.00363 0.00003 
97	2	0.00000 0.00000 0.00000 0.00030 0.00082 0.06725 0.04370 0.01061 0.01766 0.08127 0.04401 0.01920 0.01587 0.00894 0.00160 0.00002 0.00001 0.00014 0.00050 0.00175 0.00461 0.05629 0.09912 0.07929 0.09481 0.12699 0.10261 0.06315 0.03944 0.01665 0.00322 0.00019 
98	2	0.00000 0.00000 0.00000 0.00000 0.00018 0.08932 0.03198 0.00345 0.01042 0.07392 0.01936 0.10479 0.06721 0.01090 0.00036 0.00006 0.00000 0.00005 0.00026 0.00099 0.00401 0.03677 0.05395 0.04267 0.06483 0.10085 0.07573 0.09645 0.08564 0.02333 0.00233 0.00020 
99	2	0.00000 0.00000 0.00003 0.00005 0.00001 0.00005 0.17373 0.07781 0.01080 0.01300 0.03903 0.05891 0.04545 0.01533 0.00241 0.00001 0.00001 0.00004 0.00050 0.00096 0.00106 0.00115 0.04795 0.06730 0.04875 0.06565 0.10793 0.11476 0.07197 0.02961 0.00553 0.00019 
100	2	0.00000 0.00001 0.00005 0.00003 0.00017 0.20536 0.00214 0.00266 0.01022 0.09089 0.04785 0.04740 0.07031 0.00595 0.00042 0.00000 0.00002 0.00046 0.00084 0.00105 0.00378 0.02023 0.01450 0.01938 0.05646 0.12843 0.11542 0.08240 0.05712 0.01449 0.00193 0.00002 
101	2	0.00000 0.00000 0.00002 0.00002 0.00010 0.00914 0.14660 0.00432 0.00322 0.01827 0.16666 0.05483 0.04963 0.06823 0.00935 0.00000 0.00002 0.00022 0.00068 0.00083 0.00100 0.01978 0.04340 0.01817 0.01556 0.05378 0.12221 0.09232 0.05584 0.03514 0.01044 0.00021 
102	2	0.00000 0.00000 0.00000 0.00010 0.00050 0.00104 0.00061 0.00006 0.00049 0.02454 0.38546 0.00020 0.00003 0.00002 0.00002 0.00000 0.00004 0.00053 0.00391 0.00915 0.02065 0.03788 0.05197 0.05706 0.07461 0.09850 0.09952 0.06413 0.03849 0.01930 0.00882 0.00238 
103	2	0.00000 0.00015 0.00142 0.00196 0.00585 0.00808 0.02195 0.04973 0.02240 0.03090 0.03818 0.04515 0.02430 0.00132 0.00000 0.00000 0.00007 0.00145 0.00597 0.01602 0.03870 0.05736 0.09614 0.12122 0.10395 0.09515 0.09678 0.07794 0.03251 0.00517 0.00015 0.00000 
104	2	0.00000 0.00000 0.00352 0.00495 0.00215 0.04795 0.06707 0.01975 0.02659 0.05555 0.06300 0.01416 0.00104 0.00045 0.00000 0.00000 0.00001 0.00057 0.01181 0.02514 0.03430 0.08072 0.10923 0.08515 0.08339 0.11180 0.10572 0.03845 0.00667 0.00078 0.00005 0.00001 
105	2	0.00000 0.00437 0.11687 0.01324 0.00932 0.00760 0.00951 0.01877 0.01778 0.01544 0.01719 0.01772 0.02386 0.00677 0.00095 0.00003 0.00007 0.01585 0.06950 0.05686 0.05729 0.07057 0.08474 0.09348 0.07685 0.05500 0.04734 0.04024 0.03305 0.01645 0.00309 0.00017 
106	2	0.00000 0.00000 0.00001 0.00105 0.00477 0.00894 0.01108 0.03797 0.05976 0.01668 0.02008 0.05685 0.02066 0.00398 0.00100 0.00021 0.00000 0.00001 0.00058 0.00975 0.03786 0.07711 0.10559 0.15481 0.13532 0.06542 0.05763 0.06199 0.03631 0.01133 0.00286 0.00038 
107	2	0.00000 0.00000 0.00002 0.00174 0.01081 0.02117 0.02217 0.01910 0.01880 0.03471 0.10310 0.06812 0.01711 0.00023 0.00000 0.00000 0.00001 0.00012 0.00119 0.01068 0.03212 0.05932 0.07503 0.08159 0.08350 0.10062 0.12785 0.08662 0.02290 0.00130 0.00005 0.00001 
108	2	0.00000 0.00000 0.00712 0.08250 0.01944 0.00399 0.00632 0.00760 0.04989 0.02484 0.02835 0.02182 0.04401 0.00924 0.00169 0.00000 0.00002 0.00003 0.01719 0.05646 0.05458 0.03839 0.04703 0.06145 0.11552 0.09963 0.07570 0.05623 0.04655 0.01966 0.00462 0.00011 
109	2	0.00000 0.00000 0.00005 0.11527 0.04997 0.00463 0.00229 0.00383 0.00671 0.01258 0.01445 0.03063 0.03599 0.00921 0.00171 0.00004 0.00001 0.00001 0.00112 0.05761 0.07561 0.04062 0.04166 0.04896 0.06750 0.08819 0.08343 0.09527 0.07780 0.02937 0.00520 0.00025 
110	2	0.00000 0.00000 0.00000 0.00027 0.00013 0.00007 0.00099 0.10555 0.01208 0.02450 0.07292 0.06490 0.09410 0.04378 0.00450 0.00000 0.00001 0.00003 0.00040 0.00136 0.00187 0.00186 0.00992 0.05012 0.06617 0.09177 0.11659 0.10930 0.08540 0.03532 0.00603 0.00003 
111	2	0.00000 0.00001 0.00905 0.00018 0.00041 0.00390 0.00999 0.01657 0.00955 0.01046 0.03439 0.02579 0.02408 0.00166 0.00009 0.00017 0.00009 0.00137 0.00474 0.00396 0.00597 0.01866 0.04760 0.08710 0.10880 0.13513 0.17567 0.14685 0.08493 0.02518 0.00546 0.00217 
112	2	0.00000 0.00000 0.00000 0.00045 0.00464 0.00706 0.00807 0.00801 0.14171 0.09112 0.11500 0.03263 0.03434 0.03712 0.00438 0.00000 0.00001 0.00010 0.00090 0.00434 0.01746 0.03313 0.04192 0.03841 0.08244 0.09969 0.06522 0.05596 0.04534 0.02472 0.00557 0.00025 
113	2	0.00000 0.00000 0.00001 0.00005 0.00016 0.00021 0.00064 0.00028 0.00062 0.28897 0.15688 0.00025 0.00005 0.00003 0.00002 0.00005 0.00002 0.00021 0.00233 0.00663 0.01264 0.02421 0.04376 0.05454 0.07324 0.11629 0.10293 0.05730 0.03059 0.01751 0.00730 0.00228 
114	2	0.00000 0.00000 0.00000 0.00018 0.00060 0.00177 0.00535 0.00127 0.00050 0.00067 0.24496 0.00024 0.00009 0.00004 0.00006 0.00002 0.00004 0.00038 0.00446 0.00891 0.02642 0.05352 0.09958 0.09187 0.10017 0.09708 0.11233 0.06722 0.04577 0.02160 0.01185 0.00307 
115	2	0.00000 0.00000 0.00001 0.00014 0.00173 0.00297 0.00914 0.00320 0.00038 0.00053 0.18751 0.00038 0.00005 0.00004 0.00002 0.00000 0.00010 0.00047 0.00418 0.01091 0.03667 0.08119 0.13488 0.12275 0.10117 0.09583 0.08598 0.06144 0.03265 0.01670 0.00735 0.00161 
116	2	0.00000 0.00049 0.00273 0.00139 0.00050 0.00337 0.00686 0.02123 0.01942 0.00426 0.00206 0.13507 0.00704 0.00003 0.00002 0.00000 0.00150 0.00899 0.01332 0.01820 0.02081 0.04280 0.07671 0.12402 0.13844 0.11308 0.08922 0.07805 0.04557 0.01683 0.00635 0.00165 
117	2	0.00005 0.00540 0.00243 0.00174 0.00879 0.00900 0.00389 0.00629 0.02367 0.05602 0.05122 0.10618 0.01930 0.01715 0.01617 0.00032 0.00147 0.00988 0.01861 0.03081 0.04605 0.04021 0.02288 0.02530 0.06453 0.11297 0.10724 0.08332 0.05660 0.03499 0.01624 0.00127 
118	2	0.00000 0.00000 0.00000 0.00000 0.00000 0.00000 0.00098 0.00568 0.04039 0.11696 0.11269 0.13606 0.12517 0.10681 0.00052 0.00009 0.00005 0.00010 0.00017 0.00030 0.00049 0.00097 0.00588 0.02522 0.05626 0.06729 0.07590 0.05432 0.04012 0.02314 0.00396 0.00045 
119	2	0.00000 0.00000 0.00000 0.00028 0.00525 0.01117 0.03577 0.00228 0.01296 0.06814 0.03479 0.28295 0.12044 0.04549 0.01093 0.00016 0.00000 0.00000 0.00051 0.00540 0.02224 0.05833 0.07226 0.02162 0.00707 0.00871 0.02040 0.05523 0.05991 0.02962 0.00763 0.00045 
120	2	0.00000 0.00000 0.00000 0.00002 0.00266 0.00717 0.00335 0.00050 0.00027 0.02170 0.48251 0.06617 0.02693 0.02051 0.00316 0.00000 0.00000 0.00004 0.00095 0.00357 0.01832 0.04157 0.04601 0.03084 0.02669 0.03270 0.05744 0.05610 0.03190 0.01508 0.00371 0.00010 
121	2	0.00000 0.00000 0.00000 0.00114 0.00175 0.00267 0.00090 0.00034 0.00030 0.09575 0.40127 0.10252 0.02657 0.01591 0.00557 0.00000 0.00001 0.00013 0.00247 0.00801 0.01870 0.02878 0.02819 0.02847 0.02850 0.03282 0.06056 0.06165 0.02973 0.01292 0.00420 0.00017 
122	2	0.00000 0.00000 0.00000 0.01229 0.00156 0.00268 0.00605 0.01951 0.03857 0.02370 0.00660 0.00276 0.20915 0.04296 0.00545 0.00009 0.00002 0.00009 0.00113 0.00955 0.01408 0.01994 0.04786 0.10773 0.14883 0.10577 0.05424 0.03345 0.03860 0.03160 0.01410 0.00163 
123	2	0.00000 0.00000 0.00000 0.00002 0.00004 0.00029 0.00002 0.00005 0.00029 0.04151 0.70804 0.00016 0.00002 0.00001 0.00000 0.00000 0.00003 0.00040 0.00118 0.00212 0.00341 0.00715 0.01167 0.01921 0.02796 0.05139 0.06213 0.03155 0.01856 0.00815 0.00373 0.00090 
124	2	0.00000 0.00000 0.00000 0.00092 0.00559 0.00375 0.02469 0.05549 0.03538 0.01512 0.00980 0.01047 0.14737 0.01760 0.00495 0.00009 0.00000 0.00009 0.00042 0.00369 0.01480 0.03001 0.08898 0.14429 0.11459 0.06105 0.04633 0.04930 0.05412 0.04274 0.01637 0.00202 
125	2	0.00000 0.00000 0.00868 0.00866 0.00147 0.03497 0.04629 0.04315 0.01660 0.00746 0.00734 0.00792 0.01966 0.02451 0.00447 0.00003 0.00005 0.00096 0.01432 0.01942 0.01533 0.08140 0.15197 0.15238 0.09427 0.05238 0.04238 0.04157 0.04865 0.03828 0.01399 0.00144 
126	2	0.00000 0.00000 0.00002 0.00000 0.00001 0.00320 0.00449 0.00358 0.00520 0.00199 0.00122 0.13369 0.08514 0.00026 0.00003 0.00007 0.00004 0.00016 0.00111 0.00258 0.01022 0.03835 0.07449 0.08690 0.09854 0.09554 0.09270 0.10950 0.09462 0.03857 0.01416 0.00361 
127	2	0.00000 0.00000 0.00000 0.00008 0.00041 0.00145 0.00156 0.00026 0.00020 0.03640 0.20552 0.00068 0.00008 0.00002 0.00003 0.00002 0.00002 0.00033 0.00336 0.00847 0.02721 0.05993 0.08638 0.08746 0.09560 0.11667 0.11856 0.08147 0.04025 0.01837 0.00764 0.00153 
128	2	0.00000 0.00000 0.00000 0.00000 0.00000 0.00078 0.01675 0.00720 0.00115 0.00595 0.08678 0.21519 0.39192 0.00615 0.00009 0.00002 0.00000 0.00015 0.00027 0.00047 0.00234 0.01534 0.05835 0.05570 0.02875 0.02223 0.02159 0.02396 0.02382 0.01113 0.00308 0.00082 
129	2	0.00000 0.00000 0.00000 0.00001 0.00007 0.00085 0.01427 0.00819 0.00154 0.00445 0.06693 0.18869 0.36377 0.01313 0.00007 0.00028 0.00000 0.00014 0.00035 0.00129 0.00494 0.02465 0.08149 0.07991 0.03680 0.02199 0.02009 0.02327 0.02357 0.01339 0.00436 0.00152 
130	2	0.00000 0.00000 0.00000 0.00000 0.00004 0.00362 0.00596 0.00156 0.00064 0.00038 0.02755 0.42519 0.20699 0.00073 0.00003 0.00000 0.00001 0.00004 0.00054 0.00203 0.01051 0.04468 0.05455 0.03530 0.02781 0.02553 0.02882 0.04402 0.03721 0.01269 0.00298 0.00059 
131	2	0.00000 0.00000 0.00001 0.00007 0.00007 0.00033 0.00075 0.00027 0.00014 0.00287 0.08925 0.16166 0.00491 0.00011 0.00002 0.00001 0.00002 0.00036 0.00227 0.00432 0.01462 0.03422 0.05755 0.06795 0.07086 0.08615 0.10700 0.12948 0.10192 0.04292 0.01636 0.00351 
132	2	0.00000 0.00000 0.00009 0.00010 0.00006 0.00222 0.01276 0.00294 0.00449 0.00455 0.00230 0.00234 0.16537 0.08790 0.00258 0.00028 0.00009 0.00051 0.00108 0.00193 0.00540 0.03272 0.06258 0.05859 0.08074 0.09359 0.08208 0.08090 0.09689 0.07389 0.03412 0.00691 
133	2	0.00000 0.00000 0.00000 0.00001 0.00049 0.00145 0.00229 0.00024 0.00017 0.01163 0.14276 0.00156 0.00022 0.00003 0.00001 0.00000 0.00001 0.00007 0.00211 0.00732 0.02620 0.06090 0.09418 0.08249 0.09954 0.10732 0.14528 0.10472 0.06509 0.02788 0.01327 0.00275 
134	2	0.00000 0.00000 0.00014 0.00253 0.01154 0.00610 0.00228 0.00083 0.00280 0.04288 0.12095 0.35806 0.08536 0.00023 0.00004 0.00002 0.00001 0.00025 0.00552 0.01770 0.04660 0.04682 0.04152 0.03442 0.03003 0.02911 0.03228 0.04109 0.02721 0.00940 0.00349 0.00078 
135	2	0.00000 0.00000 0.00001 0.00278 0.00822 0.00634 0.02732 0.08436 0.18782 0.07902 0.03335 0.01417 0.02005 0.01535 0.00660 0.00088 0.00006 0.00097 0.00280 0.01712 0.02568 0.02282 0.03362 0.04710 0.08969 0.10507 0.06849 0.04090 0.03199 0.01926 0.00661 0.00152 
136	2	0.00000 0.00001 0.00015 0.00896 0.00632 0.01408 0.03154 0.10132 0.07675 0.08384 0.03685 0.02593 0.01939 0.01109 0.04652 0.00038 0.00016 0.00145 0.00519 0.02157 0.02997 0.03237 0.03215 0.03242 0.07635 0.11215 0.07492 0.04333 0.03127 0.02420 0.01705 0.00233 
137	2	0.00000 0.00000 0.00000 0.00137 0.00749 0.02630 0.01328 0.00219 0.00057 0.00408 0.14314 0.32182 0.00293 0.00010 0.00002 0.00000 0.00001 0.00029 0.00203 0.00923 0.03405 0.07453 0.08207 0.05953 0.04603 0.04079 0.04712 0.04433 0.02260 0.00906 0.00415 0.00086 
138	2	0.00000 0.02107 0.03978 0.00249 0.00052 0.00285 0.00964 0.02105 0.00642 0.00214 0.00118 0.03654 0.11601 0.00053 0.00008 0.00001 0.00324 0.01916 0.03100 0.02817 0.02735 0.04707 0.08105 0.11017 0.10171 0.08182 0.06717 0.06235 0.05026 0.02172 0.00647 0.00097 
139	2	0.00000 0.00362 0.05094 0.00347 0.00092 0.00197 0.00637 0.01607 0.01215 0.00517 0.00175 0.00223 0.00576 0.00407 0.00007 0.00005 0.00222 0.01698 0.03107 0.03369 0.03045 0.04273 0.07534 0.11602 0.13145 0.11416 0.09481 0.08192 0.06590 0.03555 0.01080 0.00230 
140	3	0.00000 0.00005 0.00752 0.03537 0.06917 0.05005 0.03945 0.02079 0.01667 0.01275 0.01960 0.03108 0.03347 0.02102 0.01349 0.00160 0.00002 0.00262 0.01575 0.04941 0.08510 0.09905 0.08743 0.05684 0.04571 0.04170 0.04012 0.04242 0.03515 0.01852 0.00707 0.00101 
141	3	0.00000 0.00002 0.00329 0.01062 0.04814 0.02499 0.03628 0.02560 0.04697 0.04694 0.03308 0.02926 0.02519 0.02686 0.03896 0.00949 0.00023 0.00259 0.01179 0.02740 0.04026 0.04852 0.06283 0.05934 0.05960 0.05840 0.05707 0.05791 0.04510 0.03342 0.02352 0.00631 
142	3	0.00000 0.00003 0.01902 0.07613 0.10331 0.06066 0.02109 0.00733 0.01061 0.01456 0.01784 0.01510 0.03123 0.02231 0.01242 0.00273 0.00001 0.00310 0.03281 0.07476 0.09031 0.08436 0.04944 0.03400 0.04085 0.04565 0.04448 0.03364 0.02835 0.01677 0.00583 0.00127 
143	3	0.00000 0.00030 0.02597 0.04227 0.02437 0.03355 0.02670 0.02170 0.02156 0.01776 0.01751 0.02061 0.02625 0.02047 0.00637 0.00111 0.00030 0.00755 0.02407 0.04994 0.06255 0.07955 0.08243 0.08199 0.07741 0.06765 0.05537 0.04636 0.03655 0.01679 0.00427 0.00070 
144	3	0.00000 0.00007 0.00032 0.01070 0.01467 0.00366 0.00110 0.00075 0.00124 0.00074 0.00056 0.00179 0.00860 0.00302 0.00028 0.00003 0.00023 0.01882 0.04205 0.08582 0.10702 0.08135 0.07180 0.07632 0.08291 0.08825 0.08881 0.08549 0.07656 0.03820 0.00804 0.00077 
145	3	0.00000 0.00000 0.00001 0.00044 0.00168 0.00267 0.00216 0.00204 0.00563 0.00710 0.00740 0.01037 0.01060 0.00014 0.00016 0.00000 0.00003 0.00225 0.00515 0.01425 0.03142 0.05832 0.07427 0.09563 0.13293 0.14637 0.15407 0.12660 0.08094 0.02047 0.00613 0.00075 
146	3	0.00000 0.00000 0.00002 0.00059 0.00325 0.00100 0.00103 0.00117 0.00092 0.00089 0.00110 0.00148 0.01613 0.00642 0.00399 0.00000 0.00021 0.00382 0.01241 0.03153 0.05965 0.06457 0.07778 0.08788 0.11000 0.12502 0.12005 0.10995 0.09311 0.05205 0.01268 0.00130 
147	3	0.00000 0.00001 0.00541 0.02232 0.03404 0.02024 0.01440 0.01239 0.01413 0.01357 0.01409 0.01312 0.01038 0.01223 0.00905 0.00422 0.00064 0.00619 0.02200 0.05342 0.07865 0.08831 0.09376 0.08128 0.07369 0.06700 0.06030 0.05800 0.05092 0.03930 0.02144 0.00549 
148	3	0.00000 0.00001 0.00322 0.01189 0.01548 0.01960 0.01388 0.01350 0.01905 0.02015 0.02126 0.01918 0.01667 0.02052 0.02997 0.01360 0.00044 0.00412 0.01922 0.04180 0.06262 0.06500 0.05961 0.05457 0.06522 0.08007 0.08275 0.07628 0.06192 0.05143 0.03068 0.00628 
149	3	0.00000 0.00000 0.00044 0.00367 0.00273 0.00427 0.01027 0.02120 0.03165 0.01002 0.00520 0.00595 0.00796 0.01222 0.06284 0.02278 0.00001 0.00110 0.00527 0.01554 0.02291 0.03188 0.04515 0.06443 0.07608 0.06290 0.05552 0.05935 0.06458 0.09380 0.14515 0.05509 
150	3	0.00003 0.00244 0.00158 0.00180 0.00204 0.00473 0.00910 0.00545 0.00740 0.00326 0.00287 0.00375 0.00681 0.03608 0.06233 0.03352 0.00124 0.01489 0.01892 0.02372 0.02910 0.03840 0.04490 0.04872 0.05456 0.05536 0.05575 0.05875 0.08192 0.14433 0.11961 0.02665 
151	3	0.00008 0.00115 0.00089 0.00132 0.00134 0.00412 0.00661 0.00736 0.01131 0.00707 0.00858 0.00922 0.01227 0.03794 0.08375 0.04292 0.00129 0.01212 0.01538 0.02033 0.02538 0.03589 0.04358 0.05184 0.05591 0.05347 0.05275 0.05477 0.06436 0.11898 0.12648 0.03154 
152	3	0.00000 0.00008 0.00035 0.00028 0.00168 0.01110 0.04177 0.04235 0.03660 0.01377 0.01056 0.00684 0.01418 0.02431 0.08967 0.05582 0.00009 0.00199 0.00359 0.00631 0.01261 0.03128 0.05873 0.07019 0.06866 0.05857 0.05443 0.05225 0.05789 0.06813 0.07595 0.02997 
153	3	0.00000 0.00001 0.00971 0.06849 0.10086 0.01294 0.01018 0.00895 0.00818 0.01164 0.01151 0.00827 0.00788 0.00882 0.01080 0.00705 0.00006 0.00500 0.01698 0.05282 0.05759 0.04610 0.05677 0.06633 0.07437 0.07671 0.07219 0.06161 0.05075 0.04040 0.02812 0.00891 
154	3	0.00000 0.00032 0.00747 0.00667 0.01372 0.02407 0.01822 0.01680 0.01633 0.01469 0.01450 0.01101 0.01397 0.01362 0.01888 0.00837 0.00038 0.00342 0.01378 0.03149 0.05765 0.08292 0.08934 0.08872 0.08338 0.07785 0.07529 0.06409 0.05645 0.03998 0.02819 0.00842 
155	3	0.00214 0.05800 0.07136 0.05189 0.05424 0.02927 0.02131 0.02916 0.01873 0.02491 0.02180 0.01227 0.00252 0.00091 0.00012 0.00000 0.00186 0.00738 0.01198 0.01498 0.02087 0.03278 0.05145 0.07437 0.07972 0.10011 0.09560 0.06064 0.02989 0.01394 0.00543 0.00037 
156	3	0.00000 0.00003 0.00086 0.16509 0.13586 0.04200 0.04986 0.01735 0.01196 0.00328 0.00560 0.00725 0.00564 0.00082 0.00184 0.00000 0.00008 0.00047 0.00288 0.01583 0.02183 0.02182 0.04562 0.07610 0.08745 0.06138 0.06544 0.06727 0.05438 0.02285 0.00873 0.00041 
157	3	0.00639 0.09880 0.04005 0.04475 0.06642 0.03494 0.01667 0.00729 0.00920 0.01268 0.01650 0.00860 0.00536 0.00356 0.00145 0.00001 0.00783 0.03262 0.03405 0.02082 0.01849 0.01325 0.00997 0.01663 0.05416 0.10430 0.12576 0.09007 0.05652 0.03197 0.01052 0.00035 
158	3	0.00000 0.00001 0.00001 0.00657 0.05598 0.05693 0.02020 0.02605 0.01622 0.03693 0.03550 0.00910 0.00160 0.00020 0.00001 0.00000 0.00037 0.00073 0.00145 0.00345 0.00875 0.01426 0.03397 0.11235 0.15514 0.17320 0.12691 0.06906 0.02638 0.00748 0.00112 0.00006 
159	3	0.00005 0.00029 0.00000 0.01163 0.17667 0.10791 0.02084 0.03522 0.02939 0.01980 0.00531 0.00100 0.00057 0.00019 0.00002 0.00000 0.00200 0.00285 0.00162 0.00804 0.01527 0.01311 0.01776 0.09611 0.16036 0.12792 0.07224 0.03591 0.02181 0.01221 0.00377 0.00012 
160	3	0.00069 0.04064 0.02831 0.00410 0.00102 0.00141 0.01175 0.06124 0.06778 0.00939 0.00203 0.00034 0.00009 0.00000 0.00000 0.00000 0.00089 0.00519 0.00709 0.00577 0.00446 0.02497 0.08148 0.20540 0.22582 0.11376 0.05456 0.02335 0.01149 0.00459 0.00224 0.00013 
161	3	0.00000 0.00260 0.00588 0.04497 0.46246 0.14271 0.02292 0.00592 0.00140 0.00098 0.00059 0.00044 0.00034 0.00011 0.00007 0.00007 0.00001 0.00514 0.00704 0.01772 0.04365 0.05434 0.05143 0.02967 0.02522 0.02437 0.01990 0.01482 0.00950 0.00427 0.00132 0.00013 
162	3	0.00041 0.04664 0.02060 0.01250 0.00574 0.00245 0.00727 0.01464 0.03591 0.01141 0.00336 0.00153 0.00014 0.00000 0.00000 0.00000 0.00072 0.00583 0.00646 0.01879 0.04041 0.07545 0.15487 0.21297 0.21347 0.08326 0.01917 0.00471 0.00100 0.00020 0.00008 0.00002 
163	3	0.00000 0.00045 0.00002 0.00167 0.26070 0.10532 0.04332 0.02239 0.01535 0.00924 0.00382 0.00107 0.00051 0.00008 0.00001 0.00033 0.00100 0.00311 0.00202 0.00554 0.01784 0.02823 0.03795 0.06220 0.11235 0.11547 0.08035 0.04125 0.01857 0.00753 0.00175 0.00057 
164	3	0.00000 0.12053 0.12239 0.07007 0.02870 0.01118 0.00327 0.01018 0.00571 0.00419 0.00091 0.00057 0.00035 0.00007 0.00005 0.00037 0.00012 0.02800 0.03161 0.02317 0.03114 0.03278 0.05295 0.10816 0.11996 0.08893 0.04950 0.02987 0.01632 0.00683 0.00156 0.00054 
165	3	0.00000 0.00000 0.00013 0.03190 0.09188 0.07723 0.02629 0.00703 0.01147 0.01818 0.00522 0.00074 0.00167 0.01612 0.00867 0.00023 0.00006 0.00030 0.00361 0.03102 0.07693 0.10190 0.08438 0.05992 0.06862 0.07460 0.05348 0.03582 0.03643 0.04883 0.02457 0.00275 
166	3	0.00000 0.00000 0.00000 0.00021 0.17522 0.07764 0.10888 0.05208 0.00083 0.00079 0.00247 0.00587 0.00892 0.00170 0.00001 0.00006 0.00002 0.00032 0.00208 0.01392 0.08130 0.12715 0.09759 0.04731 0.02580 0.02893 0.03950 0.04738 0.04088 0.01232 0.00064 0.00014 
167	3	0.00000 0.00000 0.00158 0.07154 0.10083 0.11112 0.05412 0.00632 0.00349 0.00181 0.00184 0.00492 0.00962 0.01370 0.00007 0.00002 0.00034 0.00268 0.01030 0.04678 0.11135 0.14693 0.09245 0.03178 0.02457 0.02438 0.02605 0.03469 0.03845 0.02572 0.00227 0.00027 
168	3	0.00000 0.00000 0.00000 0.01580 0.18623 0.15554 0.04301 0.01752 0.01844 0.00195 0.00542 0.01530 0.02872 0.00222 0.00001 0.00000 0.00000 0.00010 0.00027 0.00644 0.04679 0.09643 0.06290 0.02909 0.02357 0.02308 0.04332 0.07807 0.07904 0.01940 0.00127 0.00005 
169	3	0.00000 0.00001 0.00056 0.04653 0.21849 0.14310 0.12840 0.06182 0.01727 0.00302 0.00297 0.00596 0.00411 0.00035 0.00001 0.00000 0.00000 0.00158 0.00837 0.02317 0.03654 0.03279 0.03340 0.03232 0.03690 0.03539 0.03765 0.04580 0.03211 0.00974 0.00156 0.00007 
170	3	0.00000 0.00000 0.00000 0.00013 0.00871 0.03910 0.06732 0.04467 0.02700 0.02149 0.00902 0.00359 0.00353 0.01000 0.00183 0.00038 0.00002 0.00009 0.00053 0.00430 0.02728 0.07915 0.12022 0.12382 0.11113 0.09174 0.06509 0.04736 0.03930 0.03609 0.01380 0.00332 
171	3	0.00000 0.00006 0.00114 0.00514 0.00642 0.00395 0.00421 0.00326 0.00504 0.00642 0.00999 0.13533 0.03355 0.00168 0.00037 0.00046 0.00047 0.00954 0.02275 0.04098 0.06208 0.06965 0.07067 0.05901 0.05893 0.06271 0.07513 0.12642 0.08243 0.02373 0.01285 0.00558 
172	3	0.00000 0.00010 0.00069 0.00262 0.00514 0.00400 0.00284 0.00265 0.00335 0.01111 0.08090 0.15468 0.00306 0.00092 0.00072 0.00135 0.00012 0.00443 0.01555 0.03611 0.06372 0.08152 0.07795 0.06304 0.06049 0.06730 0.09942 0.09145 0.02950 0.01661 0.01243 0.00623 
173	3	0.00007 0.00245 0.00081 0.00300 0.00549 0.01642 0.05877 0.07680 0.08971 0.05722 0.03076 0.01915 0.01046 0.00204 0.00015 0.00001 0.00102 0.00557 0.00727 0.01253 0.02343 0.04874 0.09077 0.11599 0.11437 0.08580 0.05697 0.03874 0.01919 0.00513 0.00100 0.00016 
174	3	0.00000 0.00000 0.00000 0.00007 0.08325 0.19497 0.01051 0.00600 0.00947 0.00749 0.00239 0.00226 0.00256 0.00643 0.00554 0.00106 0.00099 0.00384 0.00832 0.02065 0.07224 0.09390 0.06156 0.05732 0.07026 0.06231 0.04802 0.04349 0.04148 0.04412 0.03143 0.00808 
175	3	0.00000 0.00000 0.00000 0.00002 0.05400 0.12233 0.01031 0.02085 0.05411 0.03005 0.01539 0.01016 0.00793 0.01274 0.00967 0.00297 0.00017 0.00021 0.00131 0.00638 0.05137 0.07833 0.05015 0.06232 0.08849 0.08742 0.07134 0.05445 0.04252 0.03322 0.01755 0.00422 
176	3	0.00000 0.00000 0.00000 0.00012 0.03784 0.16193 0.00420 0.01642 0.02243 0.01339 0.00439 0.00406 0.00485 0.00832 0.00880 0.00093 0.00015 0.00182 0.00578 0.02119 0.06545 0.08836 0.05441 0.06804 0.09400 0.08564 0.06521 0.05386 0.04273 0.03845 0.02324 0.00399 
177	3	0.00000 0.00000 0.00000 0.00000 0.00218 0.21207 0.12180 0.03479 0.03099 0.02387 0.01074 0.00341 0.00269 0.00657 0.01150 0.00443 0.00018 0.00034 0.00118 0.00468 0.01130 0.04825 0.06915 0.05487 0.06283 0.06348 0.05106 0.04107 0.03843 0.04160 0.03579 0.01074 
178	3	0.00000 0.00315 0.05473 0.08406 0.06334 0.01952 0.01454 0.00848 0.00793 0.00860 0.01353 0.01152 0.00212 0.00008 0.00000 0.00018 0.00092 0.01769 0.06776 0.12712 0.12264 0.07477 0.06037 0.05185 0.04589 0.04454 0.04286 0.03245 0.01248 0.00400 0.00202 0.00083 
179	3	0.00000 0.00075 0.01877 0.06202 0.04635 0.01828 0.00943 0.00549 0.00478 0.01106 0.01748 0.01683 0.00537 0.00008 0.00009 0.00002 0.00146 0.02150 0.06742 0.12572 0.11761 0.08352 0.05766 0.05525 0.05297 0.06321 0.06649 0.04485 0.01803 0.00472 0.00243 0.00035 
180	3	0.00000 0.00084 0.02140 0.05912 0.04702 0.02369 0.01111 0.00887 0.01152 0.02433 0.02488 0.01567 0.00094 0.00000 0.00000 0.00000 0.00160 0.02062 0.05857 0.10295 0.11046 0.07554 0.06105 0.06278 0.07101 0.08084 0.06427 0.02944 0.00690 0.00244 0.00170 0.00042 
181	3	0.00001 0.00215 0.04339 0.08051 0.04342 0.02035 0.01657 0.01719 0.02389 0.02541 0.01131 0.00017 0.00000 0.00000 0.00000 0.00000 0.00312 0.02712 0.07526 0.10589 0.08245 0.06381 0.06484 0.07964 0.08662 0.07653 0.03598 0.00762 0.00288 0.00200 0.00147 0.00037 
182	3	0.00000 0.00006 0.02347 0.02325 0.01532 0.00181 0.00117 0.00200 0.01663 0.00905 0.00473 0.00286 0.00162 0.00421 0.01415 0.00143 0.00031 0.00894 0.03310 0.04837 0.05763 0.07145 0.07924 0.08360 0.09601 0.08850 0.07711 0.06268 0.05315 0.05467 0.05103 0.01242 
183	3	0.00000 0.00788 0.07978 0.09575 0.06276 0.03976 0.02315 0.02085 0.01997 0.02118 0.01406 0.00717 0.00201 0.00157 0.00150 0.00109 0.00016 0.00982 0.05164 0.08073 0.07664 0.06985 0.05795 0.06471 0.06766 0.06019 0.03374 0.01454 0.00661 0.00407 0.00253 0.00065 
184	3	0.00000 0.00000 0.00005 0.00478 0.01958 0.02341 0.03333 0.03327 0.03195 0.04346 0.03867 0.02977 0.01758 0.00677 0.00151 0.00000 0.00009 0.00104 0.00560 0.02312 0.05265 0.06623 0.07552 0.07997 0.08403 0.09323 0.09035 0.07285 0.04681 0.02045 0.00387 0.00006 
185	3	0.00000 0.00000 0.00000 0.00000 0.00162 0.01222 0.02130 0.02355 0.03646 0.03562 0.03847 0.03719 0.02801 0.01212 0.00260 0.00032 0.00000 0.00001 0.00034 0.00343 0.01450 0.03975 0.06178 0.07776 0.09602 0.10559 0.11405 0.10880 0.07749 0.03807 0.01156 0.00137 
186	3	0.00000 0.00000 0.00029 0.00662 0.02410 0.02483 0.00920 0.00575 0.00375 0.00103 0.00045 0.00028 0.00031 0.00087 0.00167 0.00113 0.00013 0.00168 0.01298 0.06066 0.11935 0.11198 0.09022 0.11091 0.11189 0.07648 0.05921 0.04931 0.04246 0.03685 0.02608 0.00952 
187	3	0.00000 0.00000 0.00013 0.00775 0.02172 0.01795 0.01032 0.00580 0.00317 0.00091 0.00035 0.00062 0.00044 0.00069 0.00277 0.00161 0.00010 0.00159 0.01325 0.06452 0.12311 0.11435 0.10640 0.12410 0.11122 0.07159 0.05244 0.04402 0.03718 0.03157 0.02295 0.00737 
188	3	0.00000 0.00000 0.00080 0.00554 0.01265 0.01333 0.00700 0.00252 0.00141 0.00080 0.00029 0.00023 0.00047 0.00107 0.00460 0.03654 0.00015 0.00332 0.02310 0.06648 0.10413 0.09629 0.08532 0.09049 0.08510 0.07680 0.06132 0.05622 0.05340 0.05290 0.03881 0.01893 
189	3	0.00000 0.00000 0.00012 0.00145 0.00912 0.01303 0.01129 0.01907 0.01697 0.01552 0.03244 0.05054 0.00776 0.00319 0.00196 0.00185 0.00006 0.00190 0.01269 0.04262 0.10910 0.13929 0.11068 0.07671 0.06576 0.06932 0.06860 0.05806 0.03152 0.01992 0.00648 0.00296 
190	3	0.00000 0.00000 0.00016 0.00385 0.00558 0.01000 0.00505 0.00262 0.00145 0.00128 0.00160 0.00080 0.00219 0.00067 0.00050 0.02615 0.00005 0.00301 0.03068 0.09323 0.14109 0.16382 0.13310 0.08134 0.05788 0.04472 0.03979 0.03767 0.03557 0.02898 0.02353 0.02362 
191	3	0.00000 0.00000 0.00013 0.00228 0.00292 0.00245 0.00235 0.00175 0.00355 0.00337 0.00218 0.00033 0.00045 0.00062 0.03234 0.03776 0.00004 0.00132 0.01512 0.04272 0.06816 0.08277 0.09228 0.09352 0.09780 0.09183 0.07843 0.06340 0.05424 0.04679 0.04352 0.03556 
192	3	0.00000 0.00000 0.00008 0.00416 0.00394 0.00315 0.00281 0.00309 0.00631 0.00341 0.00017 0.00009 0.00011 0.00439 0.03620 0.04845 0.00001 0.00113 0.01323 0.04492 0.07610 0.09175 0.10953 0.10882 0.11045 0.08710 0.05813 0.04970 0.03797 0.03598 0.03440 0.02440 
193	3	0.00000 0.00011 0.00268 0.00239 0.00188 0.00100 0.00071 0.00030 0.00021 0.00017 0.00030 0.00025 0.00024 0.00026 0.00045 0.00652 0.00098 0.01360 0.03247 0.05045 0.06817 0.08202 0.08902 0.08892 0.09427 0.09758 0.09493 0.08513 0.06813 0.05450 0.04206 0.02025 
194	3	0.00000 0.00007 0.00592 0.03906 0.15261 0.14390 0.06976 0.06003 0.03149 0.00320 0.00255 0.00313 0.00203 0.00452 0.00700 0.03780 0.00017 0.00183 0.01205 0.04207 0.07913 0.07600 0.05832 0.04199 0.02904 0.01972 0.01969 0.02128 0.01610 0.01134 0.00524 0.00295 
195	3	0.00000 0.00365 0.03259 0.09237 0.14523 0.09707 0.03013 0.02877 0.01064 0.00600 0.00260 0.00336 0.00284 0.00282 0.00829 0.08992 0.00011 0.00895 0.04010 0.07367 0.07131 0.04881 0.03530 0.02964 0.02594 0.02562 0.02500 0.02098 0.01373 0.00849 0.00955 0.00651 
196	3	0.00000 0.00030 0.01950 0.05290 0.12493 0.11455 0.02869 0.01773 0.00543 0.00365 0.00328 0.00502 0.00539 0.00679 0.01163 0.16113 0.00004 0.00210 0.01342 0.03771 0.07033 0.06017 0.04057 0.03843 0.03250 0.03138 0.02941 0.02814 0.02054 0.01399 0.01132 0.00902 
197	3	0.00000 0.00000 0.00041 0.00327 0.03770 0.12252 0.07555 0.01146 0.00945 0.01340 0.00119 0.00006 0.00005 0.00002 0.00000 0.00008 0.00008 0.00112 0.00900 0.04441 0.14230 0.17421 0.09557 0.04603 0.08125 0.08553 0.02894 0.00902 0.00486 0.00179 0.00040 0.00031 
198	3	0.00000 0.00003 0.00317 0.00730 0.02180 0.08970 0.09250 0.01826 0.00899 0.01243 0.00082 0.00063 0.00062 0.00001 0.00000 0.00000 0.00019 0.00519 0.03177 0.06360 0.11161 0.15760 0.11622 0.05592 0.07687 0.08287 0.02612 0.00875 0.00477 0.00160 0.00037 0.00027 
199	3	0.00000 0.00080 0.03133 0.06230 0.03221 0.01435 0.01056 0.00845 0.00781 0.03041 0.00851 0.00235 0.00212 0.00345 0.00197 0.00022 0.00025 0.02712 0.12883 0.18772 0.09871 0.03044 0.03014 0.03783 0.05094 0.10635 0.05809 0.00984 0.00732 0.00582 0.00298 0.00076 
200	3	0.00000 0.00048 0.01169 0.02820 0.02550 0.03852 0.03723 0.02258 0.02677 0.05594 0.02519 0.02364 0.01477 0.01566 0.01629 0.00236 0.00038 0.01035 0.04810 0.08196 0.07215 0.05385 0.05121 0.05042 0.07294 0.11267 0.05379 0.01746 0.01203 0.01042 0.00632 0.00111 
201	3	0.00000 0.00067 0.01392 0.00493 0.00761 0.02110 0.05270 0.06659 0.06561 0.04387 0.02433 0.01020 0.00477 0.00262 0.00285 0.00176 0.00071 0.02627 0.08040 0.06952 0.06758 0.07808 0.08018 0.07927 0.06979 0.05982 0.03415 0.01266 0.00786 0.00463 0.00332 0.00223 
202	3	0.00000 0.00015 0.00368 0.01187 0.02657 0.02252 0.02448 0.01871 0.02790 0.02386 0.00454 0.00491 0.00120 0.00092 0.00090 0.00016 0.00033 0.00993 0.04607 0.10445 0.14151 0.12115 0.09125 0.07524 0.09344 0.08658 0.03227 0.01356 0.00659 0.00336 0.00142 0.00048 
203	3	0.00000 0.00018 0.00469 0.01180 0.01740 0.02645 0.02240 0.02424 0.01774 0.01730 0.00803 0.00598 0.00402 0.00288 0.00094 0.00082 0.00020 0.00911 0.05995 0.11006 0.12684 0.11880 0.09099 0.08344 0.08376 0.07857 0.03943 0.01527 0.00992 0.00547 0.00234 0.00097 
204	3	0.00000 0.00024 0.00045 0.00314 0.01657 0.02963 0.05964 0.07006 0.06308 0.06666 0.04150 0.01362 0.00735 0.00130 0.00057 0.00007 0.00017 0.00265 0.00643 0.01503 0.03047 0.05522 0.09399 0.11056 0.10535 0.08670 0.05769 0.03110 0.01686 0.00930 0.00415 0.00042 
205	3	0.00000 0.00027 0.01252 0.01690 0.01659 0.00562 0.00106 0.00112 0.00217 0.00008 0.00010 0.00014 0.00014 0.00033 0.00077 0.00017 0.00117 0.04332 0.18680 0.27218 0.20215 0.06090 0.02647 0.02393 0.02231 0.01825 0.01777 0.01651 0.01602 0.01493 0.01366 0.00565 
206	3	0.00000 0.00027 0.01534 0.01652 0.01071 0.00454 0.00280 0.00358 0.00161 0.00025 0.00040 0.00052 0.00054 0.00086 0.00122 0.00023 0.00059 0.04134 0.19924 0.26812 0.17444 0.06326 0.03396 0.02871 0.02440 0.01924 0.01894 0.01881 0.01701 0.01594 0.01199 0.00460 
207	3	0.00000 0.00017 0.00750 0.01050 0.02183 0.00565 0.00658 0.01687 0.02006 0.02988 0.02942 0.01912 0.01012 0.00145 0.00001 0.00002 0.00080 0.03025 0.12439 0.19950 0.19192 0.07071 0.03904 0.03745 0.03468 0.02814 0.02135 0.01556 0.01075 0.00770 0.00619 0.00240 
208	3	0.00000 0.00017 0.00244 0.00528 0.00236 0.00574 0.00610 0.00700 0.01666 0.02909 0.03928 0.07431 0.10267 0.04234 0.00055 0.00000 0.00018 0.00352 0.00935 0.01518 0.01771 0.02714 0.03548 0.04498 0.06164 0.07710 0.09087 0.11283 0.11315 0.05234 0.00449 0.00006 
209	3	0.00000 0.00009 0.00323 0.01135 0.00962 0.01280 0.02092 0.03657 0.04120 0.02776 0.03542 0.05547 0.04950 0.04756 0.00230 0.00004 0.00002 0.00212 0.00879 0.02225 0.03642 0.04806 0.05630 0.06475 0.06596 0.06444 0.07180 0.08031 0.07322 0.04398 0.00760 0.00012 
210	4	0.00000 0.00099 0.00085 0.00082 0.00551 0.00868 0.01432 0.01102 0.00927 0.00778 0.09670 0.12807 0.00460 0.31152 0.00903 0.01945 0.00044 0.00249 0.00533 0.01170 0.02790 0.05110 0.05795 0.04168 0.02299 0.01435 0.03024 0.03708 0.01606 0.02065 0.02037 0.01105 
211	4	0.00004 0.00095 0.00036 0.00061 0.00138 0.00198 0.00254 0.00640 0.01029 0.06369 0.16171 0.03483 0.04274 0.31652 0.00808 0.00903 0.00059 0.00200 0.00420 0.00829 0.01247 0.01429 0.01550 0.02042 0.02576 0.04567 0.07221 0.04216 0.02518 0.02482 0.01752 0.00778 
212	4	0.00000 0.00000 0.00002 0.00084 0.00035 0.00097 0.00295 0.00797 0.01009 0.09552 0.11894 0.02147 0.05791 0.32658 0.00740 0.00960 0.00006 0.00059 0.00191 0.00371 0.00589 0.00995 0.01715 0.02860 0.03644 0.06175 0.06880 0.03320 0.02190 0.02302 0.01784 0.00856 
213	4	0.00058 0.00024 0.00002 0.00000 0.00000 0.00005 0.00250 0.02041 0.05135 0.03925 0.03860 0.04706 0.09034 0.03919 0.14992 0.03184 0.00393 0.00854 0.00681 0.00565 0.00526 0.00943 0.01926 0.05372 0.10281 0.10766 0.06647 0.03777 0.02783 0.01313 0.01317 0.00721 
214	4	0.00000 0.00002 0.00001 0.00004 0.00010 0.00034 0.00127 0.00502 0.00686 0.01366 0.07827 0.04897 0.09884 0.21958 0.03577 0.01331 0.00025 0.00278 0.00488 0.00852 0.01262 0.01955 0.03211 0.04927 0.05561 0.06691 0.07471 0.04986 0.04475 0.03077 0.01774 0.00760 
215	4	0.00000 0.00000 0.00000 0.00003 0.00020 0.00035 0.00101 0.00318 0.00540 0.00724 0.03348 0.04942 0.12953 0.23583 0.03464 0.01208 0.00020 0.00185 0.00423 0.00774 0.01420 0.02337 0.03777 0.05508 0.07001 0.06842 0.06343 0.04933 0.03648 0.02500 0.02086 0.00959 
216	4	0.00000 0.00000 0.00002 0.00001 0.00007 0.00015 0.00062 0.00070 0.00170 0.02988 0.03938 0.12837 0.21222 0.19930 0.02566 0.01015 0.00026 0.00195 0.00361 0.00586 0.00952 0.01521 0.02123 0.02571 0.03067 0.05483 0.05185 0.03402 0.04339 0.03179 0.01538 0.00646 
217	4	0.00000 0.00000 0.00000 0.00000 0.00000 0.00000 0.00000 0.00001 0.00001 0.00029 0.00955 0.12253 0.39185 0.07888 0.06419 0.01238 0.00012 0.00093 0.00110 0.00134 0.00208 0.00290 0.00411 0.00523 0.00749 0.01240 0.03010 0.07083 0.07982 0.05520 0.03525 0.01140 
218	4	0.00000 0.00000 0.00040 0.00077 0.00281 0.00695 0.01258 0.02998 0.09210 0.18531 0.18541 0.16929 0.02088 0.03815 0.00705 0.00225 0.00002 0.00016 0.00098 0.00191 0.00368 0.00541 0.00688 0.01190 0.02513 0.03746 0.04376 0.03749 0.02908 0.02479 0.01293 0.00447 
219	4	0.00000 0.00000 0.00002 0.00001 0.00000 0.00003 0.00011 0.00096 0.00585 0.05377 0.33322 0.06562 0.05295 0.05831 0.03164 0.00664 0.00002 0.00073 0.00229 0.00331 0.00672 0.01232 0.02232 0.04207 0.06766 0.06272 0.05152 0.04026 0.02810 0.02447 0.01892 0.00742 
220	4	0.00000 0.00005 0.00057 0.00097 0.00123 0.00077 0.00045 0.00011 0.00229 0.00592 0.00729 0.16706 0.16394 0.07310 0.08497 0.01652 0.00036 0.00209 0.00588 0.01229 0.01619 0.01302 0.00817 0.00697 0.02630 0.06077 0.07355 0.07871 0.06259 0.04463 0.04735 0.01586 
221	4	0.00000 0.00000 0.00000 0.00000 0.00003 0.00024 0.00440 0.01237 0.01809 0.12405 0.06492 0.04595 0.07975 0.18048 0.06694 0.01607 0.00004 0.00012 0.00032 0.00071 0.00305 0.00868 0.02647 0.05058 0.05607 0.05475 0.04871 0.02954 0.03345 0.04300 0.02555 0.00567 
222	4	0.00000 0.00001 0.00024 0.00055 0.00102 0.00085 0.00670 0.01209 0.03090 0.09353 0.09629 0.04556 0.08269 0.10557 0.04282 0.01192 0.00037 0.00181 0.00465 0.00965 0.01478 0.01822 0.03189 0.05643 0.07710 0.07189 0.04432 0.03027 0.03329 0.03531 0.02712 0.01211 
223	4	0.00000 0.00065 0.01497 0.00930 0.00237 0.00577 0.00040 0.03895 0.06116 0.01645 0.03662 0.06995 0.18246 0.10532 0.10041 0.02418 0.00016 0.00258 0.01272 0.01433 0.00594 0.00534 0.00475 0.02097 0.02951 0.01846 0.03163 0.05214 0.05359 0.04326 0.02860 0.00706 
224	4	0.00000 0.00002 0.00000 0.00000 0.00000 0.00002 0.00010 0.00407 0.01031 0.02869 0.02015 0.05888 0.11575 0.11587 0.07840 0.02413 0.00029 0.00201 0.00231 0.00318 0.00489 0.00860 0.01531 0.03210 0.06284 0.09371 0.11514 0.09515 0.03438 0.02847 0.03023 0.01498 
225	4	0.00001 0.00007 0.00260 0.00532 0.00047 0.00077 0.00102 0.00554 0.00895 0.14115 0.29021 0.01636 0.01047 0.04393 0.05280 0.01260 0.00049 0.00227 0.00970 0.01312 0.00962 0.01301 0.01895 0.03232 0.03955 0.05248 0.04991 0.02802 0.03350 0.04872 0.04225 0.01380 
226	4	0.00003 0.00001 0.00006 0.00005 0.00021 0.00068 0.00149 0.00591 0.01910 0.04468 0.03931 0.03331 0.25382 0.17150 0.02100 0.00460 0.00074 0.00182 0.00294 0.00527 0.00936 0.01507 0.02235 0.03518 0.04727 0.05982 0.06335 0.04693 0.03439 0.02926 0.02222 0.00827 
227	4	0.00000 0.00002 0.00017 0.00047 0.00163 0.00093 0.00157 0.01065 0.00710 0.00592 0.01012 0.07804 0.16172 0.03720 0.10340 0.02245 0.00005 0.00148 0.00337 0.00771 0.01188 0.01627 0.03043 0.05989 0.06899 0.06244 0.04770 0.04855 0.05242 0.06477 0.06441 0.01822 
228	4	0.00000 0.00001 0.00001 0.00010 0.00047 0.00305 0.00506 0.00332 0.00511 0.02661 0.01065 0.00116 0.10444 0.12078 0.02245 0.11691 0.00049 0.00210 0.00391 0.01042 0.02657 0.05528 0.06825 0.06157 0.06324 0.08979 0.07715 0.03473 0.02270 0.02177 0.01950 0.02236 
229	4	0.00000 0.00007 0.00015 0.00007 0.00043 0.00131 0.00346 0.00284 0.00234 0.01533 0.05534 0.00494 0.01833 0.07055 0.05965 0.05696 0.00055 0.00245 0.00485 0.00989 0.02169 0.04153 0.06024 0.06163 0.06667 0.10362 0.12475 0.08834 0.05910 0.03485 0.01885 0.00922 
230	4	0.00000 0.00007 0.00057 0.00090 0.00383 0.00582 0.00957 0.00605 0.00180 0.02513 0.21329 0.02243 0.08197 0.17635 0.00517 0.01015 0.00052 0.00312 0.00664 0.01284 0.02367 0.03842 0.04310 0.02965 0.01513 0.04987 0.10235 0.04594 0.02384 0.02208 0.01299 0.00672 
231	4	0.00002 0.00051 0.00004 0.00004 0.00012 0.00023 0.00132 0.00226 0.00584 0.00963 0.08158 0.01914 0.14598 0.05586 0.09578 0.02614 0.00095 0.00300 0.00441 0.00629 0.01070 0.02150 0.03822 0.04202 0.02797 0.02602 0.06563 0.08289 0.09266 0.05438 0.05563 0.02322 
232	4	0.00000 0.00000 0.00000 0.00000 0.00000 0.00002 0.00007 0.00064 0.00276 0.02037 0.04710 0.03215 0.03488 0.16489 0.02563 0.11342 0.00029 0.00205 0.00219 0.00336 0.00578 0.01137 0.02330 0.04371 0.07636 0.10797 0.13101 0.07336 0.02002 0.02143 0.02070 0.01515 
233	4	0.00007 0.00005 0.00007 0.00005 0.00010 0.00062 0.00109 0.00207 0.00130 0.00283 0.07375 0.04375 0.02722 0.05049 0.09058 0.09977 0.00081 0.00192 0.00290 0.00485 0.01195 0.02656 0.04266 0.05481 0.06030 0.07717 0.11370 0.11055 0.05627 0.02324 0.01237 0.00612 
234	4	0.00000 0.00000 0.00014 0.00013 0.00007 0.00022 0.00162 0.00793 0.00439 0.00513 0.00395 0.08309 0.09116 0.04183 0.03977 0.00034 0.00010 0.00152 0.00330 0.00695 0.01214 0.02845 0.07048 0.11708 0.10903 0.09314 0.07517 0.07197 0.06887 0.03984 0.01770 0.00448 
235	4	0.00000 0.00000 0.00003 0.00022 0.00095 0.00313 0.00293 0.00562 0.00422 0.00227 0.10573 0.10945 0.07497 0.07173 0.04152 0.00033 0.00069 0.00225 0.00485 0.01365 0.02899 0.04839 0.05932 0.06807 0.06115 0.05206 0.06669 0.07424 0.04649 0.02903 0.01670 0.00430 
236	4	0.00000 0.00002 0.00002 0.00010 0.00050 0.00271 0.00536 0.00396 0.01515 0.06364 0.16532 0.00466 0.26853 0.10359 0.00675 0.01169 0.00043 0.00199 0.00291 0.00601 0.01242 0.02259 0.02843 0.02582 0.02169 0.05883 0.07775 0.02182 0.02183 0.02290 0.01450 0.00803 
237	4	0.00000 0.00001 0.00002 0.00005 0.00022 0.00095 0.00197 0.00464 0.00779 0.04720 0.15552 0.07265 0.03762 0.29930 0.00581 0.01048 0.00060 0.00189 0.00323 0.00564 0.00989 0.01675 0.02292 0.02625 0.03227 0.05287 0.07762 0.05385 0.01919 0.01771 0.01105 0.00404 
238	4	0.00000 0.00000 0.00000 0.02962 0.39880 0.10475 0.00145 0.00094 0.00300 0.00869 0.00089 0.00162 0.00278 0.00608 0.05116 0.00000 0.00001 0.00006 0.00080 0.01009 0.02861 0.03500 0.03984 0.03870 0.04009 0.03019 0.02942 0.02231 0.02840 0.04179 0.04417 0.00072 
239	4	0.00446 0.25312 0.09938 0.01152 0.00897 0.01688 0.02258 0.07801 0.28130 0.08070 0.00287 0.00090 0.00084 0.00088 0.00014 0.00001 0.00268 0.01360 0.01330 0.00889 0.00773 0.00715 0.00895 0.01567 0.02305 0.01677 0.00962 0.00492 0.00285 0.00162 0.00051 0.00011 
240	4	0.00000 0.00000 0.03496 0.11884 0.09458 0.07180 0.03682 0.12317 0.34127 0.00558 0.00185 0.00108 0.00035 0.00177 0.00001 0.00000 0.00000 0.00000 0.00474 0.01144 0.01118 0.00928 0.00970 0.03673 0.04610 0.01723 0.00962 0.00534 0.00357 0.00242 0.00054 0.00002 
241	4	0.00000 0.00000 0.00014 0.00564 0.00594 0.00435 0.00523 0.06820 0.08290 0.09525 0.08204 0.03959 0.01611 0.02412 0.01025 0.00002 0.00002 0.00040 0.00430 0.01937 0.03110 0.03378 0.03377 0.05003 0.06695 0.06481 0.05027 0.04865 0.06259 0.06564 0.02716 0.00137 
242	4	0.00000 0.00000 0.00002 0.00177 0.00374 0.00199 0.02265 0.11665 0.08698 0.12158 0.04900 0.02313 0.01639 0.02534 0.01090 0.00024 0.00002 0.00028 0.00154 0.00766 0.01738 0.02257 0.02844 0.04716 0.06247 0.05907 0.04525 0.05575 0.06814 0.06739 0.03355 0.00295 
243	4	0.00000 0.00000 0.00000 0.00002 0.00002 0.18231 0.07247 0.07577 0.06071 0.01072 0.02855 0.02367 0.05247 0.04585 0.00744 0.00005 0.00003 0.00007 0.00050 0.00148 0.00262 0.01863 0.02484 0.02115 0.02336 0.03355 0.05702 0.07251 0.09389 0.06687 0.02197 0.00145 
244	4	0.00000 0.00000 0.00000 0.00000 0.00006 0.22705 0.13083 0.03309 0.09369 0.03816 0.03820 0.05096 0.04707 0.05652 0.00664 0.00012 0.00002 0.00010 0.00020 0.00058 0.00119 0.01605 0.01588 0.00825 0.02277 0.04434 0.04835 0.04951 0.03908 0.02144 0.00892 0.00093 
245	4	0.00000 0.00000 0.00021 0.00264 0.00650 0.03852 0.07277 0.08034 0.05041 0.03420 0.02930 0.01382 0.01203 0.01935 0.02703 0.00000 0.00001 0.00046 0.00418 0.01898 0.03694 0.04904 0.05269 0.06011 0.07173 0.05919 0.05651 0.05929 0.05952 0.05809 0.02578 0.00034 
246	4	0.00000 0.00000 0.00003 0.00989 0.01789 0.00550 0.05797 0.11644 0.06902 0.02867 0.00392 0.01014 0.01961 0.01837 0.00877 0.00000 0.00001 0.00026 0.00330 0.02834 0.05663 0.05195 0.06065 0.06863 0.07476 0.05554 0.03921 0.05034 0.06298 0.05888 0.02184 0.00045 
247	4	0.00000 0.00000 0.00000 0.00309 0.00305 0.00510 0.00977 0.04024 0.15078 0.09583 0.08136 0.00825 0.00323 0.01669 0.01160 0.00000 0.00001 0.00016 0.00179 0.00935 0.01952 0.02880 0.05086 0.10403 0.12120 0.06525 0.04594 0.02862 0.03220 0.04094 0.02205 0.00031 
248	4	0.00000 0.00000 0.00000 0.00002 0.00050 0.00175 0.00712 0.08295 0.09010 0.02627 0.00010 0.00062 0.03417 0.09060 0.03837 0.00000 0.00001 0.00015 0.00082 0.00259 0.01161 0.03971 0.08048 0.09040 0.06216 0.04204 0.03269 0.04129 0.07173 0.10251 0.04882 0.00041 
249	4	0.00000 0.00001 0.00018 0.00795 0.31573 0.08655 0.01134 0.02108 0.05626 0.11766 0.02165 0.01615 0.00742 0.00927 0.00577 0.00000 0.00007 0.00065 0.00410 0.01404 0.03183 0.02887 0.02208 0.02345 0.03864 0.04615 0.03619 0.02618 0.02135 0.01905 0.01016 0.00015 
250	4	0.00000 0.00000 0.00000 0.00088 0.03816 0.01000 0.00370 0.02119 0.00445 0.00011 0.00001 0.00055 0.37387 0.02092 0.05906 0.01212 0.00014 0.00075 0.00289 0.02036 0.07509 0.08550 0.05987 0.05597 0.03823 0.01589 0.01055 0.01148 0.02360 0.02139 0.02403 0.00922 
251	4	0.00000 0.00000 0.00000 0.00000 0.00759 0.01790 0.00380 0.00247 0.00260 0.00215 0.12539 0.15791 0.09255 0.00821 0.00245 0.00000 0.00000 0.00003 0.00022 0.00245 0.03270 0.06289 0.05697 0.06290 0.06842 0.06288 0.06630 0.06423 0.05049 0.03501 0.01138 0.00010 
252	4	0.00000 0.00000 0.00061 0.04002 0.03657 0.00012 0.00000 0.00000 0.01519 0.30765 0.01628 0.07450 0.07226 0.05470 0.01711 0.00002 0.00002 0.00010 0.00416 0.03275 0.03039 0.00334 0.00143 0.00143 0.00667 0.02248 0.02844 0.04793 0.07347 0.08264 0.02940 0.00029 
253	4	0.00000 0.00000 0.00000 0.00000 0.24945 0.12206 0.00269 0.00225 0.02177 0.07802 0.02002 0.02595 0.03709 0.00264 0.00019 0.00000 0.00001 0.00007 0.00051 0.00175 0.01819 0.02849 0.02365 0.02618 0.04168 0.06447 0.07327 0.07944 0.05995 0.01873 0.00144 0.00002 
254	4	0.00000 0.00000 0.00000 0.02494 0.00791 0.00001 0.00000 0.00037 0.00077 0.37920 0.03513 0.06001 0.07634 0.06410 0.02027 0.00001 0.00000 0.00011 0.00052 0.00909 0.00752 0.00076 0.00106 0.00403 0.01045 0.02919 0.03622 0.05005 0.06914 0.07902 0.03321 0.00057 
255	4	0.00000 0.00000 0.00000 0.00029 0.06897 0.02392 0.00002 0.00007 0.00032 0.31670 0.05300 0.03112 0.07070 0.05609 0.01644 0.00001 0.00000 0.00001 0.00009 0.00325 0.03018 0.02203 0.00179 0.00292 0.00691 0.02556 0.03725 0.04207 0.07325 0.08464 0.03190 0.00046 
256	4	0.00000 0.00000 0.00000 0.00001 0.18770 0.21032 0.00342 0.00171 0.01025 0.04902 0.03397 0.02399 0.03575 0.00847 0.00060 0.00000 0.00001 0.00005 0.00025 0.00114 0.01425 0.02785 0.02379 0.02398 0.03744 0.05468 0.07568 0.07522 0.06894 0.02848 0.00287 0.00012 
257	4	0.00000 0.00001 0.00437 0.06414 0.07138 0.03487 0.01666 0.03014 0.02083 0.03644 0.12412 0.13794 0.01772 0.02927 0.02582 0.00000 0.00001 0.00019 0.00492 0.01471 0.02225 0.02480 0.02859 0.03452 0.03630 0.03338 0.03912 0.03694 0.03465 0.04506 0.02999 0.00085 
258	4	0.00000 0.00000 0.00000 0.00096 0.00697 0.00902 0.00204 0.00291 0.00263 0.00360 0.25074 0.14139 0.00634 0.00848 0.00267 0.00000 0.00001 0.00017 0.00103 0.00832 0.02300 0.02750 0.04084 0.06762 0.07977 0.07682 0.06717 0.05876 0.04987 0.04549 0.01551 0.00032 
259	4	0.00000 0.00000 0.00000 0.00097 0.00684 0.00225 0.00129 0.00271 0.00327 0.00427 0.17599 0.17950 0.04706 0.00744 0.00808 0.00010 0.00001 0.00006 0.00085 0.01040 0.03158 0.03677 0.04012 0.06028 0.06423 0.06035 0.06751 0.05810 0.04660 0.05023 0.03110 0.00204 
260	4	0.00000 0.00000 0.00000 0.00005 0.00376 0.00148 0.00038 0.00114 0.00188 0.00455 0.14673 0.19897 0.08215 0.00329 0.01157 0.00004 0.00004 0.00013 0.00072 0.00512 0.02028 0.02734 0.03192 0.05043 0.06406 0.06753 0.06822 0.06338 0.05082 0.05058 0.04024 0.00321 
261	4	0.00000 0.00000 0.01327 0.02236 0.02243 0.00290 0.00098 0.00114 0.00180 0.01027 0.38764 0.00250 0.00822 0.00805 0.01613 0.00159 0.00001 0.00042 0.01416 0.05588 0.07757 0.05025 0.03886 0.03823 0.03369 0.03641 0.03838 0.02727 0.02711 0.03043 0.02436 0.00769 
262	4	0.00000 0.00000 0.00299 0.00975 0.00768 0.00382 0.00187 0.00243 0.00648 0.00657 0.06384 0.30402 0.00527 0.00582 0.00324 0.00030 0.00003 0.00092 0.00706 0.02789 0.03519 0.03401 0.03590 0.05701 0.08626 0.08555 0.07196 0.05010 0.03677 0.02917 0.01550 0.00258 
263	4	0.00000 0.00000 0.00097 0.00362 0.00497 0.00360 0.00504 0.00590 0.00339 0.00180 0.04019 0.31984 0.01798 0.00214 0.00085 0.00010 0.00008 0.00076 0.00790 0.02564 0.04534 0.06508 0.08281 0.09150 0.07865 0.05376 0.04644 0.04057 0.02832 0.01438 0.00647 0.00188 
264	4	0.00000 0.00000 0.00135 0.00451 0.00787 0.00001 0.00000 0.00018 0.00323 0.45427 0.02445 0.06200 0.08796 0.04135 0.01713 0.00002 0.00002 0.00017 0.00162 0.00748 0.00779 0.00116 0.00068 0.00163 0.00504 0.02484 0.03307 0.04502 0.06555 0.07020 0.03084 0.00055 
265	4	0.00000 0.00000 0.00000 0.00000 0.24974 0.17917 0.00336 0.00081 0.03228 0.05463 0.02010 0.01500 0.03181 0.00593 0.00023 0.00000 0.00001 0.00003 0.00031 0.00122 0.01976 0.03052 0.02509 0.02104 0.03880 0.04907 0.06905 0.06762 0.06263 0.01994 0.00174 0.00010 
266	4	0.00000 0.00000 0.00000 0.00000 0.00000 0.26279 0.17532 0.00107 0.00213 0.05759 0.09282 0.02650 0.03358 0.01288 0.00041 0.00000 0.00001 0.00001 0.00010 0.00033 0.00136 0.01881 0.02662 0.01557 0.01905 0.04637 0.06646 0.05977 0.05367 0.02397 0.00263 0.00015 
267	4	0.00000 0.00000 0.00000 0.00000 0.20097 0.18671 0.00245 0.00071 0.03697 0.08181 0.01357 0.01631 0.02538 0.01298 0.00039 0.00007 0.00003 0.00010 0.00042 0.00157 0.01780 0.02895 0.02119 0.02132 0.03622 0.05574 0.05901 0.06884 0.06568 0.03735 0.00697 0.00050 
268	4	0.00000 0.00000 0.00000 0.00002 0.00503 0.11795 0.09526 0.02375 0.02508 0.02787 0.06448 0.13373 0.04425 0.03092 0.01751 0.00000 0.00000 0.00002 0.00020 0.00155 0.01269 0.03514 0.04140 0.03888 0.04473 0.04601 0.04277 0.04259 0.03803 0.04434 0.02507 0.00072 
269	4	0.00000 0.00000 0.00000 0.00037 0.05473 0.15326 0.05886 0.01295 0.03037 0.04285 0.08762 0.08886 0.01697 0.02355 0.01145 0.00000 0.00001 0.00007 0.00053 0.00379 0.02394 0.03718 0.04014 0.03972 0.04830 0.04670 0.04318 0.03807 0.03627 0.04011 0.01937 0.00077 
270	4	0.00000 0.00000 0.00000 0.00925 0.01007 0.00774 0.01037 0.04276 0.03802 0.07518 0.03572 0.02341 0.06499 0.02387 0.01935 0.00003 0.00002 0.00017 0.00137 0.01883 0.04080 0.04926 0.05882 0.06772 0.07278 0.06626 0.04932 0.05119 0.06670 0.06319 0.03092 0.00186 
271	4	0.00000 0.00000 0.00202 0.00578 0.00556 0.00419 0.01295 0.04424 0.04513 0.07282 0.03769 0.01896 0.05778 0.02275 0.01981 0.00000 0.00010 0.00131 0.01096 0.02803 0.04101 0.04246 0.05530 0.06590 0.07425 0.06511 0.05246 0.04855 0.06497 0.06488 0.03314 0.00188 
272	4	0.00000 0.00000 0.00109 0.00467 0.00467 0.00630 0.07508 0.05760 0.10684 0.06517 0.01666 0.01107 0.01380 0.01972 0.00401 0.00000 0.00005 0.00072 0.00690 0.02364 0.03430 0.03872 0.04497 0.05943 0.08621 0.06842 0.04712 0.05918 0.06914 0.05796 0.01632 0.00023 
273	4	0.00000 0.00000 0.00000 0.00275 0.01127 0.00638 0.00502 0.09396 0.05690 0.07550 0.05575 0.01200 0.04780 0.01857 0.01259 0.00001 0.00001 0.00007 0.00134 0.01442 0.03935 0.04414 0.04898 0.05705 0.06842 0.07112 0.05210 0.04726 0.06521 0.06013 0.03026 0.00163 
274	4	0.00000 0.00000 0.01287 0.25383 0.15878 0.02833 0.01003 0.01118 0.02027 0.02863 0.12530 0.01056 0.00357 0.00460 0.01711 0.00000 0.00001 0.00007 0.00444 0.01292 0.01818 0.02019 0.02645 0.02715 0.03298 0.03573 0.03456 0.02818 0.02342 0.02470 0.02328 0.00267 
275	4	0.00000 0.00000 0.00000 0.00237 0.03478 0.05705 0.00975 0.00316 0.00494 0.00719 0.03457 0.23811 0.07907 0.01916 0.03464 0.00000 0.00005 0.00014 0.00044 0.00469 0.01700 0.03303 0.02664 0.01531 0.03323 0.05282 0.06939 0.07149 0.05310 0.05420 0.04215 0.00152 
276	4	0.00000 0.00000 0.00001 0.00657 0.00526 0.00055 0.00301 0.00072 0.00065 0.00077 0.00050 0.01924 0.47939 0.21832 0.02413 0.00000 0.00002 0.00036 0.00094 0.00410 0.00549 0.00815 0.01412 0.01440 0.01462 0.01650 0.01910 0.02972 0.06099 0.04689 0.00546 0.00003 
277	4	0.00000 0.00000 0.00000 0.00011 0.05134 0.03372 0.00105 0.00234 0.00560 0.01261 0.27302 0.07598 0.01857 0.05625 0.00988 0.00000 0.00002 0.00007 0.00022 0.00079 0.01080 0.01240 0.00985 0.02570 0.05090 0.06607 0.07319 0.05697 0.05243 0.06857 0.03123 0.00028 
278	4	0.00000 0.00000 0.00000 0.00038 0.12661 0.00229 0.00235 0.00484 0.01140 0.13884 0.15941 0.02012 0.02448 0.05910 0.00278 0.00000 0.00001 0.00010 0.00041 0.00133 0.00875 0.00817 0.01611 0.03550 0.05745 0.07243 0.05797 0.04450 0.05729 0.06587 0.02145 0.00008 
279	4	0.00000 0.00000 0.00001 0.00664 0.27149 0.01685 0.00011 0.00035 0.00078 0.16826 0.14647 0.02962 0.01304 0.01198 0.00225 0.00001 0.00008 0.00025 0.00137 0.01379 0.04380 0.02465 0.00664 0.01017 0.01882 0.04583 0.05628 0.04485 0.03695 0.02305 0.00545 0.00016 
280	5	0.00000 0.00000 0.00009 0.00025 0.00267 0.00977 0.01324 0.01458 0.01058 0.02407 0.05115 0.08965 0.16728 0.15239 0.07205 0.01515 0.00001 0.00013 0.00092 0.00422 0.01570 0.03698 0.05077 0.05077 0.03622 0.02832 0.03205 0.03768 0.04245 0.02760 0.01073 0.00251 
281	5	0.00003 0.00023 0.01095 0.01793 0.05614 0.03337 0.02089 0.01379 0.01913 0.02706 0.05314 0.02178 0.01181 0.01213 0.02546 0.00117 0.00052 0.00388 0.01677 0.04193 0.08314 0.10105 0.09067 0.06384 0.05305 0.04473 0.04294 0.03577 0.03251 0.03258 0.02673 0.00489 
282	5	0.00000 0.00000 0.00008 0.00122 0.00279 0.00508 0.01497 0.02192 0.01616 0.01032 0.01114 0.02231 0.03560 0.04422 0.06429 0.01567 0.00004 0.00045 0.00266 0.00960 0.02312 0.04340 0.08341 0.10137 0.09169 0.07540 0.06122 0.06832 0.06667 0.05666 0.03804 0.01217 
283	5	0.00000 0.00005 0.00611 0.00220 0.00315 0.00287 0.01255 0.02378 0.04736 0.03707 0.06628 0.09531 0.17025 0.12409 0.08147 0.00049 0.00000 0.00069 0.00508 0.00748 0.00927 0.00919 0.01407 0.02089 0.03063 0.03414 0.04213 0.04532 0.04898 0.04048 0.01816 0.00046 
284	5	0.00000 0.00010 0.00705 0.00465 0.00907 0.02228 0.01575 0.02161 0.02326 0.03640 0.05639 0.07532 0.10428 0.11847 0.11717 0.00311 0.00003 0.00092 0.00657 0.01019 0.01337 0.01701 0.01979 0.02436 0.02993 0.03758 0.04526 0.04882 0.05350 0.04900 0.02535 0.00341 
285	5	0.00000 0.00000 0.00195 0.00557 0.00255 0.00506 0.00307 0.00515 0.00455 0.00562 0.10361 0.14458 0.07982 0.14181 0.23168 0.00385 0.00005 0.00110 0.00604 0.01404 0.01506 0.01503 0.01784 0.02091 0.02056 0.01832 0.03405 0.03624 0.02436 0.01965 0.01492 0.00292 
286	5	0.00000 0.00010 0.00323 0.01418 0.03068 0.02882 0.02666 0.00989 0.00497 0.00505 0.00492 0.00787 0.01543 0.10064 0.21706 0.00974 0.00010 0.00303 0.01600 0.04702 0.08525 0.09802 0.08570 0.05084 0.03165 0.02402 0.01609 0.01204 0.01354 0.01908 0.01528 0.00309 
287	5	0.00000 0.00001 0.00035 0.00064 0.00347 0.00429 0.01623 0.02064 0.02097 0.03094 0.03987 0.04527 0.05107 0.03714 0.03842 0.01082 0.00002 0.00054 0.00343 0.01057 0.02081 0.03500 0.06947 0.08447 0.08209 0.09679 0.09865 0.07397 0.04560 0.03440 0.02068 0.00338 
288	5	0.00000 0.00000 0.00002 0.00012 0.00056 0.00098 0.00217 0.00565 0.01585 0.02928 0.05551 0.08359 0.09466 0.06520 0.04025 0.00652 0.00014 0.00065 0.00137 0.00352 0.00716 0.01407 0.02454 0.04046 0.06703 0.08278 0.09785 0.11580 0.08946 0.03922 0.01346 0.00213 
289	5	0.00000 0.00012 0.00007 0.00057 0.00312 0.00283 0.00150 0.00144 0.01372 0.02824 0.08700 0.07439 0.13192 0.18022 0.18605 0.02037 0.00006 0.00077 0.00162 0.00369 0.00692 0.00722 0.00503 0.00400 0.00798 0.01835 0.03425 0.04555 0.05193 0.05246 0.02657 0.00201 
290	5	0.00000 0.00012 0.00012 0.00090 0.00432 0.00220 0.00120 0.00225 0.01520 0.04930 0.07652 0.08630 0.13646 0.22321 0.11490 0.01587 0.00010 0.00084 0.00221 0.00441 0.00689 0.00637 0.00438 0.00450 0.00950 0.02319 0.04016 0.04812 0.05249 0.04738 0.01896 0.00165 
291	5	0.00000 0.00002 0.00082 0.00159 0.00861 0.02796 0.06671 0.07863 0.08572 0.06955 0.06257 0.06160 0.05900 0.04106 0.02447 0.00350 0.00005 0.00043 0.00149 0.00265 0.00773 0.01956 0.03293 0.04475 0.05476 0.05211 0.05206 0.05174 0.04365 0.02862 0.01280 0.00285 
292	5	0.00000 0.00000 0.00006 0.00034 0.00103 0.00471 0.00950 0.00722 0.01175 0.02343 0.03675 0.04135 0.09337 0.16237 0.16868 0.06575 0.00001 0.00018 0.00155 0.00401 0.00843 0.01770 0.02425 0.02530 0.03313 0.03812 0.03805 0.04103 0.05000 0.05237 0.03221 0.00732 
293	5	0.00001 0.00072 0.00236 0.00626 0.01503 0.03780 0.11117 0.10441 0.06915 0.06404 0.04685 0.04833 0.04234 0.03917 0.02450 0.00173 0.00005 0.00098 0.00281 0.00499 0.00971 0.02430 0.04387 0.04990 0.04606 0.04642 0.04537 0.04017 0.03537 0.02333 0.01069 0.00208 
294	5	0.00000 0.00132 0.00855 0.01990 0.04382 0.06421 0.05256 0.05683 0.05828 0.05409 0.05861 0.05448 0.04464 0.04566 0.02003 0.00046 0.00005 0.00062 0.00563 0.01101 0.01805 0.03104 0.03817 0.04205 0.04952 0.05412 0.05368 0.04690 0.03343 0.02161 0.00969 0.00097 
295	5	0.00000 0.00040 0.00110 0.00405 0.01487 0.03734 0.06990 0.07068 0.06310 0.08729 0.06165 0.04782 0.04998 0.05269 0.01600 0.00260 0.00014 0.00152 0.00539 0.01240 0.02573 0.03747 0.05338 0.06252 0.06093 0.05660 0.04160 0.02761 0.01873 0.01114 0.00448 0.00087 
296	5	0.00000 0.00000 0.00001 0.00002 0.00044 0.00109 0.00207 0.00437 0.00850 0.03346 0.09630 0.14547 0.09412 0.07693 0.06049 0.02054 0.00002 0.00015 0.00045 0.00121 0.00375 0.00762 0.01417 0.02177 0.03040 0.05340 0.09380 0.10560 0.07317 0.03299 0.01414 0.00354 
297	5	0.00000 0.00014 0.00074 0.00469 0.00600 0.00381 0.00749 0.01897 0.03454 0.05637 0.12147 0.13490 0.17653 0.08654 0.03080 0.00447 0.00004 0.00125 0.00440 0.00872 0.01125 0.01013 0.01324 0.01921 0.02490 0.03277 0.04932 0.05535 0.04690 0.02637 0.00766 0.00101 
298	5	0.00000 0.00023 0.00212 0.00456 0.00815 0.01675 0.04062 0.06342 0.05282 0.06054 0.07493 0.05423 0.07127 0.05835 0.03479 0.00771 0.00004 0.00083 0.00662 0.01512 0.02296 0.03577 0.04887 0.05909 0.05930 0.05515 0.05007 0.03760 0.02880 0.01849 0.00852 0.00224 
299	5	0.00000 0.00000 0.00035 0.00290 0.00198 0.00436 0.00790 0.00690 0.00714 0.01199 0.03147 0.05546 0.08428 0.08080 0.03002 0.00001 0.00000 0.00001 0.00143 0.00424 0.00867 0.01840 0.03025 0.03776 0.04070 0.05326 0.08729 0.12624 0.13810 0.09791 0.02975 0.00041 
300	5	0.00000 0.00000 0.00001 0.00087 0.00395 0.00913 0.01227 0.00650 0.00826 0.01267 0.02082 0.03074 0.06214 0.05714 0.03145 0.00005 0.00000 0.00005 0.00053 0.00376 0.01299 0.03115 0.04984 0.05552 0.06309 0.08081 0.09745 0.11595 0.12406 0.08184 0.02614 0.00084 
301	5	0.00000 0.00000 0.00007 0.00086 0.00157 0.00338 0.01328 0.02295 0.02485 0.02390 0.02415 0.03496 0.04758 0.06313 0.08622 0.05158 0.00000 0.00039 0.00197 0.00611 0.01162 0.02535 0.06056 0.09370 0.10400 0.08202 0.05458 0.04147 0.04050 0.03959 0.02915 0.01050 
302	5	0.00000 0.00030 0.00111 0.00074 0.00218 0.00534 0.00538 0.01279 0.04102 0.06175 0.08488 0.10232 0.09995 0.12356 0.10443 0.01791 0.00002 0.00105 0.00264 0.00460 0.01132 0.01523 0.01445 0.01977 0.03077 0.04310 0.05012 0.04753 0.04163 0.03310 0.01764 0.00337 
303	5	0.00000 0.00000 0.00007 0.00025 0.00037 0.00255 0.00940 0.03821 0.09267 0.12069 0.09708 0.08617 0.08947 0.11277 0.08492 0.01693 0.00004 0.00024 0.00056 0.00137 0.00276 0.00608 0.01206 0.02352 0.03853 0.04186 0.03330 0.02848 0.02307 0.01986 0.01287 0.00381 
304	5	0.00006 0.00046 0.00045 0.00050 0.00515 0.00352 0.00684 0.00485 0.03830 0.09479 0.06569 0.07048 0.08405 0.08260 0.10460 0.02701 0.00034 0.00192 0.00423 0.00722 0.01575 0.02065 0.02744 0.03200 0.05194 0.06806 0.05817 0.03723 0.02960 0.02750 0.02020 0.00839 
305	5	0.00000 0.00000 0.00000 0.00000 0.00020 0.00129 0.00786 0.02986 0.09821 0.08479 0.06045 0.01936 0.02864 0.02809 0.03910 0.00270 0.00001 0.00010 0.00058 0.00232 0.00841 0.02164 0.05272 0.09581 0.14643 0.13212 0.06619 0.01987 0.01992 0.01919 0.01209 0.00206 
306	5	0.00000 0.00000 0.00000 0.00005 0.01645 0.02466 0.01072 0.00360 0.00301 0.00515 0.00738 0.00678 0.01257 0.02994 0.04037 0.01919 0.00000 0.00006 0.00040 0.00590 0.04859 0.10318 0.10840 0.08897 0.08952 0.09059 0.08434 0.06861 0.05176 0.04260 0.02873 0.00847 
307	5	0.00000 0.00000 0.00000 0.00000 0.00015 0.00204 0.00165 0.00152 0.00214 0.00457 0.00457 0.00802 0.00280 0.00300 0.00860 0.01860 0.00005 0.00028 0.00070 0.00262 0.01256 0.03438 0.05656 0.07230 0.10100 0.13769 0.16247 0.16542 0.09719 0.05124 0.03309 0.01479 
308	5	0.00000 0.00000 0.00000 0.00012 0.01646 0.01213 0.00477 0.00580 0.00349 0.00212 0.00300 0.00285 0.00254 0.00227 0.00485 0.00425 0.00000 0.00001 0.00017 0.00619 0.05354 0.09732 0.10425 0.11089 0.11571 0.11385 0.11525 0.09556 0.06416 0.03388 0.01919 0.00535 
309	5	0.00000 0.00000 0.00001 0.00020 0.00253 0.00870 0.00475 0.00262 0.00273 0.00242 0.00349 0.00261 0.00355 0.00984 0.01225 0.00346 0.00012 0.00091 0.00320 0.01398 0.05254 0.11335 0.13377 0.13946 0.14155 0.11872 0.09400 0.05289 0.03299 0.02522 0.01469 0.00344 
310	5	0.00000 0.00000 0.00000 0.00002 0.00177 0.00772 0.00714 0.00498 0.00749 0.00904 0.01752 0.01442 0.02367 0.02551 0.02209 0.00272 0.00002 0.00007 0.00059 0.00349 0.02010 0.06100 0.07850 0.07825 0.08830 0.09605 0.11964 0.11486 0.10347 0.06332 0.02470 0.00358 
311	5	0.00000 0.00000 0.00000 0.00000 0.00004 0.00208 0.00452 0.00679 0.00623 0.00806 0.01293 0.01849 0.02067 0.01604 0.01040 0.00351 0.00000 0.00002 0.00015 0.00081 0.00495 0.02269 0.05587 0.08296 0.10041 0.11227 0.13784 0.14270 0.11129 0.07325 0.03669 0.00832 
312	5	0.00000 0.00000 0.00000 0.00000 0.00000 0.00209 0.00366 0.00205 0.00290 0.00352 0.00543 0.00787 0.00197 0.00296 0.00745 0.02172 0.00000 0.00002 0.00013 0.00057 0.00594 0.03150 0.06086 0.07885 0.10883 0.14179 0.17525 0.16204 0.08297 0.04406 0.03142 0.01414 
313	5	0.00000 0.00000 0.00000 0.00032 0.00147 0.00474 0.00363 0.00505 0.00700 0.01154 0.01941 0.02764 0.05495 0.06377 0.06000 0.04330 0.00002 0.00017 0.00076 0.00510 0.01943 0.04362 0.05706 0.07598 0.08722 0.09970 0.09920 0.07268 0.05769 0.04247 0.02747 0.00862 
314	5	0.00000 0.00000 0.00005 0.00008 0.00009 0.00017 0.00178 0.00286 0.00613 0.04016 0.30767 0.19258 0.01302 0.00625 0.00382 0.02022 0.00002 0.00024 0.00082 0.00170 0.00273 0.00670 0.01654 0.02473 0.03501 0.07051 0.11357 0.07632 0.02541 0.01505 0.01093 0.00480 
315	5	0.00000 0.00000 0.00000 0.00000 0.00029 0.00087 0.00334 0.00218 0.00627 0.00566 0.00919 0.00452 0.00375 0.00891 0.03142 0.01053 0.00001 0.00001 0.00012 0.00100 0.00674 0.02385 0.05685 0.07750 0.12505 0.14849 0.18402 0.12987 0.07442 0.04502 0.03227 0.00783 
316	5	0.00000 0.00000 0.00000 0.00000 0.00003 0.00007 0.00027 0.00045 0.00258 0.00711 0.01085 0.01099 0.00367 0.00115 0.00195 0.01260 0.00005 0.00047 0.00080 0.00174 0.00465 0.01061 0.02315 0.04816 0.09957 0.16985 0.20942 0.17963 0.10148 0.04940 0.03139 0.01792 
317	5	0.00000 0.00000 0.00066 0.00655 0.02453 0.02004 0.02381 0.01931 0.01535 0.01010 0.01094 0.00961 0.01974 0.05619 0.08390 0.01053 0.00001 0.00020 0.00469 0.02745 0.06997 0.10324 0.12448 0.11143 0.08912 0.06324 0.04131 0.01942 0.01173 0.01211 0.00873 0.00161 
318	5	0.00000 0.00000 0.00000 0.00001 0.00005 0.00012 0.00027 0.00035 0.00103 0.00287 0.01021 0.00889 0.00493 0.00424 0.00379 0.01015 0.00002 0.00029 0.00059 0.00145 0.00404 0.01005 0.02042 0.03708 0.06670 0.11422 0.17332 0.18923 0.15882 0.10830 0.05366 0.01489 
319	5	0.00000 0.00000 0.00001 0.00032 0.00369 0.01602 0.01397 0.00430 0.00477 0.00819 0.01172 0.01835 0.02682 0.04622 0.03498 0.01402 0.00002 0.00020 0.00125 0.00729 0.03417 0.09358 0.12014 0.09581 0.08724 0.08310 0.07865 0.06647 0.05415 0.04575 0.02357 0.00525 
320	5	0.00000 0.00000 0.00000 0.00002 0.00305 0.00788 0.01699 0.01456 0.00941 0.00492 0.00503 0.00983 0.01218 0.02165 0.02365 0.01707 0.00000 0.00009 0.00057 0.00315 0.02030 0.05987 0.12066 0.14405 0.13068 0.09798 0.08400 0.07318 0.04833 0.03520 0.02502 0.01067 
321	5	0.00000 0.00006 0.00007 0.00004 0.00049 0.00100 0.00463 0.04330 0.19413 0.22668 0.19189 0.01537 0.01351 0.00608 0.00125 0.00002 0.00006 0.00056 0.00142 0.00215 0.00517 0.00836 0.01685 0.03575 0.06487 0.07481 0.05485 0.02083 0.00909 0.00475 0.00175 0.00020 
322	5	0.00000 0.00000 0.00000 0.00000 0.00008 0.00012 0.00090 0.00316 0.00741 0.01693 0.06784 0.20594 0.08451 0.00491 0.00128 0.00000 0.00001 0.00008 0.00040 0.00155 0.00346 0.00850 0.02312 0.05201 0.09690 0.14561 0.14218 0.09079 0.03387 0.00599 0.00223 0.00021 
323	5	0.00000 0.00004 0.00053 0.00335 0.00695 0.02414 0.05202 0.06667 0.05029 0.02229 0.01681 0.01337 0.01798 0.00912 0.02745 0.00740 0.00004 0.00070 0.00720 0.02862 0.06129 0.11432 0.14242 0.13451 0.08011 0.03404 0.02101 0.01658 0.01527 0.01270 0.00940 0.00337 
324	5	0.00000 0.00000 0.00154 0.00313 0.00667 0.02464 0.04294 0.05626 0.05329 0.04076 0.02422 0.01319 0.03664 0.05310 0.01758 0.00112 0.00005 0.00073 0.00691 0.01927 0.04099 0.08585 0.12846 0.13522 0.09762 0.05002 0.02266 0.01413 0.01151 0.00746 0.00324 0.00080 
325	5	0.00000 0.00003 0.00002 0.00086 0.00287 0.00982 0.02021 0.01933 0.02343 0.02576 0.01984 0.01516 0.01761 0.02881 0.08471 0.02280 0.00041 0.00207 0.00359 0.01175 0.03603 0.08237 0.12462 0.13488 0.12151 0.07788 0.04009 0.02151 0.01708 0.01758 0.01340 0.00395 
326	5	0.00000 0.00000 0.00019 0.00153 0.00775 0.03427 0.04802 0.03586 0.02024 0.02517 0.01845 0.00816 0.00430 0.01307 0.01486 0.01271 0.00001 0.00030 0.00297 0.01496 0.04760 0.10582 0.16068 0.13880 0.09142 0.07445 0.05357 0.02745 0.01618 0.01165 0.00699 0.00253 
327	5	0.00000 0.00000 0.00107 0.00978 0.01539 0.02952 0.02162 0.01545 0.00955 0.01678 0.02405 0.03142 0.04074 0.10557 0.10531 0.02635 0.00002 0.00061 0.00772 0.03149 0.07357 0.11337 0.10769 0.07090 0.04148 0.02606 0.02003 0.01477 0.01311 0.01456 0.00992 0.00208 
328	5	0.00000 0.00000 0.00000 0.00185 0.02522 0.03357 0.03415 0.01888 0.01441 0.01302 0.01460 0.01955 0.02110 0.03700 0.13437 0.11795 0.00000 0.00003 0.00066 0.01415 0.06131 0.10074 0.10280 0.06536 0.04513 0.03310 0.02412 0.01770 0.01190 0.00877 0.01713 0.01142 
329	5	0.00000 0.00000 0.00008 0.00016 0.00038 0.00225 0.01744 0.06919 0.10007 0.11730 0.07392 0.04433 0.05580 0.02521 0.04102 0.01193 0.00005 0.00028 0.00090 0.00239 0.00639 0.01646 0.04881 0.08821 0.09305 0.07538 0.04660 0.02375 0.01609 0.01131 0.00800 0.00324 
330	5	0.00000 0.00000 0.00000 0.00030 0.00117 0.00497 0.00594 0.00549 0.01264 0.02120 0.03182 0.03789 0.09187 0.13727 0.20317 0.03708 0.00002 0.00010 0.00063 0.00432 0.01298 0.02353 0.02516 0.02747 0.03549 0.04216 0.04889 0.04972 0.05493 0.04810 0.02920 0.00647 
331	5	0.00000 0.00000 0.00001 0.00003 0.00011 0.00027 0.00077 0.00276 0.00437 0.00489 0.01017 0.02562 0.07627 0.19894 0.29327 0.09287 0.00000 0.00005 0.00058 0.00145 0.00247 0.00486 0.00952 0.01602 0.01849 0.01681 0.02072 0.02765 0.04340 0.06470 0.05046 0.01245 
332	5	0.00000 0.00000 0.00000 0.00004 0.00010 0.00050 0.00151 0.00495 0.00856 0.01297 0.02390 0.05710 0.14799 0.20558 0.18435 0.02426 0.00001 0.00004 0.00021 0.00075 0.00198 0.00544 0.01093 0.01667 0.01882 0.02425 0.03402 0.04763 0.06876 0.06305 0.02975 0.00587 
333	5	0.00000 0.00000 0.00005 0.00016 0.00013 0.00077 0.00308 0.00374 0.00871 0.02545 0.02472 0.02643 0.03834 0.06340 0.06938 0.00635 0.00006 0.00027 0.00070 0.00324 0.00887 0.02228 0.04757 0.08109 0.12562 0.15666 0.11320 0.06192 0.04305 0.03929 0.02199 0.00345 
334	5	0.00000 0.00000 0.00006 0.00096 0.00442 0.00542 0.00490 0.00613 0.01246 0.01957 0.02177 0.02956 0.05968 0.08737 0.12450 0.01332 0.00001 0.00053 0.00412 0.01706 0.03665 0.04620 0.05094 0.06325 0.08233 0.07879 0.05506 0.04346 0.04551 0.04886 0.03129 0.00581 
335	5	0.00000 0.00000 0.00002 0.00012 0.00034 0.00210 0.00252 0.00392 0.01349 0.02872 0.03434 0.02929 0.05725 0.08607 0.13202 0.02532 0.00003 0.00030 0.00134 0.00429 0.01047 0.02253 0.03658 0.05696 0.08861 0.09749 0.07210 0.04729 0.04746 0.05160 0.03764 0.00977 
336	5	0.00000 0.00000 0.00000 0.00001 0.00015 0.00070 0.00277 0.00453 0.00582 0.01522 0.03952 0.04296 0.03469 0.06283 0.06290 0.02473 0.00001 0.00006 0.00024 0.00110 0.00443 0.01562 0.03771 0.05957 0.08235 0.11487 0.13580 0.11240 0.06185 0.03840 0.02910 0.00961 
337	5	0.00000 0.00000 0.00002 0.00042 0.00247 0.00248 0.00214 0.00160 0.00339 0.00729 0.03306 0.03102 0.00105 0.00016 0.17663 0.01753 0.00002 0.00017 0.00159 0.00865 0.02475 0.03781 0.04803 0.06101 0.08557 0.12135 0.16989 0.10581 0.02123 0.00726 0.01734 0.01024 
338	5	0.00000 0.00000 0.00000 0.00001 0.00060 0.00620 0.00682 0.00816 0.03143 0.02656 0.02033 0.03459 0.03192 0.10101 0.00550 0.00010 0.00004 0.00025 0.00120 0.00438 0.01526 0.04077 0.06985 0.09283 0.12657 0.10685 0.08370 0.07613 0.05878 0.04105 0.00866 0.00046 
339	5	0.00000 0.00000 0.00000 0.00018 0.00477 0.00168 0.00368 0.00270 0.00810 0.03001 0.02896 0.04207 0.02318 0.04958 0.02186 0.00066 0.00007 0.00056 0.00214 0.00754 0.02402 0.03757 0.05308 0.06760 0.10303 0.13246 0.10895 0.09690 0.07805 0.05007 0.01835 0.00215 
340	5	0.00005 0.00001 0.00002 0.00000 0.00021 0.00129 0.01145 0.05998 0.07038 0.02746 0.00392 0.00427 0.00611 0.00745 0.00836 0.00188 0.00011 0.00016 0.00073 0.00229 0.00749 0.02648 0.08962 0.19055 0.19857 0.10821 0.05459 0.04301 0.03452 0.02421 0.01356 0.00300 
341	5	0.00000 0.00000 0.00000 0.00002 0.01837 0.00825 0.02267 0.01822 0.04436 0.02776 0.00210 0.00193 0.00293 0.00405 0.00234 0.00004 0.00001 0.00021 0.00075 0.00381 0.01601 0.04643 0.10421 0.13979 0.16745 0.11351 0.06289 0.05822 0.05858 0.04764 0.02348 0.00394 
342	5	0.00000 0.00000 0.00000 0.00005 0.00087 0.00215 0.00913 0.01806 0.02420 0.00367 0.00215 0.00150 0.00019 0.00030 0.00015 0.00063 0.00011 0.00062 0.00211 0.00574 0.01835 0.04879 0.11805 0.18346 0.19231 0.13228 0.09322 0.06450 0.03246 0.02350 0.01499 0.00645 
343	5	0.00000 0.00000 0.00000 0.00002 0.00018 0.00056 0.00392 0.01229 0.04181 0.01695 0.00967 0.00504 0.00095 0.00018 0.00050 0.00070 0.00004 0.00031 0.00101 0.00207 0.00556 0.02003 0.05502 0.12981 0.20999 0.17816 0.13321 0.07724 0.04020 0.02495 0.01944 0.01018 
344	5	0.00000 0.00000 0.00000 0.00053 0.00286 0.00618 0.00388 0.00263 0.00252 0.00456 0.00787 0.07841 0.04650 0.00462 0.02208 0.10887 0.00001 0.00004 0.00057 0.00571 0.02116 0.04015 0.04740 0.05960 0.07726 0.08957 0.08984 0.12504 0.09544 0.03290 0.01661 0.00720 
345	5	0.00000 0.00002 0.00008 0.00077 0.00565 0.00699 0.00542 0.00276 0.00595 0.00820 0.01519 0.03882 0.01587 0.03030 0.19002 0.11931 0.00049 0.00307 0.00477 0.01061 0.02392 0.03159 0.03120 0.02941 0.03874 0.05161 0.06613 0.07982 0.06709 0.06525 0.03928 0.01167 
346	5	0.00000 0.00073 0.00258 0.00708 0.01835 0.02015 0.01056 0.00496 0.00294 0.00212 0.00637 0.02383 0.02712 0.02520 0.01453 0.20597 0.00035 0.00300 0.01014 0.02713 0.07412 0.09179 0.07390 0.05915 0.05570 0.04851 0.04260 0.04341 0.04318 0.02872 0.01465 0.01113 
347	5	0.00000 0.00000 0.00001 0.00071 0.00401 0.00408 0.00504 0.00382 0.00371 0.00478 0.00662 0.01488 0.02914 0.04596 0.00949 0.00571 0.00004 0.00077 0.00395 0.01732 0.04629 0.08133 0.10448 0.10480 0.09217 0.08041 0.07230 0.07292 0.08545 0.07275 0.02245 0.00460 
348	5	0.00000 0.00000 0.00111 0.00428 0.00873 0.02325 0.02568 0.01397 0.00709 0.00372 0.00522 0.00496 0.00450 0.00598 0.00534 0.00808 0.00008 0.00140 0.01286 0.03731 0.06964 0.10805 0.12599 0.10615 0.07858 0.06377 0.06330 0.05900 0.05201 0.04735 0.03536 0.01724 
349	5	0.00000 0.00000 0.00002 0.00052 0.00582 0.00989 0.01575 0.02748 0.04770 0.01740 0.00420 0.02079 0.11541 0.09034 0.03610 0.00654 0.00003 0.00020 0.00110 0.00422 0.01472 0.03540 0.06856 0.11018 0.15251 0.09240 0.03040 0.02102 0.02675 0.02663 0.01387 0.00406 
