350	5	32
0	1	0.00000 0.00000 0.00000 0.00010 0.00022 0.00039 0.00027 0.00570 0.05599 0.06384 0.06559 0.05572 0.24325 0.05231 0.03889 0.00292 0.00000 0.00033 0.00190 0.00604 0.01027 0.01490 0.01597 0.01867 0.02142 0.02772 0.02610 0.04340 0.13523 0.07881 0.01214 0.00188 
1	1	0.00000 0.00000 0.00000 0.00090 0.00020 0.00002 0.00001 0.00000 0.00009 0.00093 0.00050 0.00019 0.08711 0.40286 0.14517 0.05839 0.00005 0.00062 0.00287 0.00707 0.00920 0.00678 0.00857 0.01038 0.01337 0.01684 0.02067 0.02660 0.05739 0.08770 0.02933 0.00620 
2	1	0.00000 0.00000 0.00000 0.00014 0.00042 0.00029 0.00016 0.00017 0.00040 0.05042 0.09266 0.07257 0.17226 0.08385 0.08148 0.00974 0.00002 0.00087 0.00372 0.01068 0.02014 0.02235 0.02345 0.02557 0.03096 0.03719 0.04569 0.04708 0.09294 0.06271 0.01045 0.00160 
3	1	0.00000 0.00000 0.00002 0.00384 0.00124 0.00033 0.00009 0.00018 0.00021 0.00124 0.11235 0.08798 0.07510 0.12420 0.05740 0.02150 0.00000 0.00032 0.00457 0.03120 0.03105 0.03129 0.03224 0.03920 0.03819 0.04312 0.05415 0.05421 0.06278 0.05911 0.02695 0.00589 
4	1	0.00000 0.00000 0.00000 0.00000 0.00281 0.02966 0.00357 0.00017 0.00017 0.00130 0.01167 0.03274 0.01845 0.21935 0.09436 0.00125 0.00000 0.00000 0.00057 0.00509 0.03647 0.08171 0.04944 0.03135 0.03184 0.03745 0.04764 0.05577 0.06922 0.08856 0.04454 0.00484 
5	1	0.00000 0.00000 0.00000 0.00000 0.00045 0.00097 0.00030 0.00006 0.00070 0.00222 0.00072 0.00247 0.01170 0.27474 0.24484 0.00665 0.00000 0.00017 0.00121 0.00513 0.02018 0.02652 0.02516 0.02531 0.03231 0.03883 0.03929 0.04701 0.06509 0.08986 0.03573 0.00235 
6	1	0.00000 0.00000 0.00000 0.00000 0.00103 0.00082 0.00024 0.00007 0.00009 0.00015 0.00057 0.00306 0.03025 0.18620 0.30159 0.00653 0.00000 0.00017 0.00139 0.00671 0.02501 0.02721 0.02400 0.02517 0.03310 0.03378 0.04085 0.04860 0.07927 0.08410 0.03789 0.00214 
7	1	0.00000 0.00000 0.00002 0.00057 0.00170 0.00343 0.00280 0.00045 0.00014 0.00156 0.00168 0.00119 0.15404 0.23667 0.06805 0.00258 0.00007 0.00115 0.00816 0.02332 0.03754 0.04050 0.04300 0.03682 0.03686 0.04008 0.04679 0.05177 0.06424 0.06400 0.02795 0.00285 
8	1	0.00000 0.00000 0.00000 0.00007 0.00045 0.00047 0.00068 0.00204 0.03285 0.07868 0.01981 0.02450 0.08170 0.07215 0.00970 0.00218 0.00000 0.00003 0.00104 0.00450 0.01490 0.02655 0.03792 0.05788 0.09282 0.11299 0.10403 0.07905 0.07076 0.05098 0.01844 0.00282 
9	1	0.00000 0.00000 0.00000 0.00013 0.00252 0.00039 0.00020 0.00025 0.00175 0.00253 0.00259 0.00850 0.15921 0.21059 0.04412 0.03489 0.00000 0.00030 0.00268 0.01598 0.03464 0.03243 0.03182 0.03862 0.04597 0.04832 0.05528 0.06681 0.07059 0.06283 0.02113 0.00489 
10	1	0.00000 0.00001 0.00086 0.00050 0.00012 0.00005 0.00029 0.00065 0.00460 0.00545 0.01690 0.07046 0.11944 0.16500 0.15160 0.00364 0.00001 0.00038 0.00215 0.00406 0.00517 0.00768 0.01649 0.02865 0.05400 0.06661 0.07368 0.08165 0.05611 0.04269 0.01918 0.00192 
11	1	0.00000 0.00000 0.00000 0.00105 0.00085 0.00015 0.00016 0.00038 0.00206 0.00245 0.00198 0.12477 0.20394 0.12896 0.02512 0.02616 0.00001 0.00109 0.00626 0.02277 0.03006 0.02746 0.03087 0.03825 0.04464 0.04592 0.05235 0.06754 0.06333 0.03460 0.01257 0.00425 
12	1	0.00000 0.00000 0.00000 0.00027 0.00127 0.00016 0.00018 0.00030 0.00200 0.00197 0.00299 0.08758 0.20051 0.11627 0.10000 0.01912 0.00000 0.00049 0.00256 0.01272 0.02405 0.02365 0.02587 0.03314 0.03827 0.04293 0.05326 0.06789 0.06336 0.05080 0.02335 0.00502 
13	1	0.00000 0.00000 0.00000 0.00067 0.00050 0.00113 0.00031 0.00058 0.00410 0.05995 0.14392 0.12005 0.11686 0.08359 0.06612 0.08176 0.00001 0.00003 0.00085 0.00422 0.00832 0.01031 0.01029 0.01359 0.02061 0.03480 0.04927 0.05145 0.04436 0.03200 0.02674 0.01360 
14	1	0.00000 0.00013 0.00192 0.00037 0.00171 0.05483 0.07792 0.08641 0.09422 0.10497 0.07967 0.05445 0.02055 0.00827 0.00562 0.00795 0.00262 0.00753 0.02199 0.01695 0.01973 0.02944 0.04207 0.05044 0.05201 0.05095 0.04635 0.03288 0.01612 0.00669 0.00340 0.00183 
15	1	0.00000 0.00000 0.00002 0.00028 0.00090 0.00044 0.00055 0.00102 0.00065 0.00659 0.04148 0.00110 0.00015 0.11696 0.44303 0.00001 0.00002 0.00032 0.00449 0.01306 0.02846 0.03360 0.04163 0.04704 0.04061 0.03572 0.03392 0.01997 0.01685 0.03322 0.03625 0.00167 
16	1	0.00000 0.00000 0.00000 0.00000 0.00007 0.00009 0.00021 0.00057 0.00343 0.06587 0.01133 0.00021 0.07104 0.29263 0.23867 0.00140 0.00000 0.00002 0.00023 0.00208 0.00527 0.00921 0.01337 0.02006 0.04737 0.08914 0.03572 0.01218 0.01746 0.03022 0.03042 0.00171 
17	1	0.00000 0.00000 0.00000 0.00085 0.00097 0.00042 0.00032 0.00040 0.00037 0.00781 0.02565 0.00032 0.00015 0.02036 0.61010 0.00000 0.00001 0.00012 0.00285 0.01550 0.02703 0.03134 0.03644 0.03426 0.03052 0.04392 0.04132 0.01166 0.01146 0.01846 0.02650 0.00086 
18	1	0.00000 0.00000 0.00022 0.00042 0.00017 0.00034 0.00036 0.00045 0.00045 0.02155 0.01824 0.00011 0.00006 0.09088 0.42664 0.00002 0.00012 0.00267 0.01335 0.02224 0.02834 0.03434 0.03691 0.03585 0.03254 0.07046 0.05930 0.01352 0.01306 0.03730 0.03943 0.00063 
19	1	0.00000 0.00000 0.00000 0.00004 0.00002 0.00002 0.00020 0.00040 0.00096 0.00090 0.01339 0.00632 0.19674 0.10370 0.16208 0.01537 0.00002 0.00031 0.00105 0.00277 0.00563 0.01096 0.02639 0.04410 0.06280 0.07238 0.08755 0.07354 0.04897 0.03342 0.02175 0.00823 
20	1	0.00000 0.00000 0.00000 0.00010 0.00006 0.00013 0.00036 0.00055 0.00132 0.00128 0.00717 0.00100 0.00140 0.00820 0.23222 0.03843 0.00003 0.00026 0.00126 0.00657 0.01052 0.02418 0.04926 0.07296 0.10255 0.10832 0.10947 0.07545 0.05398 0.04395 0.03513 0.01387 
21	1	0.00000 0.00000 0.00037 0.00883 0.00848 0.00055 0.00092 0.00134 0.00150 0.00179 0.00362 0.01075 0.18854 0.08782 0.05350 0.00000 0.00001 0.00040 0.00495 0.02599 0.04070 0.03203 0.04167 0.04810 0.05392 0.06107 0.06991 0.08434 0.08135 0.06042 0.02631 0.00082 
22	1	0.00000 0.00000 0.00000 0.00000 0.00038 0.00040 0.00008 0.00038 0.00041 0.00054 0.00173 0.00670 0.06855 0.28264 0.25383 0.00214 0.00001 0.00002 0.00007 0.00086 0.00378 0.00700 0.01056 0.01979 0.03022 0.04224 0.05960 0.06900 0.06376 0.05080 0.02292 0.00159 
23	1	0.00000 0.00000 0.00000 0.00004 0.00056 0.00024 0.00027 0.00046 0.00405 0.00842 0.00177 0.00093 0.23600 0.13745 0.26471 0.00476 0.00000 0.00005 0.00037 0.00361 0.00800 0.01127 0.01723 0.02793 0.05034 0.06209 0.04418 0.03506 0.03507 0.02645 0.01642 0.00222 
24	1	0.00000 0.00000 0.00000 0.00010 0.00112 0.00012 0.00052 0.00480 0.00892 0.00271 0.00047 0.25774 0.15219 0.20425 0.07529 0.00568 0.00000 0.00010 0.00060 0.00519 0.00939 0.01039 0.01964 0.03730 0.04578 0.03690 0.02630 0.02892 0.02520 0.02599 0.01349 0.00090 
25	1	0.00004 0.00001 0.00027 0.00028 0.00009 0.00009 0.00002 0.00006 0.00010 0.00013 0.00311 0.11361 0.08946 0.11143 0.10382 0.07092 0.01340 0.00714 0.01895 0.01819 0.02041 0.02202 0.02475 0.02940 0.03404 0.03631 0.04605 0.05591 0.05906 0.06256 0.04330 0.01507 
26	1	0.00000 0.00000 0.00005 0.00114 0.00027 0.00010 0.00010 0.00071 0.00292 0.00462 0.03055 0.06955 0.16957 0.15951 0.06194 0.00012 0.00001 0.00026 0.00170 0.00557 0.00783 0.01168 0.01952 0.03937 0.05992 0.07391 0.09136 0.08508 0.05721 0.03510 0.01017 0.00015 
27	1	0.00000 0.00000 0.00000 0.00049 0.00095 0.00012 0.00014 0.00023 0.00094 0.02731 0.03812 0.15365 0.09715 0.08976 0.06803 0.04300 0.00008 0.00142 0.01036 0.01945 0.03132 0.03085 0.03247 0.03657 0.04048 0.05642 0.05642 0.03979 0.03757 0.03824 0.03285 0.01581 
28	1	0.00000 0.00000 0.00000 0.00006 0.00013 0.00010 0.00011 0.00017 0.00012 0.00020 0.00247 0.01398 0.38386 0.17627 0.04248 0.00000 0.00005 0.00030 0.00082 0.00373 0.00753 0.01021 0.01367 0.01761 0.02208 0.02980 0.05350 0.08254 0.07514 0.04297 0.01965 0.00043 
29	1	0.00000 0.00000 0.00000 0.00003 0.00007 0.00008 0.00011 0.00015 0.00013 0.00059 0.00587 0.01392 0.39851 0.14517 0.04823 0.00000 0.00002 0.00025 0.00081 0.00236 0.00542 0.00857 0.01087 0.01340 0.01932 0.03240 0.07200 0.09647 0.06896 0.03697 0.01892 0.00039 
30	1	0.00000 0.00000 0.00000 0.00005 0.00038 0.00033 0.00058 0.00030 0.00007 0.00024 0.00139 0.00811 0.01081 0.18470 0.41772 0.00002 0.00001 0.00007 0.00048 0.00228 0.00674 0.01105 0.01646 0.01832 0.01731 0.02473 0.03827 0.06730 0.07362 0.06437 0.03419 0.00007 
31	1	0.00000 0.00000 0.00000 0.00006 0.00024 0.00013 0.00052 0.00035 0.00009 0.00016 0.00128 0.00805 0.01336 0.12791 0.49530 0.03850 0.00001 0.00003 0.00025 0.00205 0.00502 0.00752 0.01301 0.01408 0.01390 0.01830 0.03213 0.05740 0.06416 0.04891 0.03381 0.00345 
32	1	0.00000 0.00000 0.00000 0.00002 0.00082 0.00125 0.00055 0.00019 0.00385 0.00623 0.00375 0.00020 0.04966 0.41689 0.18498 0.00000 0.00001 0.00007 0.00065 0.00255 0.00862 0.01686 0.01770 0.01965 0.04140 0.05332 0.04133 0.02371 0.03652 0.04385 0.02495 0.00041 
33	1	0.00000 0.00000 0.00013 0.00062 0.00125 0.00067 0.00163 0.00273 0.00487 0.00465 0.00685 0.01992 0.07327 0.12176 0.06674 0.00222 0.00002 0.00034 0.00348 0.01499 0.03710 0.05184 0.07954 0.10495 0.11323 0.09009 0.06581 0.05642 0.03824 0.02412 0.01141 0.00110 
34	1	0.00000 0.00000 0.00003 0.00007 0.00066 0.00136 0.00176 0.00195 0.00361 0.00384 0.02453 0.14000 0.23923 0.14210 0.04297 0.00003 0.00001 0.00024 0.00075 0.00280 0.01388 0.02921 0.04361 0.04865 0.05502 0.05077 0.05518 0.03979 0.02833 0.02167 0.00782 0.00010 
35	1	0.00000 0.00000 0.00005 0.00010 0.00050 0.00003 0.00005 0.00005 0.00068 0.00086 0.00295 0.06954 0.21784 0.07545 0.20144 0.00007 0.00002 0.00021 0.00127 0.00360 0.00779 0.00692 0.00953 0.01489 0.02406 0.03457 0.05336 0.10912 0.09428 0.04286 0.02465 0.00323 
36	1	0.00000 0.00000 0.00003 0.00022 0.00042 0.00007 0.00003 0.00004 0.00041 0.00046 0.00174 0.08390 0.20992 0.03739 0.29075 0.00000 0.00003 0.00027 0.00125 0.00410 0.00700 0.00722 0.00929 0.01474 0.02260 0.02810 0.04453 0.10055 0.07960 0.03180 0.02249 0.00108 
37	1	0.00000 0.00000 0.00695 0.03652 0.00062 0.00107 0.00633 0.06648 0.06223 0.00115 0.00010 0.00035 0.12862 0.19353 0.01925 0.00599 0.00021 0.00407 0.03937 0.06745 0.04208 0.02720 0.02967 0.03397 0.04482 0.02373 0.01632 0.02043 0.03330 0.04226 0.03211 0.01380 
38	1	0.00000 0.00000 0.00010 0.00046 0.00276 0.00013 0.00012 0.00019 0.00059 0.00055 0.00170 0.02311 0.20232 0.12767 0.03992 0.00000 0.00008 0.00023 0.00236 0.00824 0.02053 0.01967 0.02363 0.03363 0.04327 0.05357 0.06875 0.09929 0.11143 0.07257 0.03995 0.00317 
39	1	0.00000 0.00000 0.00000 0.00086 0.00712 0.00171 0.00026 0.00067 0.00146 0.00236 0.00622 0.01282 0.08643 0.07617 0.00996 0.00009 0.00002 0.00025 0.00161 0.01318 0.03175 0.04114 0.04513 0.06928 0.09041 0.10088 0.12290 0.12025 0.09528 0.04772 0.01278 0.00129 
40	1	0.00000 0.00000 0.00000 0.00000 0.00060 0.00196 0.00011 0.00018 0.00046 0.00223 0.00832 0.03094 0.13551 0.16900 0.05612 0.00865 0.00000 0.00000 0.00004 0.00087 0.00522 0.01210 0.01526 0.02426 0.04161 0.06801 0.10628 0.13665 0.09972 0.05242 0.02121 0.00225 
41	1	0.00000 0.00000 0.00000 0.00001 0.00072 0.00024 0.00007 0.00052 0.00285 0.00562 0.01193 0.02642 0.09130 0.27290 0.08064 0.00074 0.00001 0.00005 0.00027 0.00120 0.00427 0.00741 0.01183 0.02880 0.06124 0.08610 0.10347 0.09455 0.05945 0.03212 0.01417 0.00110 
42	1	0.00000 0.00000 0.00000 0.00003 0.00001 0.00013 0.00202 0.00184 0.00422 0.00266 0.05387 0.17442 0.21498 0.13036 0.06229 0.00004 0.00001 0.00014 0.00041 0.00130 0.00279 0.00839 0.02831 0.04125 0.05636 0.05003 0.06345 0.04273 0.02948 0.01932 0.00901 0.00013 
43	1	0.00000 0.00000 0.00000 0.00128 0.00048 0.00007 0.00000 0.00001 0.00037 0.00212 0.00060 0.00769 0.15795 0.26001 0.12187 0.05054 0.00002 0.00049 0.00405 0.01279 0.01453 0.01154 0.01107 0.01357 0.01808 0.02230 0.02968 0.06409 0.11132 0.06420 0.01617 0.00308 
44	1	0.00000 0.00000 0.00000 0.00013 0.00005 0.00001 0.00000 0.00001 0.00004 0.00064 0.00015 0.03423 0.26340 0.16158 0.09095 0.02821 0.00002 0.00033 0.00121 0.00393 0.00452 0.00416 0.00483 0.00603 0.00728 0.01144 0.02132 0.10618 0.17600 0.05294 0.01694 0.00345 
45	1	0.00000 0.00000 0.00002 0.00394 0.02055 0.01121 0.00247 0.00025 0.00016 0.00105 0.00796 0.03708 0.01158 0.17398 0.06916 0.00005 0.00002 0.00068 0.00729 0.04324 0.09918 0.08288 0.04634 0.03102 0.03272 0.03778 0.04398 0.04781 0.04965 0.08048 0.05417 0.00330 
46	1	0.00000 0.00000 0.00000 0.00005 0.00044 0.00033 0.00034 0.00025 0.00014 0.02150 0.13199 0.06675 0.05356 0.27995 0.01716 0.00410 0.00001 0.00025 0.00186 0.00889 0.01683 0.02132 0.02360 0.02635 0.02414 0.02977 0.03728 0.03622 0.08180 0.10180 0.01159 0.00172 
47	1	0.00000 0.00000 0.00000 0.00002 0.00036 0.00021 0.00012 0.00010 0.00011 0.04656 0.13740 0.12981 0.06546 0.21947 0.04010 0.00753 0.00001 0.00012 0.00103 0.00351 0.01069 0.01320 0.01590 0.01719 0.01838 0.02446 0.03639 0.04143 0.07162 0.08202 0.01389 0.00290 
48	1	0.00000 0.00000 0.00000 0.00019 0.00125 0.00009 0.00007 0.00019 0.00046 0.01237 0.05460 0.15271 0.09218 0.08625 0.07894 0.05262 0.00004 0.00095 0.00788 0.01743 0.03060 0.02883 0.03095 0.03570 0.04084 0.04834 0.05309 0.04147 0.03819 0.03911 0.03654 0.01811 
49	1	0.00000 0.00000 0.00000 0.00006 0.00009 0.00011 0.00009 0.00012 0.00388 0.06921 0.11940 0.13691 0.23332 0.06860 0.04502 0.01575 0.00005 0.00023 0.00135 0.00447 0.00722 0.00896 0.01043 0.01193 0.01439 0.02386 0.03832 0.05481 0.07680 0.03576 0.01462 0.00424 
50	1	0.00000 0.00000 0.00000 0.00002 0.00008 0.00010 0.00009 0.00015 0.00020 0.01455 0.14662 0.15787 0.16886 0.11534 0.03746 0.01021 0.00001 0.00013 0.00096 0.00311 0.00612 0.00870 0.01245 0.01525 0.01830 0.02496 0.03910 0.04902 0.08782 0.06727 0.01140 0.00383 
51	1	0.00000 0.00000 0.00001 0.00009 0.00090 0.00012 0.00010 0.00073 0.00462 0.00080 0.00057 0.00294 0.06248 0.13642 0.36838 0.00880 0.00003 0.00085 0.00312 0.00815 0.01721 0.01531 0.01702 0.02231 0.03136 0.02902 0.03195 0.04160 0.09900 0.07618 0.01787 0.00203 
52	1	0.00000 0.00000 0.00000 0.00003 0.00096 0.00019 0.00007 0.00005 0.00002 0.00015 0.00046 0.00441 0.14859 0.14686 0.17077 0.00148 0.00004 0.00068 0.00362 0.00869 0.01903 0.01667 0.01675 0.01943 0.02139 0.02618 0.03016 0.05120 0.17066 0.12177 0.01905 0.00062 
53	1	0.00000 0.00000 0.00255 0.00020 0.00012 0.00253 0.00050 0.00001 0.00005 0.00018 0.00092 0.07806 0.20455 0.23750 0.09671 0.01408 0.00014 0.00288 0.00898 0.01071 0.01115 0.01407 0.01570 0.01562 0.02060 0.02918 0.03695 0.05362 0.07756 0.04514 0.01616 0.00357 
54	1	0.00000 0.00000 0.00000 0.00240 0.00004 0.00183 0.00076 0.00033 0.00000 0.00002 0.00025 0.00135 0.07393 0.50512 0.11770 0.00152 0.00005 0.00123 0.00404 0.00983 0.00790 0.01065 0.01161 0.01145 0.01177 0.01504 0.02233 0.03070 0.05398 0.06850 0.03237 0.00330 
55	1	0.00000 0.00000 0.00000 0.00537 0.00035 0.00000 0.00000 0.00000 0.00000 0.00000 0.02203 0.04646 0.52712 0.17689 0.04904 0.00000 0.00002 0.00038 0.00465 0.02262 0.01588 0.00527 0.00360 0.00382 0.00394 0.00435 0.00667 0.01790 0.04745 0.02868 0.00732 0.00017 
56	1	0.00000 0.00000 0.00000 0.00215 0.00142 0.00001 0.00000 0.00000 0.00000 0.00000 0.00000 0.00000 0.35251 0.36654 0.12007 0.00574 0.00001 0.00018 0.00366 0.01911 0.01937 0.00706 0.00390 0.00365 0.00353 0.00424 0.00433 0.00647 0.02579 0.03376 0.01514 0.00137 
57	1	0.00000 0.00000 0.00000 0.00004 0.00008 0.00020 0.00064 0.00433 0.03971 0.01073 0.00000 0.00040 0.20602 0.22328 0.15494 0.00246 0.00001 0.00015 0.00181 0.00472 0.00992 0.01488 0.02627 0.06380 0.10423 0.04008 0.00502 0.00597 0.01829 0.03288 0.02789 0.00125 
58	1	0.00000 0.00000 0.00000 0.00022 0.00015 0.00027 0.00060 0.00124 0.02602 0.03038 0.00006 0.00000 0.04620 0.24436 0.21863 0.00781 0.00002 0.00036 0.00350 0.01188 0.01684 0.02610 0.03221 0.04444 0.11057 0.07889 0.00954 0.00682 0.01477 0.03467 0.03171 0.00174 
59	1	0.00000 0.00000 0.00012 0.00135 0.00017 0.00012 0.00017 0.00093 0.01557 0.02165 0.07072 0.05348 0.13370 0.10375 0.06039 0.02178 0.00009 0.00332 0.01930 0.02441 0.02663 0.02540 0.02814 0.03493 0.04947 0.05308 0.04983 0.05722 0.06351 0.04784 0.02612 0.00678 
60	1	0.00000 0.00000 0.00000 0.00021 0.00117 0.00070 0.00030 0.00042 0.00389 0.03468 0.01638 0.00042 0.00003 0.05011 0.43174 0.00000 0.00001 0.00013 0.00300 0.01173 0.02780 0.03799 0.03587 0.03741 0.06135 0.11281 0.06227 0.01165 0.01081 0.01929 0.02725 0.00055 
61	1	0.00000 0.00000 0.00000 0.00064 0.00015 0.00038 0.00070 0.00072 0.02846 0.03040 0.00016 0.00009 0.00467 0.25677 0.26683 0.00013 0.00006 0.00045 0.00253 0.01362 0.01551 0.02493 0.03048 0.03905 0.10814 0.08255 0.01047 0.00808 0.01022 0.03217 0.03102 0.00060 
62	1	0.00000 0.00000 0.00000 0.00000 0.00004 0.00026 0.00627 0.11401 0.12951 0.17688 0.10587 0.08768 0.10712 0.08268 0.04025 0.00020 0.00002 0.00013 0.00035 0.00105 0.00256 0.00560 0.01455 0.02917 0.02302 0.01240 0.00997 0.00936 0.01146 0.01614 0.01267 0.00076 
63	1	0.00000 0.00000 0.00001 0.00002 0.00005 0.00012 0.00142 0.02201 0.07557 0.18725 0.12039 0.10094 0.14405 0.10459 0.06320 0.00024 0.00001 0.00020 0.00084 0.00189 0.00355 0.00587 0.01490 0.03712 0.03016 0.01249 0.00930 0.01064 0.01324 0.02127 0.01775 0.00090 
64	1	0.00000 0.00000 0.00017 0.00263 0.00606 0.05193 0.02492 0.00629 0.00187 0.00009 0.00010 0.00010 0.00042 0.26368 0.02484 0.00001 0.00005 0.00050 0.00672 0.03055 0.08415 0.17300 0.14482 0.05621 0.02326 0.01435 0.01386 0.01305 0.01395 0.02791 0.01435 0.00015 
65	1	0.00000 0.00002 0.00114 0.00413 0.08070 0.02113 0.00817 0.00003 0.00004 0.00000 0.00149 0.01370 0.24678 0.11355 0.01482 0.00020 0.00012 0.00557 0.03357 0.08372 0.15198 0.09173 0.02274 0.00941 0.00942 0.00785 0.00840 0.01080 0.03013 0.02418 0.00411 0.00037 
66	1	0.00000 0.00000 0.00006 0.00930 0.07873 0.01780 0.00507 0.00004 0.00004 0.00053 0.00889 0.18923 0.28572 0.02418 0.01342 0.00015 0.00002 0.00071 0.00641 0.05169 0.09371 0.06450 0.02026 0.01064 0.00906 0.00865 0.00978 0.03132 0.04034 0.01500 0.00449 0.00024 
67	1	0.00000 0.00000 0.00075 0.00552 0.00092 0.00922 0.00701 0.00467 0.00605 0.00197 0.00007 0.00008 0.00017 0.03684 0.32590 0.00000 0.00003 0.00107 0.01452 0.03891 0.06074 0.11594 0.10921 0.07817 0.06541 0.03625 0.01627 0.01316 0.01435 0.01919 0.01698 0.00062 
68	1	0.00000 0.00000 0.00000 0.00001 0.00045 0.00130 0.00062 0.00035 0.00035 0.00046 0.02645 0.19239 0.06757 0.12460 0.07788 0.01687 0.00001 0.00009 0.00085 0.00523 0.02078 0.03535 0.03765 0.03821 0.04065 0.04387 0.05476 0.06354 0.05390 0.05265 0.03768 0.00548 
69	1	0.00000 0.00000 0.00000 0.00001 0.00069 0.00034 0.00033 0.00030 0.00046 0.01753 0.12510 0.07614 0.06999 0.18592 0.07912 0.00906 0.00000 0.00015 0.00125 0.00619 0.01961 0.02309 0.02629 0.02791 0.03344 0.03339 0.04371 0.03999 0.04091 0.08880 0.04772 0.00257 
70	2	0.00000 0.00036 0.00772 0.00692 0.00463 0.00226 0.00289 0.02535 0.03961 0.05432 0.00613 0.00270 0.01045 0.01214 0.00262 0.00017 0.00070 0.00652 0.03228 0.05367 0.05631 0.04348 0.04032 0.07497 0.12755 0.13490 0.07449 0.05249 0.05641 0.04393 0.01825 0.00542 
71	2	0.00000 0.00057 0.01742 0.01485 0.00508 0.00208 0.00050 0.00493 0.02548 0.10371 0.02367 0.00421 0.00868 0.01228 0.00497 0.00046 0.00092 0.00805 0.04676 0.07051 0.06500 0.04507 0.03023 0.03665 0.08102 0.12577 0.08554 0.04961 0.05085 0.04479 0.02424 0.00607 
72	2	0.00000 0.00025 0.01449 0.00831 0.00530 0.00258 0.00334 0.01459 0.06210 0.04252 0.00687 0.00353 0.01682 0.02020 0.00235 0.00019 0.00059 0.00606 0.03560 0.05707 0.05996 0.04655 0.04157 0.06930 0.12397 0.10577 0.06060 0.04789 0.06643 0.05477 0.01750 0.00295 
73	2	0.00001 0.00390 0.02042 0.00482 0.00338 0.00156 0.04512 0.04639 0.01021 0.00328 0.00271 0.00758 0.01057 0.01609 0.00043 0.00027 0.00291 0.01482 0.04501 0.05443 0.05257 0.04404 0.08172 0.12587 0.09616 0.06602 0.05571 0.05641 0.05952 0.04671 0.01587 0.00547 
74	2	0.00002 0.00364 0.01273 0.01359 0.00467 0.00142 0.00234 0.01264 0.03669 0.01996 0.00538 0.00614 0.01423 0.04383 0.00505 0.00003 0.00291 0.01615 0.05552 0.07000 0.05379 0.03538 0.03934 0.08378 0.13337 0.09801 0.05157 0.04056 0.05005 0.06293 0.02332 0.00096 
75	2	0.00001 0.00045 0.00007 0.00008 0.00068 0.00130 0.00135 0.00416 0.02438 0.05848 0.12650 0.01165 0.00035 0.00012 0.00073 0.00010 0.00024 0.00095 0.00130 0.00217 0.00488 0.01192 0.02624 0.07086 0.16320 0.23657 0.18967 0.04056 0.01032 0.00474 0.00456 0.00140 
76	2	0.00000 0.00000 0.00007 0.00015 0.00051 0.00089 0.00260 0.00494 0.01526 0.04087 0.05215 0.06807 0.00905 0.00840 0.00389 0.00186 0.00000 0.00010 0.00038 0.00167 0.00461 0.00892 0.01772 0.03712 0.08446 0.15320 0.17833 0.15970 0.08440 0.04375 0.01415 0.00279 
77	2	0.00000 0.00004 0.00045 0.00222 0.01109 0.01744 0.05735 0.10612 0.13094 0.16639 0.03479 0.01690 0.01822 0.02255 0.00086 0.00055 0.00017 0.00080 0.00207 0.00505 0.00971 0.01368 0.03265 0.07267 0.10652 0.08190 0.03658 0.02100 0.01480 0.01142 0.00397 0.00108 
78	2	0.00002 0.00250 0.00587 0.00725 0.00195 0.00322 0.01549 0.00341 0.00407 0.01526 0.05037 0.32591 0.04301 0.00864 0.02508 0.00065 0.00017 0.00535 0.01770 0.02777 0.02847 0.03365 0.04707 0.03472 0.02281 0.01881 0.02571 0.09080 0.08282 0.02872 0.01973 0.00297 
79	2	0.00000 0.00039 0.00522 0.00613 0.00302 0.00531 0.00199 0.00310 0.00745 0.03694 0.09296 0.36338 0.02656 0.00863 0.00945 0.00121 0.00011 0.00218 0.01366 0.02629 0.02846 0.03735 0.03754 0.03381 0.02826 0.02811 0.03548 0.06962 0.05133 0.02024 0.01348 0.00230 
80	2	0.00000 0.00000 0.00024 0.00149 0.00307 0.00477 0.00380 0.00050 0.00011 0.00051 0.00077 0.40788 0.00005 0.00005 0.00005 0.00011 0.00005 0.00070 0.00469 0.01934 0.04823 0.07593 0.07765 0.06375 0.06110 0.06529 0.05590 0.04791 0.02697 0.01637 0.00917 0.00354 
81	2	0.00000 0.00004 0.00077 0.00138 0.00196 0.00194 0.00221 0.00203 0.00886 0.01332 0.04277 0.09392 0.22622 0.15024 0.09857 0.00856 0.00001 0.00072 0.00280 0.00550 0.00804 0.00962 0.01021 0.01380 0.01885 0.02114 0.03237 0.06325 0.08022 0.05165 0.02423 0.00477 
82	2	0.00246 0.00498 0.01856 0.01662 0.02504 0.04043 0.10960 0.17378 0.00510 0.00444 0.01266 0.00229 0.00395 0.01505 0.06902 0.00050 0.00485 0.01140 0.01752 0.02158 0.02938 0.03214 0.05391 0.06384 0.06156 0.05193 0.05328 0.02216 0.01875 0.02852 0.02256 0.00212 
83	2	0.00000 0.00160 0.00901 0.01852 0.02537 0.05000 0.08959 0.19529 0.00975 0.00642 0.00734 0.00959 0.01836 0.06590 0.06380 0.00000 0.00010 0.00194 0.00832 0.01670 0.02567 0.03346 0.04354 0.04463 0.03729 0.03895 0.03742 0.03543 0.03410 0.04559 0.02610 0.00022 
84	2	0.00000 0.00000 0.00232 0.00383 0.03127 0.06963 0.18375 0.26726 0.01016 0.00055 0.00214 0.00124 0.00500 0.00995 0.02402 0.00080 0.00002 0.00024 0.00331 0.00969 0.02511 0.04016 0.06987 0.09492 0.05166 0.01515 0.01400 0.00942 0.01600 0.02011 0.01541 0.00300 
85	2	0.00001 0.00158 0.00485 0.01641 0.04578 0.08127 0.11723 0.17702 0.01715 0.00260 0.00653 0.00400 0.00622 0.01523 0.04121 0.00081 0.00007 0.00120 0.00435 0.01436 0.03122 0.04525 0.06094 0.08355 0.06090 0.03624 0.03527 0.02340 0.01915 0.02551 0.01862 0.00205 
86	2	0.00030 0.00916 0.00944 0.01472 0.01707 0.01510 0.05046 0.11605 0.14492 0.01130 0.01015 0.01580 0.02114 0.03468 0.02158 0.00002 0.00057 0.00649 0.01499 0.02257 0.03075 0.03030 0.03710 0.06656 0.07938 0.05740 0.04592 0.03868 0.03263 0.02960 0.01459 0.00056 
87	2	0.00000 0.00125 0.00667 0.02701 0.01535 0.03310 0.04280 0.12179 0.07321 0.01309 0.00915 0.00997 0.02957 0.04980 0.01486 0.00000 0.00006 0.00293 0.01455 0.03408 0.03922 0.04519 0.05012 0.07772 0.07817 0.05226 0.04267 0.03425 0.03555 0.03331 0.01217 0.00011 
88	2	0.00002 0.00147 0.00677 0.02536 0.01931 0.04106 0.04877 0.12829 0.10390 0.01082 0.00983 0.01167 0.01385 0.03091 0.01369 0.00001 0.00014 0.00149 0.00707 0.02207 0.03243 0.04508 0.05129 0.07561 0.08133 0.05236 0.04512 0.03588 0.03505 0.03559 0.01350 0.00025 
89	2	0.00020 0.00503 0.04992 0.06139 0.01962 0.00619 0.00432 0.00264 0.02843 0.06844 0.18244 0.10114 0.00216 0.00133 0.00396 0.00001 0.00065 0.00657 0.03130 0.05998 0.05355 0.03294 0.01841 0.01166 0.02409 0.05399 0.08596 0.04669 0.01899 0.01054 0.00717 0.00028 
90	2	0.00012 0.00468 0.00686 0.01147 0.01587 0.02484 0.01612 0.01602 0.07299 0.10207 0.24659 0.00664 0.00417 0.00219 0.00550 0.00087 0.00027 0.00261 0.00792 0.01448 0.02131 0.02632 0.02391 0.02647 0.04881 0.08668 0.10325 0.04707 0.02805 0.01488 0.00888 0.00206 
91	2	0.00000 0.00000 0.00000 0.00000 0.00000 0.00005 0.00001 0.00000 0.00001 0.00007 0.13992 0.65888 0.00013 0.00003 0.00001 0.00000 0.00004 0.00021 0.00061 0.00103 0.00205 0.00361 0.00617 0.00865 0.01387 0.02220 0.04290 0.05118 0.02549 0.01475 0.00632 0.00180 
92	2	0.00000 0.00002 0.00075 0.00385 0.01295 0.00835 0.00493 0.04012 0.15749 0.04900 0.05798 0.03503 0.04175 0.02747 0.00296 0.00016 0.00003 0.00048 0.00552 0.01687 0.03243 0.03383 0.03140 0.05565 0.09874 0.07105 0.06290 0.06126 0.05116 0.02930 0.00605 0.00052 
93	2	0.00000 0.00000 0.00005 0.00152 0.00817 0.02285 0.04234 0.01470 0.00716 0.01945 0.04974 0.02794 0.02371 0.00057 0.00021 0.00000 0.00000 0.00001 0.00056 0.00479 0.02155 0.06533 0.10622 0.09641 0.09630 0.12304 0.12237 0.08720 0.04766 0.00798 0.00201 0.00016 
94	2	0.00000 0.00000 0.00020 0.00204 0.02012 0.01509 0.00692 0.00841 0.02842 0.02317 0.03930 0.04418 0.02449 0.00530 0.00041 0.00000 0.00002 0.00030 0.00613 0.02707 0.07123 0.09164 0.07620 0.08333 0.11085 0.09809 0.08639 0.07304 0.04341 0.01281 0.00140 0.00001 
95	2	0.00000 0.00000 0.00005 0.00084 0.00699 0.02957 0.01399 0.02680 0.01880 0.04041 0.10680 0.03363 0.00871 0.00104 0.00002 0.00003 0.00000 0.00007 0.00099 0.00634 0.02508 0.06160 0.07447 0.08304 0.08533 0.11879 0.14713 0.07980 0.02365 0.00480 0.00092 0.00029 
96	2	0.00000 0.00000 0.00002 0.00431 0.06470 0.00387 0.01139 0.01017 0.01378 0.01926 0.02852 0.04634 0.04960 0.02514 0.00070 0.00000 0.00001 0.00016 0.00263 0.02249 0.05447 0.04607 0.05686 0.06751 0.07838 0.09131 0.09557 0.09564 0.07568 0.03255 0.00285 0.00003 
97	2	0.00000 0.00000 0.00001 0.00045 0.00150 0.10205 0.02738 0.01066 0.02300 0.10168 0.02831 0.01899 0.01615 0.00772 0.00145 0.00006 0.00000 0.00003 0.00046 0.00192 0.00890 0.05952 0.08753 0.07732 0.09762 0.11968 0.08692 0.06203 0.03941 0.01575 0.00321 0.00025 
98	2	0.00000 0.00000 0.00002 0.00012 0.08457 0.03514 0.00377 0.00846 0.04801 0.02127 0.02460 0.10073 0.04287 0.00676 0.00021 0.00005 0.00001 0.00008 0.00077 0.00363 0.03220 0.04965 0.04328 0.05815 0.09817 0.08419 0.07251 0.10218 0.06123 0.01577 0.00143 0.00015 
99	2	0.00000 0.00000 0.00004 0.00002 0.00003 0.00058 0.25229 0.04090 0.00835 0.01524 0.05621 0.04958 0.03477 0.01195 0.00203 0.00001 0.00001 0.00017 0.00086 0.00099 0.00108 0.00363 0.03811 0.05109 0.04812 0.07248 0.11364 0.10615 0.06070 0.02573 0.00501 0.00021 
100	2	0.00000 0.00007 0.00004 0.00019 0.02846 0.12890 0.00205 0.00242 0.03070 0.07082 0.03740 0.04739 0.07435 0.00678 0.00047 0.00000 0.00001 0.00066 0.00087 0.00110 0.03124 0.04537 0.01229 0.01890 0.07623 0.12930 0.09922 0.07810 0.05807 0.01649 0.00208 0.00003 
101	2	0.00000 0.00000 0.00005 0.00007 0.00002 0.07946 0.06353 0.00215 0.00430 0.06936 0.11878 0.04240 0.05129 0.06226 0.00800 0.00001 0.00001 0.00030 0.00084 0.00106 0.00102 0.03864 0.04765 0.01216 0.01885 0.08534 0.12191 0.07244 0.05545 0.03324 0.00919 0.00019 
102	2	0.00000 0.00000 0.00017 0.00012 0.00081 0.00115 0.00053 0.00010 0.00043 0.14293 0.24702 0.00018 0.00002 0.00002 0.00001 0.00000 0.00005 0.00054 0.00311 0.01007 0.02485 0.04130 0.05505 0.05923 0.07824 0.10902 0.09864 0.05977 0.03617 0.01883 0.00876 0.00288 
103	2	0.00000 0.00042 0.00182 0.00157 0.00600 0.00862 0.03824 0.02970 0.01705 0.03381 0.04033 0.04286 0.02305 0.00230 0.00000 0.00000 0.00004 0.00199 0.00765 0.01844 0.04082 0.06147 0.10677 0.11336 0.09460 0.09601 0.09783 0.07552 0.03236 0.00709 0.00027 0.00001 
104	2	0.00000 0.00000 0.00382 0.00495 0.00304 0.06911 0.05057 0.02015 0.03057 0.04182 0.06578 0.01836 0.00146 0.00047 0.00000 0.00000 0.00002 0.00098 0.01240 0.02659 0.03828 0.08632 0.10004 0.08233 0.08117 0.10284 0.10658 0.04367 0.00769 0.00088 0.00006 0.00001 
105	2	0.00000 0.00665 0.12883 0.01064 0.00765 0.00793 0.01470 0.01989 0.01282 0.01800 0.01478 0.02489 0.02317 0.00809 0.00077 0.00005 0.00005 0.01988 0.06639 0.05103 0.05557 0.07288 0.08774 0.08957 0.06426 0.05490 0.04444 0.04200 0.03271 0.01659 0.00290 0.00022 
106	2	0.00000 0.00014 0.00180 0.00435 0.00699 0.00929 0.03650 0.04440 0.01537 0.01527 0.03650 0.03560 0.00895 0.00255 0.00056 0.00014 0.00002 0.00209 0.01630 0.04594 0.07640 0.10202 0.14575 0.12530 0.06619 0.05277 0.06052 0.05331 0.02455 0.00807 0.00205 0.00030 
107	2	0.00000 0.00000 0.00001 0.00195 0.01054 0.02255 0.02497 0.02135 0.01913 0.04553 0.09564 0.06657 0.01721 0.00018 0.00000 0.00000 0.00001 0.00012 0.00137 0.01106 0.03197 0.05820 0.07595 0.08030 0.08197 0.10413 0.12287 0.08376 0.02159 0.00098 0.00005 0.00001 
108	2	0.00000 0.00000 0.03260 0.06403 0.00983 0.00387 0.00665 0.01156 0.04702 0.02571 0.02168 0.02871 0.03808 0.00975 0.00170 0.00000 0.00002 0.00003 0.03302 0.06332 0.04328 0.03802 0.04889 0.07414 0.11448 0.09012 0.06588 0.05805 0.04480 0.02000 0.00460 0.00013 
109	2	0.00000 0.00000 0.04388 0.11344 0.00925 0.00140 0.00297 0.00278 0.00925 0.01002 0.01373 0.03750 0.02707 0.00596 0.00144 0.00002 0.00001 0.00049 0.04516 0.07935 0.04516 0.03476 0.04236 0.05282 0.07651 0.08012 0.07997 0.09294 0.06529 0.02226 0.00392 0.00015 
110	2	0.00000 0.00005 0.00026 0.00007 0.00010 0.00033 0.11341 0.00750 0.01172 0.07370 0.02976 0.08321 0.07041 0.02667 0.00292 0.00000 0.00008 0.00062 0.00148 0.00152 0.00180 0.00657 0.04544 0.05565 0.07223 0.10031 0.09480 0.10567 0.06652 0.02353 0.00365 0.00002 
111	2	0.00000 0.00000 0.00992 0.00014 0.00035 0.00362 0.00867 0.01795 0.01007 0.00960 0.02724 0.03810 0.02333 0.00527 0.00007 0.00023 0.00005 0.00032 0.00422 0.00352 0.00565 0.01572 0.03880 0.07886 0.10212 0.12770 0.16880 0.15830 0.09593 0.03630 0.00644 0.00268 
112	2	0.00000 0.00001 0.00039 0.00410 0.00467 0.00700 0.00765 0.02174 0.20336 0.03813 0.09521 0.02491 0.03413 0.03277 0.00417 0.00001 0.00003 0.00060 0.00338 0.01395 0.02503 0.03570 0.03895 0.04814 0.09296 0.07845 0.06175 0.05316 0.04174 0.02266 0.00498 0.00026 
113	2	0.00000 0.00000 0.00003 0.00011 0.00025 0.00068 0.00051 0.00030 0.00053 0.46057 0.00313 0.00024 0.00003 0.00002 0.00002 0.00005 0.00001 0.00032 0.00204 0.00666 0.01620 0.03048 0.04516 0.05891 0.07642 0.10225 0.08562 0.05450 0.02759 0.01747 0.00750 0.00240 
114	2	0.00000 0.00000 0.00044 0.00026 0.00187 0.00441 0.00256 0.00035 0.00049 0.05071 0.18250 0.00020 0.00003 0.00002 0.00002 0.00002 0.00006 0.00103 0.00542 0.01472 0.04196 0.08191 0.09202 0.09169 0.08813 0.10320 0.10119 0.06467 0.03661 0.01938 0.01053 0.00358 
115	2	0.00000 0.00000 0.00002 0.00203 0.00236 0.00715 0.00550 0.00052 0.00022 0.05437 0.12428 0.00017 0.00004 0.00003 0.00002 0.00001 0.00003 0.00042 0.00445 0.02704 0.06268 0.11492 0.13015 0.09903 0.08818 0.09671 0.07776 0.04931 0.02842 0.01475 0.00710 0.00231 
116	2	0.00000 0.00047 0.00326 0.00136 0.00073 0.00200 0.00735 0.02052 0.02254 0.00683 0.00202 0.13807 0.00767 0.00002 0.00001 0.00000 0.00086 0.00449 0.01402 0.01578 0.01872 0.03325 0.06730 0.11868 0.14003 0.12047 0.09477 0.08458 0.04707 0.01827 0.00693 0.00189 
117	2	0.00006 0.00490 0.00220 0.00383 0.00525 0.01348 0.00729 0.00741 0.01363 0.04662 0.07155 0.12265 0.02227 0.01787 0.01912 0.00053 0.00065 0.00418 0.01009 0.02388 0.03609 0.04445 0.03055 0.02378 0.03953 0.09849 0.11438 0.09484 0.06459 0.03692 0.01728 0.00163 
118	2	0.00000 0.00000 0.00000 0.00000 0.00000 0.00000 0.00060 0.00687 0.06333 0.10374 0.12056 0.13568 0.12874 0.08543 0.00058 0.00010 0.00001 0.00010 0.00014 0.00027 0.00044 0.00088 0.00443 0.02322 0.05475 0.06390 0.07390 0.06236 0.04181 0.02343 0.00420 0.00048 
119	2	0.00000 0.00000 0.00007 0.00810 0.01295 0.03052 0.00322 0.00751 0.05977 0.02647 0.13445 0.26902 0.04547 0.02805 0.00747 0.00014 0.00001 0.00003 0.00271 0.02157 0.05939 0.07130 0.02384 0.00657 0.00620 0.00834 0.03527 0.05803 0.04437 0.02274 0.00603 0.00039 
120	2	0.00000 0.00000 0.00002 0.00222 0.00896 0.00296 0.00062 0.00019 0.00100 0.23812 0.29013 0.03023 0.02090 0.01545 0.00188 0.00000 0.00002 0.00012 0.00245 0.01423 0.03883 0.04197 0.03227 0.02567 0.02438 0.05292 0.07061 0.04335 0.02568 0.01187 0.00280 0.00014 
121	2	0.00000 0.00000 0.00090 0.00295 0.00207 0.00142 0.00029 0.00028 0.02387 0.16400 0.39492 0.04858 0.01627 0.01291 0.00402 0.00001 0.00002 0.00052 0.00486 0.01755 0.02488 0.02884 0.02457 0.02698 0.02726 0.03637 0.05177 0.04551 0.02308 0.01166 0.00338 0.00022 
122	2	0.00000 0.00000 0.00087 0.01135 0.00167 0.00223 0.00846 0.02867 0.03910 0.01966 0.00414 0.00347 0.23202 0.02134 0.00547 0.00008 0.00001 0.00014 0.00511 0.01255 0.01131 0.01907 0.05178 0.11861 0.14590 0.09483 0.04720 0.03411 0.03442 0.03052 0.01420 0.00170 
123	2	0.00000 0.00000 0.00004 0.00001 0.00003 0.00037 0.00003 0.00004 0.00027 0.04326 0.70822 0.00033 0.00002 0.00002 0.00000 0.00000 0.00003 0.00019 0.00099 0.00161 0.00370 0.00656 0.01177 0.01768 0.02709 0.05120 0.05790 0.03649 0.01831 0.00886 0.00382 0.00115 
124	2	0.00000 0.00000 0.00000 0.00032 0.00631 0.00301 0.01360 0.07121 0.04220 0.01904 0.01097 0.01042 0.14796 0.01854 0.00550 0.00012 0.00000 0.00001 0.00016 0.00239 0.01105 0.02100 0.06499 0.14109 0.12468 0.06830 0.04840 0.04996 0.05418 0.04434 0.01792 0.00234 
125	2	0.00000 0.00003 0.02274 0.00118 0.00162 0.02641 0.08108 0.04375 0.02053 0.00740 0.00627 0.00922 0.01620 0.02563 0.00424 0.00004 0.00002 0.00244 0.01532 0.01225 0.01107 0.06424 0.15364 0.14660 0.09426 0.04999 0.04084 0.04280 0.04617 0.03838 0.01392 0.00169 
126	2	0.00000 0.00000 0.00005 0.00000 0.00001 0.00034 0.00635 0.00572 0.00673 0.00222 0.00153 0.12296 0.10074 0.00031 0.00002 0.00008 0.00003 0.00005 0.00033 0.00096 0.00518 0.02582 0.06517 0.09425 0.10350 0.09606 0.09740 0.10491 0.09653 0.04287 0.01552 0.00434 
127	2	0.00000 0.00000 0.00003 0.00012 0.00100 0.00217 0.00113 0.00017 0.00015 0.05268 0.18570 0.00075 0.00005 0.00002 0.00002 0.00002 0.00002 0.00025 0.00198 0.00913 0.03695 0.07131 0.08695 0.08092 0.09115 0.11606 0.11636 0.08112 0.03691 0.01745 0.00754 0.00188 
128	2	0.00000 0.00000 0.00001 0.00000 0.00001 0.00055 0.01070 0.01460 0.00183 0.00321 0.08213 0.23797 0.37395 0.00915 0.00012 0.00002 0.00002 0.00005 0.00022 0.00033 0.00076 0.00775 0.04759 0.06524 0.03289 0.02270 0.02182 0.02558 0.02434 0.01221 0.00331 0.00092 
129	2	0.00000 0.00000 0.00001 0.00000 0.00005 0.00061 0.00694 0.02255 0.00266 0.00087 0.06199 0.19522 0.35851 0.02224 0.00005 0.00037 0.00001 0.00001 0.00017 0.00039 0.00180 0.01212 0.05959 0.09583 0.04630 0.02289 0.02071 0.02349 0.02342 0.01426 0.00515 0.00179 
130	2	0.00000 0.00000 0.00000 0.00000 0.00007 0.00429 0.00625 0.00211 0.00043 0.00033 0.03640 0.46598 0.16701 0.00089 0.00002 0.00000 0.00001 0.00001 0.00013 0.00191 0.01072 0.04612 0.05709 0.03516 0.02565 0.02430 0.02761 0.03864 0.03218 0.01272 0.00328 0.00067 
131	2	0.00000 0.00000 0.00010 0.00005 0.00009 0.00048 0.00059 0.00042 0.00011 0.03792 0.08822 0.11547 0.00523 0.00015 0.00002 0.00001 0.00002 0.00012 0.00137 0.00652 0.01744 0.04091 0.05697 0.07482 0.07202 0.08844 0.10655 0.11969 0.10040 0.04540 0.01630 0.00416 
132	2	0.00000 0.00000 0.00020 0.00006 0.00012 0.00087 0.01203 0.00552 0.00501 0.00576 0.00281 0.00255 0.14559 0.10923 0.00249 0.00048 0.00007 0.00020 0.00096 0.00155 0.00306 0.02158 0.05880 0.06062 0.07593 0.09424 0.08539 0.08551 0.09595 0.07784 0.03715 0.00840 
133	2	0.00000 0.00000 0.00000 0.00020 0.00165 0.00250 0.00040 0.00015 0.00020 0.01510 0.13535 0.00104 0.00012 0.00002 0.00001 0.00000 0.00002 0.00016 0.00178 0.01418 0.05128 0.08615 0.07524 0.08804 0.09675 0.10846 0.13389 0.09469 0.05217 0.02531 0.01179 0.00331 
134	2	0.00000 0.00001 0.00170 0.01055 0.00935 0.00444 0.00119 0.00038 0.02123 0.05468 0.17969 0.31386 0.03059 0.00020 0.00003 0.00002 0.00002 0.00054 0.01129 0.03691 0.04759 0.04302 0.03310 0.02935 0.02866 0.02693 0.03794 0.04014 0.02243 0.00942 0.00362 0.00110 
135	2	0.00006 0.01117 0.00911 0.00724 0.02075 0.05817 0.15196 0.08180 0.03734 0.02353 0.01094 0.01277 0.01154 0.00716 0.00493 0.00060 0.00081 0.01009 0.01611 0.01733 0.02976 0.04422 0.05820 0.09876 0.09264 0.06203 0.04175 0.03263 0.02600 0.01411 0.00510 0.00140 
136	2	0.00010 0.01160 0.01144 0.00793 0.02609 0.06593 0.05379 0.06805 0.06553 0.02700 0.02638 0.01534 0.01440 0.01053 0.03699 0.00034 0.00055 0.00909 0.01543 0.01740 0.03165 0.03486 0.03208 0.07897 0.11087 0.07404 0.05011 0.03313 0.02699 0.02358 0.01776 0.00205 
137	2	0.00000 0.00000 0.00079 0.00435 0.02220 0.01890 0.00365 0.00087 0.00039 0.02858 0.23018 0.20829 0.00035 0.00007 0.00003 0.00001 0.00003 0.00026 0.00552 0.02088 0.05805 0.08511 0.06256 0.04765 0.04134 0.03763 0.05032 0.04051 0.01695 0.00897 0.00427 0.00129 
138	2	0.00001 0.02129 0.03823 0.00259 0.00057 0.00191 0.01249 0.02271 0.00914 0.00273 0.00139 0.02546 0.12943 0.00082 0.00011 0.00001 0.00277 0.01464 0.03283 0.02522 0.02314 0.03781 0.07592 0.10829 0.10496 0.08471 0.06980 0.06275 0.05433 0.02476 0.00783 0.00136 
139	2	0.00003 0.00810 0.04385 0.00359 0.00130 0.00120 0.00787 0.01890 0.01527 0.00624 0.00189 0.00234 0.00544 0.00525 0.00012 0.00009 0.00189 0.01320 0.03357 0.03118 0.02823 0.03302 0.06306 0.11386 0.13159 0.11787 0.09932 0.08562 0.06983 0.04047 0.01282 0.00299 
140	3	0.00000 0.00000 0.00192 0.02182 0.05867 0.06800 0.03915 0.04255 0.05199 0.02482 0.02306 0.02719 0.04015 0.03170 0.02318 0.00644 0.00001 0.00006 0.00257 0.01607 0.04820 0.07103 0.06475 0.06309 0.05628 0.04751 0.04596 0.04059 0.03962 0.02754 0.01265 0.00342 
141	3	0.00014 0.00170 0.01247 0.03368 0.02010 0.02380 0.02937 0.03418 0.05855 0.04257 0.03346 0.02594 0.02680 0.02569 0.04052 0.01702 0.00025 0.00384 0.01474 0.02575 0.02800 0.03565 0.04672 0.05677 0.06145 0.05477 0.05506 0.05879 0.05264 0.03722 0.03002 0.01234 
142	3	0.00000 0.00000 0.00080 0.04359 0.13720 0.06336 0.05486 0.03897 0.02295 0.01591 0.02661 0.02432 0.02352 0.03214 0.02607 0.00826 0.00001 0.00002 0.00130 0.02556 0.06481 0.06668 0.05290 0.03844 0.03478 0.04160 0.05117 0.04475 0.03032 0.01878 0.00841 0.00192 
143	3	0.00000 0.00000 0.03391 0.02102 0.02198 0.03370 0.03632 0.03728 0.03596 0.03812 0.03414 0.02980 0.03099 0.03512 0.01095 0.00167 0.00039 0.00136 0.01702 0.02501 0.02733 0.04283 0.05715 0.05717 0.06144 0.07558 0.07874 0.06450 0.05030 0.03058 0.00863 0.00100 
144	3	0.00000 0.00000 0.00022 0.00817 0.02114 0.00988 0.00239 0.00163 0.00146 0.00191 0.00133 0.00121 0.00265 0.01165 0.00321 0.00010 0.00016 0.00089 0.01442 0.05211 0.09621 0.08373 0.06740 0.07162 0.07772 0.08683 0.09575 0.09629 0.08577 0.07035 0.03060 0.00319 
145	3	0.00000 0.00000 0.00002 0.00089 0.00221 0.00170 0.00334 0.00237 0.00383 0.00978 0.00738 0.00705 0.01152 0.00690 0.00014 0.00003 0.00000 0.00005 0.00109 0.00867 0.02304 0.03798 0.06399 0.08151 0.10918 0.15190 0.14927 0.13867 0.10654 0.05655 0.01207 0.00231 
146	3	0.00000 0.00000 0.00017 0.00137 0.00304 0.00105 0.00084 0.00161 0.00251 0.00105 0.00101 0.00208 0.00113 0.02513 0.00785 0.00000 0.00004 0.00079 0.00562 0.02627 0.04664 0.05356 0.06223 0.08196 0.10030 0.11146 0.12608 0.12704 0.08882 0.08307 0.03413 0.00313 
147	3	0.00000 0.00000 0.00000 0.01065 0.04265 0.02332 0.02532 0.01880 0.02221 0.02544 0.02438 0.01523 0.01663 0.01556 0.01568 0.01054 0.00002 0.00013 0.00331 0.01852 0.03814 0.05477 0.07451 0.08188 0.08505 0.07833 0.07330 0.06328 0.06327 0.05435 0.03397 0.01073 
148	3	0.00000 0.00000 0.00015 0.00771 0.02597 0.02832 0.01522 0.01531 0.00972 0.01875 0.02458 0.02794 0.02172 0.03145 0.03174 0.02500 0.00002 0.00019 0.00363 0.01887 0.04981 0.06645 0.05917 0.05005 0.04792 0.05775 0.07697 0.07971 0.07096 0.06445 0.05271 0.01777 
149	3	0.00000 0.00000 0.00010 0.00326 0.00550 0.00617 0.01041 0.02052 0.03177 0.01013 0.00512 0.00388 0.00850 0.01368 0.06750 0.02344 0.00001 0.00015 0.00271 0.01050 0.02228 0.03119 0.04285 0.06200 0.07307 0.05805 0.04955 0.05112 0.06872 0.10198 0.15565 0.06016 
150	3	0.00044 0.00104 0.00279 0.00188 0.00236 0.00427 0.00925 0.00570 0.00809 0.00315 0.00407 0.00345 0.00656 0.03437 0.06943 0.03477 0.00191 0.00624 0.01848 0.02034 0.02912 0.03679 0.04226 0.04308 0.04953 0.05034 0.05660 0.05838 0.07735 0.15107 0.13719 0.02970 
151	3	0.00008 0.00032 0.00180 0.00082 0.00395 0.00431 0.00608 0.00699 0.00949 0.00813 0.00998 0.01010 0.01390 0.03845 0.09395 0.04328 0.00145 0.00546 0.01436 0.01508 0.02593 0.03505 0.04059 0.04701 0.04811 0.04465 0.05158 0.05603 0.06902 0.12512 0.13584 0.03309 
152	3	0.00000 0.00010 0.00055 0.00041 0.00186 0.01293 0.03677 0.03983 0.03919 0.01337 0.01434 0.01021 0.01078 0.02760 0.09244 0.06577 0.00015 0.00112 0.00371 0.00477 0.01105 0.02900 0.05279 0.06267 0.06027 0.05117 0.05262 0.04982 0.05675 0.07183 0.08676 0.03936 
153	3	0.00000 0.00000 0.00071 0.04834 0.13580 0.01171 0.00975 0.01230 0.01602 0.01462 0.01839 0.01567 0.01006 0.00889 0.01462 0.01541 0.00005 0.00024 0.00537 0.03582 0.05063 0.02787 0.03137 0.04877 0.06801 0.07793 0.08214 0.07139 0.06185 0.05042 0.03942 0.01642 
154	3	0.00000 0.00100 0.00691 0.00748 0.01437 0.02273 0.02031 0.02085 0.02776 0.02415 0.02025 0.01777 0.01241 0.01536 0.01984 0.02062 0.00000 0.00143 0.00676 0.01595 0.03408 0.05560 0.06758 0.07935 0.08638 0.08238 0.08040 0.07698 0.05935 0.05131 0.03604 0.01455 
155	3	0.00000 0.05826 0.06387 0.06065 0.04415 0.02803 0.01620 0.01820 0.02729 0.02628 0.03649 0.03091 0.02433 0.00667 0.00113 0.00002 0.00018 0.00547 0.00983 0.01315 0.01539 0.01746 0.02130 0.02929 0.04542 0.06313 0.08938 0.10417 0.08146 0.04323 0.01579 0.00290 
156	3	0.00000 0.00010 0.00146 0.21100 0.09740 0.03985 0.04057 0.01575 0.01618 0.02721 0.01301 0.01280 0.01548 0.00980 0.00211 0.00021 0.00000 0.00029 0.00355 0.01501 0.01905 0.01974 0.02418 0.02356 0.03833 0.06668 0.06299 0.06782 0.07728 0.05681 0.01965 0.00211 
157	3	0.00829 0.08743 0.05265 0.05280 0.06019 0.03124 0.01488 0.00952 0.00485 0.00516 0.02657 0.04247 0.02659 0.00693 0.00349 0.00030 0.01414 0.03307 0.03050 0.02031 0.01612 0.01082 0.00896 0.00808 0.00770 0.01774 0.06599 0.12847 0.11652 0.06034 0.02445 0.00339 
158	3	0.00000 0.00000 0.00003 0.00396 0.05058 0.05966 0.02658 0.00715 0.02926 0.05226 0.09970 0.04770 0.00608 0.00062 0.00006 0.00000 0.00034 0.00031 0.00135 0.00334 0.00843 0.01214 0.01529 0.01595 0.04917 0.11447 0.18254 0.13770 0.05741 0.01556 0.00225 0.00010 
159	3	0.00007 0.00010 0.00001 0.00323 0.18086 0.11391 0.02382 0.01184 0.03970 0.04030 0.04611 0.01717 0.00324 0.00099 0.00054 0.00000 0.00180 0.00296 0.00181 0.00354 0.01112 0.01286 0.00998 0.01489 0.06200 0.11430 0.12642 0.08387 0.04120 0.02124 0.00952 0.00060 
160	3	0.00000 0.04238 0.02952 0.00561 0.00138 0.00029 0.00213 0.01387 0.10199 0.09890 0.01252 0.00092 0.00032 0.00003 0.00003 0.00000 0.00017 0.00410 0.00587 0.00562 0.00308 0.00213 0.00630 0.04001 0.17555 0.23781 0.12732 0.04775 0.02235 0.00812 0.00355 0.00035 
161	3	0.00000 0.00004 0.01368 0.00059 0.47189 0.17853 0.02125 0.05477 0.00325 0.00158 0.00100 0.00050 0.00043 0.00013 0.00003 0.00008 0.00000 0.00064 0.00554 0.00458 0.03750 0.03510 0.01840 0.03497 0.03207 0.02659 0.02285 0.01590 0.01112 0.00505 0.00172 0.00018 
162	3	0.00400 0.04205 0.02122 0.00901 0.00742 0.00262 0.00453 0.00617 0.01180 0.02034 0.07851 0.14119 0.07874 0.01234 0.00154 0.00000 0.00200 0.00556 0.00474 0.00465 0.00541 0.00680 0.01347 0.02375 0.04138 0.07470 0.13886 0.15147 0.07120 0.01292 0.00152 0.00006 
163	3	0.00000 0.00023 0.00050 0.00000 0.24617 0.10495 0.05897 0.02976 0.00779 0.01493 0.02063 0.01238 0.00357 0.00068 0.00021 0.00040 0.00069 0.00217 0.00259 0.00143 0.01332 0.02266 0.03168 0.03003 0.03507 0.07377 0.11197 0.09496 0.05090 0.01980 0.00672 0.00105 
164	3	0.00006 0.19563 0.08410 0.05174 0.03750 0.01182 0.00322 0.00405 0.00777 0.00717 0.01084 0.00723 0.00120 0.00033 0.00068 0.00044 0.00036 0.01835 0.01957 0.01991 0.02873 0.02486 0.02195 0.03428 0.07004 0.09235 0.10179 0.07527 0.03886 0.01952 0.00918 0.00117 
165	3	0.00000 0.00497 0.05574 0.07191 0.07041 0.02202 0.00649 0.00383 0.00442 0.01846 0.01979 0.00341 0.00038 0.00109 0.02650 0.00169 0.00007 0.00606 0.03108 0.06723 0.08941 0.06827 0.05090 0.04034 0.04286 0.05979 0.06272 0.04165 0.02843 0.03410 0.05038 0.01559 
166	3	0.00000 0.00000 0.00000 0.00372 0.22256 0.06622 0.15446 0.02156 0.00178 0.00018 0.00039 0.00208 0.00604 0.01410 0.00581 0.00007 0.00001 0.00004 0.00045 0.00589 0.03175 0.06339 0.10554 0.07100 0.03204 0.02410 0.02322 0.03201 0.04277 0.04696 0.02133 0.00053 
167	3	0.00000 0.00000 0.00000 0.01860 0.10614 0.08143 0.12090 0.06879 0.01164 0.00257 0.00395 0.00266 0.00444 0.01216 0.02906 0.00008 0.00000 0.00009 0.00146 0.01658 0.04212 0.06301 0.09698 0.09387 0.04555 0.02388 0.02497 0.02465 0.02988 0.03905 0.03301 0.00246 
168	3	0.00000 0.00497 0.04647 0.18977 0.07230 0.05479 0.07109 0.02107 0.00111 0.00195 0.00265 0.00529 0.02147 0.02488 0.00339 0.00002 0.00002 0.00225 0.01476 0.03055 0.02439 0.04187 0.06470 0.03414 0.01499 0.01617 0.02091 0.03895 0.07868 0.07532 0.02050 0.00059 
169	3	0.00000 0.01528 0.20536 0.15181 0.12489 0.08914 0.03692 0.00613 0.00302 0.00382 0.00690 0.00355 0.00855 0.00745 0.00042 0.00000 0.00002 0.00588 0.01914 0.02715 0.03495 0.02207 0.00907 0.01032 0.01721 0.02718 0.03756 0.03500 0.04606 0.03552 0.00890 0.00072 
170	3	0.00000 0.00001 0.00091 0.01409 0.03658 0.04090 0.04417 0.02300 0.02315 0.01679 0.01452 0.00344 0.00187 0.00236 0.01491 0.00071 0.00002 0.00030 0.00531 0.02858 0.06774 0.08870 0.09786 0.08919 0.08647 0.08097 0.06515 0.04330 0.03319 0.03326 0.03425 0.00830 
171	3	0.00000 0.00000 0.00108 0.00659 0.00890 0.00800 0.00863 0.01078 0.01136 0.00703 0.00722 0.01932 0.07130 0.09455 0.00708 0.00078 0.00006 0.00170 0.00764 0.02052 0.03188 0.04030 0.04956 0.06136 0.06819 0.06405 0.06376 0.08006 0.10929 0.09536 0.03392 0.00970 
172	3	0.00000 0.00000 0.00020 0.00045 0.00421 0.01026 0.01639 0.01437 0.01706 0.01232 0.01517 0.04537 0.22028 0.01384 0.00299 0.00203 0.00005 0.00041 0.00286 0.00501 0.01195 0.02765 0.04767 0.06487 0.07256 0.06907 0.07252 0.08085 0.09115 0.04702 0.02099 0.01041 
173	3	0.00005 0.00062 0.00234 0.00086 0.00382 0.00696 0.01250 0.04590 0.09929 0.11449 0.08826 0.05565 0.02688 0.02278 0.00789 0.00014 0.00085 0.00272 0.00551 0.00476 0.00859 0.01563 0.02655 0.05192 0.08139 0.09079 0.07965 0.06087 0.04325 0.02850 0.00995 0.00061 
174	3	0.00000 0.00000 0.00000 0.00000 0.01290 0.28187 0.02246 0.00720 0.00445 0.01375 0.01387 0.00549 0.00281 0.00449 0.01163 0.00407 0.00001 0.00012 0.00232 0.00450 0.02348 0.07329 0.06735 0.04795 0.04552 0.06152 0.06760 0.05265 0.04567 0.04543 0.05028 0.02730 
175	3	0.00000 0.00000 0.00000 0.00000 0.00002 0.13773 0.05046 0.01016 0.00776 0.04503 0.06411 0.02669 0.01565 0.01088 0.02091 0.01157 0.00000 0.00000 0.00008 0.00028 0.00228 0.04619 0.06691 0.04507 0.04705 0.06905 0.08811 0.07608 0.06101 0.04688 0.03654 0.01348 
176	3	0.00000 0.00000 0.00000 0.00001 0.15300 0.05422 0.00317 0.00100 0.02351 0.02715 0.01701 0.00749 0.00326 0.00604 0.01530 0.00479 0.00001 0.00054 0.00169 0.00872 0.06566 0.08033 0.04125 0.04020 0.06419 0.08567 0.07971 0.06648 0.04648 0.04563 0.04090 0.01656 
177	3	0.00000 0.00000 0.00000 0.00000 0.06075 0.23084 0.06586 0.02515 0.01721 0.02132 0.01494 0.01184 0.00288 0.00282 0.01372 0.01118 0.00004 0.00018 0.00057 0.00168 0.01928 0.05242 0.06001 0.04495 0.04004 0.04842 0.05226 0.04942 0.03794 0.03822 0.04757 0.02851 
178	3	0.00000 0.00035 0.05231 0.04108 0.11226 0.06005 0.02034 0.02040 0.01897 0.01974 0.02043 0.02362 0.02639 0.01322 0.00040 0.00023 0.00063 0.00366 0.02842 0.05438 0.08580 0.07819 0.04985 0.04400 0.03989 0.03741 0.03867 0.04000 0.03991 0.02270 0.00514 0.00155 
179	3	0.00000 0.00004 0.01356 0.03107 0.07118 0.05510 0.02629 0.01287 0.00828 0.01132 0.01453 0.02203 0.03975 0.02050 0.00067 0.00012 0.00077 0.00411 0.03135 0.06053 0.08633 0.09053 0.06511 0.04622 0.03868 0.03970 0.04540 0.05925 0.06430 0.03219 0.00692 0.00127 
180	3	0.00000 0.00007 0.01660 0.03314 0.07517 0.05525 0.02305 0.01268 0.01100 0.01676 0.02599 0.05260 0.04604 0.00524 0.00002 0.00000 0.00107 0.00440 0.02923 0.05017 0.07907 0.07482 0.05192 0.04244 0.03975 0.04569 0.05957 0.07433 0.05454 0.01601 0.00240 0.00097 
181	3	0.00001 0.00121 0.03051 0.07142 0.08158 0.04640 0.01973 0.01744 0.01664 0.02680 0.05030 0.05775 0.01848 0.00003 0.00000 0.00000 0.00207 0.00856 0.03583 0.05837 0.06826 0.05292 0.03975 0.03961 0.04075 0.04958 0.06498 0.06577 0.02881 0.00370 0.00188 0.00083 
182	3	0.00000 0.00026 0.03881 0.01490 0.01545 0.00150 0.00173 0.00461 0.00665 0.02370 0.02008 0.00880 0.00654 0.00325 0.01553 0.01093 0.00044 0.00357 0.02314 0.02972 0.03105 0.02688 0.03650 0.05682 0.07072 0.08750 0.10321 0.09185 0.08135 0.06610 0.07504 0.04333 
183	3	0.00000 0.00226 0.06972 0.09202 0.08367 0.05424 0.03269 0.02656 0.01776 0.02025 0.03253 0.05394 0.03771 0.00426 0.00163 0.00125 0.00014 0.00202 0.01527 0.03601 0.05157 0.05078 0.04637 0.04267 0.03711 0.03663 0.04388 0.05326 0.03813 0.01111 0.00340 0.00117 
184	3	0.00000 0.00003 0.00042 0.00302 0.01601 0.02099 0.03864 0.03927 0.05260 0.03859 0.04584 0.05655 0.02816 0.01600 0.00359 0.00002 0.00007 0.00063 0.00353 0.01214 0.02938 0.03829 0.05160 0.06126 0.07383 0.07626 0.08457 0.09085 0.06769 0.03803 0.01110 0.00101 
185	3	0.00000 0.00000 0.00000 0.00014 0.00208 0.00695 0.01605 0.02487 0.03839 0.06557 0.04945 0.06295 0.04770 0.02819 0.00493 0.00077 0.00000 0.00001 0.00007 0.00187 0.00855 0.01868 0.03004 0.04340 0.06452 0.09009 0.10005 0.11242 0.09822 0.06064 0.01991 0.00349 
186	3	0.00000 0.00170 0.02107 0.03541 0.04833 0.02116 0.00559 0.00172 0.00217 0.00442 0.00889 0.01303 0.00645 0.00347 0.00893 0.00509 0.00013 0.00626 0.03306 0.05927 0.07112 0.06542 0.04430 0.03533 0.04156 0.05482 0.07706 0.09582 0.07905 0.06527 0.06025 0.02383 
187	3	0.00000 0.00323 0.01702 0.02164 0.03792 0.04349 0.01166 0.00158 0.00191 0.00786 0.01570 0.01518 0.00764 0.00346 0.00856 0.00778 0.00010 0.00874 0.02812 0.04093 0.06247 0.07073 0.04967 0.03982 0.04085 0.06629 0.08843 0.09307 0.07587 0.05912 0.05172 0.01942 
188	3	0.00000 0.00028 0.00926 0.01577 0.02701 0.02711 0.00646 0.00114 0.00139 0.00339 0.00503 0.00557 0.00247 0.00184 0.01753 0.03717 0.00008 0.00468 0.02603 0.05489 0.07610 0.07138 0.04767 0.03541 0.04231 0.06116 0.07616 0.08282 0.07438 0.06922 0.08175 0.03453 
189	3	0.00000 0.00036 0.00209 0.00509 0.00610 0.01985 0.04204 0.05658 0.03141 0.01817 0.01981 0.04258 0.07905 0.02067 0.03795 0.00163 0.00007 0.00197 0.00717 0.01432 0.02226 0.04616 0.07450 0.09140 0.07448 0.05506 0.04696 0.04771 0.04922 0.04636 0.03576 0.00317 
190	3	0.00000 0.00000 0.00019 0.00067 0.00533 0.03867 0.04419 0.02992 0.03052 0.01134 0.00295 0.00158 0.00134 0.00250 0.00346 0.02835 0.00001 0.00037 0.00338 0.01043 0.02960 0.07041 0.09648 0.11003 0.11980 0.09204 0.06135 0.05232 0.04186 0.03921 0.04097 0.03071 
191	3	0.00000 0.00000 0.00001 0.00532 0.00808 0.01294 0.01098 0.01176 0.00796 0.00235 0.00402 0.00495 0.00020 0.00161 0.04857 0.03239 0.00002 0.00020 0.00154 0.00911 0.02301 0.04264 0.06272 0.08737 0.10453 0.09949 0.09913 0.08829 0.06026 0.06746 0.06682 0.03624 
192	3	0.00000 0.00000 0.00091 0.01331 0.00703 0.00669 0.00660 0.00807 0.00417 0.00578 0.00173 0.00026 0.00064 0.00866 0.03607 0.04510 0.00000 0.00025 0.00840 0.03093 0.03809 0.05694 0.08838 0.11897 0.11452 0.09559 0.07465 0.06326 0.05057 0.04926 0.04090 0.02423 
193	3	0.00000 0.00008 0.00319 0.00162 0.00213 0.00110 0.00226 0.00380 0.00440 0.00089 0.00113 0.00081 0.00072 0.00035 0.00120 0.00769 0.00118 0.00417 0.02112 0.02886 0.03848 0.04126 0.05505 0.07596 0.09333 0.10094 0.11692 0.11027 0.10127 0.08103 0.06762 0.03115 
194	3	0.00000 0.00037 0.00924 0.05034 0.16061 0.11687 0.06059 0.04966 0.05750 0.02814 0.01265 0.00692 0.00489 0.00972 0.02124 0.03785 0.00007 0.00092 0.00767 0.02612 0.04984 0.04665 0.03515 0.02931 0.02946 0.02403 0.01941 0.02094 0.02369 0.02984 0.02708 0.00322 
195	3	0.00008 0.02156 0.05197 0.14265 0.11348 0.06467 0.05242 0.03539 0.01517 0.00802 0.00307 0.00392 0.00598 0.01285 0.01073 0.09102 0.00120 0.00741 0.02232 0.04266 0.03885 0.02737 0.02567 0.02371 0.02096 0.01933 0.01942 0.02462 0.03240 0.03448 0.02015 0.00647 
196	3	0.00004 0.00909 0.02946 0.07296 0.16832 0.07830 0.02091 0.01850 0.00646 0.00628 0.00490 0.00534 0.00972 0.01927 0.02292 0.16385 0.00035 0.00600 0.01743 0.02917 0.03566 0.02609 0.01962 0.02162 0.01820 0.02000 0.02190 0.02604 0.03940 0.04522 0.02775 0.00922 
197	3	0.00000 0.00081 0.00455 0.06782 0.16351 0.08263 0.05133 0.01608 0.00571 0.00180 0.00328 0.00739 0.04199 0.04775 0.00307 0.00010 0.00007 0.00158 0.00915 0.04368 0.08172 0.07926 0.06029 0.03669 0.02570 0.01955 0.02052 0.02820 0.04708 0.03868 0.00957 0.00042 
198	3	0.00000 0.00354 0.01441 0.03854 0.15420 0.08778 0.05940 0.01568 0.02318 0.00759 0.00360 0.00369 0.03615 0.04347 0.00114 0.00002 0.00011 0.00390 0.01412 0.03544 0.07374 0.07519 0.06132 0.04206 0.03551 0.02629 0.02012 0.02316 0.04775 0.04055 0.00802 0.00035 
199	3	0.00000 0.00194 0.04792 0.15972 0.16452 0.03861 0.00958 0.00858 0.00814 0.01804 0.00766 0.00705 0.01848 0.08937 0.00725 0.00055 0.00006 0.00152 0.02952 0.06552 0.06225 0.02990 0.01418 0.01412 0.01830 0.02654 0.02397 0.02737 0.04636 0.04280 0.00877 0.00142 
200	3	0.00000 0.00677 0.01379 0.07269 0.07574 0.04735 0.03658 0.04093 0.04656 0.03130 0.03092 0.03587 0.06382 0.06505 0.02104 0.00272 0.00020 0.00300 0.00965 0.03195 0.04119 0.02550 0.01950 0.02119 0.02853 0.03367 0.03372 0.04668 0.06372 0.03946 0.00936 0.00154 
201	3	0.00000 0.00102 0.01246 0.01981 0.04338 0.03296 0.06082 0.08027 0.08215 0.05524 0.06139 0.03861 0.01699 0.01981 0.00332 0.00195 0.00001 0.00439 0.02019 0.03242 0.03812 0.04070 0.04967 0.05922 0.05624 0.04480 0.04136 0.03137 0.02242 0.02085 0.00582 0.00223 
202	3	0.00001 0.00142 0.00982 0.03553 0.04397 0.05114 0.06122 0.04667 0.04161 0.02810 0.01587 0.01911 0.04032 0.03897 0.00232 0.00018 0.00016 0.00250 0.01022 0.02770 0.04619 0.06147 0.07277 0.06870 0.05791 0.04661 0.03861 0.04103 0.04685 0.03467 0.00777 0.00055 
203	3	0.00000 0.00127 0.00487 0.01770 0.07092 0.06687 0.04008 0.04938 0.03947 0.02812 0.02804 0.02607 0.03273 0.03085 0.00936 0.00081 0.00007 0.00230 0.00782 0.02047 0.04974 0.05825 0.05807 0.06467 0.05680 0.05004 0.04743 0.04687 0.04547 0.03282 0.01152 0.00111 
204	3	0.00000 0.00000 0.00058 0.00090 0.00572 0.01888 0.02836 0.03715 0.07298 0.11443 0.10947 0.07816 0.06982 0.01476 0.00333 0.00057 0.00013 0.00054 0.00311 0.00592 0.01123 0.01760 0.02467 0.03318 0.05071 0.06754 0.06636 0.06294 0.05681 0.02985 0.01151 0.00277 
205	3	0.00000 0.00594 0.03945 0.20465 0.16812 0.01469 0.00360 0.00247 0.00165 0.00022 0.00023 0.00017 0.00038 0.00071 0.00163 0.00067 0.00046 0.00961 0.03302 0.13167 0.13659 0.04705 0.02320 0.02287 0.02065 0.01924 0.02073 0.01907 0.02130 0.02129 0.01969 0.00896 
206	3	0.00000 0.00073 0.01497 0.06667 0.29866 0.05970 0.01453 0.00611 0.00388 0.00090 0.00042 0.00068 0.00105 0.00182 0.00201 0.00101 0.00006 0.00397 0.01656 0.05122 0.13345 0.09094 0.03488 0.02667 0.02429 0.02452 0.02237 0.02297 0.02377 0.02425 0.01852 0.00838 
207	3	0.00000 0.00083 0.02583 0.11962 0.12812 0.04052 0.02162 0.01930 0.02188 0.02353 0.03054 0.02685 0.01953 0.00800 0.00017 0.00004 0.00007 0.00461 0.01931 0.08720 0.12288 0.05901 0.03763 0.03125 0.03232 0.02907 0.02616 0.02112 0.01716 0.01275 0.00928 0.00380 
208	3	0.00000 0.00000 0.00021 0.00450 0.00642 0.00380 0.00525 0.00758 0.00861 0.01504 0.03047 0.05948 0.09227 0.14225 0.05954 0.00037 0.00001 0.00005 0.00135 0.00660 0.01000 0.01122 0.01486 0.02308 0.02915 0.04224 0.06113 0.08268 0.10573 0.11522 0.05772 0.00316 
209	3	0.00000 0.00000 0.00380 0.01570 0.00914 0.01390 0.01282 0.02280 0.05292 0.04093 0.03697 0.04538 0.06663 0.06717 0.03047 0.00048 0.00000 0.00004 0.00297 0.01285 0.02282 0.03167 0.03739 0.04492 0.05710 0.05699 0.06252 0.07300 0.07858 0.06700 0.03097 0.00208 
210	4	0.00002 0.00109 0.00147 0.00117 0.00513 0.00852 0.01311 0.01194 0.00918 0.01383 0.13907 0.07761 0.04170 0.28022 0.00485 0.01973 0.00059 0.00192 0.00573 0.01143 0.02740 0.04975 0.05731 0.04406 0.02451 0.01624 0.03460 0.03718 0.01630 0.01709 0.01665 0.01059 
211	4	0.00004 0.00090 0.00080 0.00056 0.00115 0.00197 0.00263 0.00822 0.01053 0.10246 0.16075 0.01094 0.13037 0.21187 0.00728 0.00932 0.00073 0.00147 0.00512 0.00759 0.01227 0.01409 0.01661 0.02285 0.02652 0.05330 0.06545 0.02612 0.03174 0.03210 0.01667 0.00757 
212	4	0.00000 0.00000 0.00050 0.00045 0.00052 0.00174 0.00452 0.01012 0.01620 0.13175 0.09465 0.00559 0.16833 0.19375 0.00710 0.00991 0.00009 0.00022 0.00222 0.00354 0.00633 0.01202 0.02105 0.03217 0.04688 0.06856 0.05467 0.01801 0.03031 0.03444 0.01633 0.00800 
213	4	0.00063 0.00010 0.00006 0.00000 0.00001 0.00000 0.00467 0.02240 0.06565 0.03951 0.04185 0.05415 0.08230 0.02987 0.13951 0.04643 0.00396 0.00505 0.00816 0.00486 0.00563 0.00689 0.01430 0.05167 0.10582 0.10842 0.06515 0.03940 0.02795 0.01035 0.01019 0.00504 
214	4	0.00000 0.00000 0.00020 0.00005 0.00012 0.00037 0.00163 0.00595 0.00595 0.03249 0.07975 0.04278 0.14894 0.16025 0.02891 0.01727 0.00039 0.00150 0.00563 0.00877 0.01505 0.02154 0.03362 0.05247 0.05682 0.07302 0.07183 0.04136 0.04016 0.02772 0.01745 0.00799 
215	4	0.00000 0.00000 0.00001 0.00003 0.00023 0.00040 0.00102 0.00431 0.00424 0.01234 0.05450 0.04168 0.14782 0.20465 0.02550 0.02155 0.00037 0.00098 0.00473 0.00758 0.01700 0.02577 0.03870 0.06198 0.06875 0.06700 0.06019 0.04433 0.03145 0.02287 0.01932 0.01070 
216	4	0.00000 0.00000 0.00005 0.00001 0.00014 0.00025 0.00053 0.00112 0.00282 0.05186 0.03365 0.16720 0.25077 0.11665 0.02064 0.01243 0.00038 0.00118 0.00436 0.00578 0.01106 0.01614 0.02163 0.02836 0.03691 0.05555 0.04040 0.03407 0.03946 0.02618 0.01409 0.00631 
217	4	0.00000 0.00000 0.00000 0.00000 0.00000 0.00001 0.00000 0.00000 0.00002 0.00038 0.01764 0.18620 0.34906 0.05518 0.05910 0.01613 0.00016 0.00049 0.00150 0.00133 0.00227 0.00293 0.00390 0.00540 0.00790 0.01366 0.03599 0.07540 0.07148 0.04744 0.03410 0.01232 
218	4	0.00000 0.00000 0.00075 0.00175 0.00715 0.00980 0.02222 0.05605 0.16730 0.17248 0.23910 0.01593 0.01991 0.03715 0.00882 0.00404 0.00001 0.00005 0.00070 0.00165 0.00368 0.00511 0.00788 0.01606 0.02892 0.03552 0.03808 0.02726 0.02617 0.02592 0.01492 0.00561 
219	4	0.00000 0.00000 0.00007 0.00002 0.00003 0.00004 0.00013 0.00104 0.02157 0.16320 0.26982 0.03152 0.04817 0.05564 0.02879 0.00678 0.00008 0.00038 0.00335 0.00378 0.00761 0.01197 0.02071 0.03865 0.06979 0.07181 0.04327 0.02479 0.02801 0.02299 0.01801 0.00799 
220	4	0.00000 0.00000 0.00112 0.00077 0.00151 0.00065 0.00039 0.00028 0.00423 0.00516 0.00791 0.22532 0.12651 0.07387 0.08058 0.01510 0.00050 0.00122 0.00679 0.01176 0.01660 0.01248 0.00795 0.00865 0.03063 0.06094 0.07472 0.06935 0.04918 0.04390 0.04697 0.01495 
221	4	0.00000 0.00000 0.00000 0.00000 0.00000 0.00023 0.00250 0.01276 0.01699 0.12973 0.07496 0.04040 0.08768 0.16931 0.06993 0.01555 0.00001 0.00005 0.00026 0.00061 0.00226 0.00731 0.02137 0.04957 0.05905 0.05320 0.04896 0.02855 0.03562 0.04217 0.02548 0.00545 
222	4	0.00000 0.00001 0.00040 0.00041 0.00118 0.00080 0.00530 0.01414 0.04193 0.11486 0.07787 0.04385 0.08324 0.10188 0.03630 0.01120 0.00055 0.00108 0.00538 0.00935 0.01476 0.01730 0.03038 0.05835 0.08129 0.06796 0.04423 0.02989 0.03445 0.03405 0.02592 0.01169 
223	4	0.00000 0.00794 0.01215 0.00598 0.00127 0.00613 0.00038 0.06644 0.04065 0.02398 0.03129 0.08945 0.15527 0.09943 0.09980 0.02644 0.00017 0.00578 0.01450 0.01094 0.00430 0.00540 0.00463 0.02233 0.02590 0.02013 0.03781 0.05504 0.04946 0.04102 0.02856 0.00742 
224	4	0.00000 0.00001 0.00005 0.00000 0.00002 0.00002 0.00010 0.00473 0.01183 0.02744 0.03067 0.06598 0.10605 0.11444 0.06705 0.02305 0.00040 0.00108 0.00288 0.00304 0.00571 0.00926 0.01540 0.03401 0.06824 0.09719 0.12364 0.08504 0.03202 0.02790 0.02865 0.01407 
225	4	0.00001 0.00004 0.00537 0.00263 0.00066 0.00063 0.00102 0.00610 0.01796 0.28725 0.14091 0.01182 0.01166 0.04370 0.05204 0.01264 0.00070 0.00185 0.01150 0.01137 0.01042 0.01309 0.01890 0.03323 0.04162 0.05289 0.04650 0.02639 0.03408 0.04865 0.04105 0.01330 
226	4	0.00002 0.00000 0.00015 0.00004 0.00031 0.00074 0.00152 0.00583 0.02616 0.05372 0.04687 0.01400 0.28890 0.13385 0.01903 0.00445 0.00080 0.00106 0.00331 0.00480 0.00974 0.01635 0.02370 0.03700 0.04610 0.06100 0.06754 0.04266 0.03246 0.02924 0.02084 0.00780 
227	4	0.00000 0.00000 0.00056 0.00083 0.00168 0.00067 0.00163 0.01032 0.00756 0.00624 0.03622 0.06460 0.15619 0.02900 0.09880 0.01998 0.00010 0.00052 0.00418 0.00798 0.01163 0.01509 0.02858 0.05777 0.06895 0.06326 0.05423 0.04926 0.05436 0.06829 0.06390 0.01761 
228	4	0.00000 0.00000 0.00003 0.00010 0.00062 0.00265 0.00481 0.00357 0.00466 0.02451 0.01377 0.02745 0.10780 0.09845 0.01585 0.12191 0.00056 0.00132 0.00457 0.01003 0.02815 0.05457 0.06774 0.06288 0.06295 0.08795 0.07943 0.03732 0.02381 0.01834 0.01537 0.01884 
229	4	0.00000 0.00001 0.00022 0.00006 0.00057 0.00087 0.00284 0.00400 0.00245 0.01097 0.06447 0.00554 0.04542 0.05214 0.05054 0.05627 0.00094 0.00147 0.00513 0.00863 0.02016 0.03619 0.05734 0.06695 0.06873 0.09510 0.12679 0.08961 0.06382 0.03610 0.01767 0.00902 
230	4	0.00000 0.00004 0.00111 0.00194 0.00376 0.00543 0.00767 0.00625 0.00236 0.06978 0.18032 0.00767 0.20528 0.05486 0.00487 0.01028 0.00081 0.00212 0.00755 0.01227 0.02391 0.03721 0.04065 0.03090 0.01657 0.06929 0.10330 0.03217 0.02327 0.01916 0.01259 0.00658 
231	4	0.00003 0.00043 0.00009 0.00003 0.00017 0.00017 0.00077 0.00267 0.00556 0.01599 0.09260 0.02004 0.19155 0.00560 0.09688 0.02567 0.00123 0.00197 0.00423 0.00497 0.00909 0.01720 0.03178 0.04499 0.03531 0.03275 0.06428 0.08345 0.08824 0.04624 0.05355 0.02247 
232	4	0.00000 0.00000 0.00000 0.00000 0.00000 0.00001 0.00002 0.00053 0.00295 0.02064 0.05241 0.02984 0.09323 0.10959 0.02478 0.11162 0.00036 0.00092 0.00247 0.00253 0.00508 0.00950 0.01920 0.03771 0.07098 0.10047 0.12519 0.09610 0.02897 0.01992 0.02030 0.01464 
233	4	0.00007 0.00003 0.00008 0.00003 0.00008 0.00062 0.00102 0.00210 0.00143 0.03969 0.04514 0.04017 0.03311 0.04687 0.08840 0.09462 0.00096 0.00146 0.00313 0.00476 0.01196 0.02602 0.04112 0.05413 0.05991 0.07640 0.11460 0.10877 0.06092 0.02496 0.01182 0.00561 
234	4	0.00000 0.00000 0.00042 0.00010 0.00009 0.00014 0.00085 0.00810 0.00567 0.00507 0.00463 0.13581 0.05591 0.03405 0.03135 0.00038 0.00018 0.00101 0.00402 0.00612 0.01115 0.02346 0.05659 0.11666 0.12211 0.09556 0.07893 0.07214 0.06707 0.03964 0.01811 0.00467 
235	4	0.00000 0.00000 0.00002 0.00014 0.00132 0.00321 0.00238 0.00569 0.00409 0.00215 0.15230 0.10973 0.05605 0.08219 0.02076 0.00035 0.00069 0.00139 0.00567 0.01319 0.03191 0.04920 0.05741 0.06817 0.06132 0.05170 0.06377 0.06457 0.04479 0.02684 0.01475 0.00423 
236	4	0.00000 0.00000 0.00002 0.00009 0.00062 0.00301 0.00536 0.00487 0.01397 0.11279 0.10745 0.00216 0.34057 0.03254 0.00652 0.01192 0.00049 0.00115 0.00351 0.00560 0.01268 0.02235 0.02871 0.02881 0.03027 0.07974 0.06966 0.01274 0.02076 0.02004 0.01377 0.00781 
237	4	0.00000 0.00000 0.00008 0.00002 0.00025 0.00075 0.00158 0.00517 0.01551 0.06242 0.16831 0.03344 0.07577 0.25219 0.00472 0.01063 0.00086 0.00118 0.00372 0.00484 0.00980 0.01556 0.02166 0.02800 0.03892 0.06711 0.07758 0.04246 0.02247 0.01958 0.01089 0.00452 
238	4	0.00000 0.00000 0.00000 0.24301 0.25852 0.04135 0.00082 0.00081 0.00387 0.00703 0.00103 0.00181 0.00197 0.02137 0.02999 0.00000 0.00003 0.00022 0.00166 0.01501 0.02720 0.03497 0.03790 0.03888 0.03630 0.03204 0.02598 0.02271 0.02629 0.05042 0.03847 0.00032 
239	4	0.16069 0.18999 0.01592 0.00936 0.01182 0.01510 0.04455 0.11589 0.27473 0.01129 0.00167 0.00094 0.00057 0.00085 0.00011 0.00001 0.00818 0.01424 0.00932 0.00803 0.00717 0.00748 0.01052 0.02421 0.02707 0.01335 0.00800 0.00454 0.00230 0.00156 0.00042 0.00010 
240	4	0.00000 0.00000 0.05720 0.12652 0.09432 0.05456 0.03889 0.19032 0.26265 0.00475 0.00121 0.00093 0.00037 0.00177 0.00000 0.00000 0.00000 0.00000 0.00418 0.01131 0.01226 0.00883 0.01067 0.04154 0.04450 0.01427 0.00765 0.00512 0.00345 0.00220 0.00048 0.00002 
241	4	0.00000 0.00000 0.00147 0.00769 0.00522 0.00402 0.00947 0.10587 0.07161 0.09817 0.06369 0.02192 0.01574 0.02376 0.00820 0.00002 0.00003 0.00035 0.00841 0.02495 0.03182 0.03485 0.03331 0.05748 0.06835 0.05905 0.04673 0.05033 0.06256 0.06170 0.02185 0.00135 
242	4	0.00000 0.00000 0.00040 0.00202 0.00396 0.00227 0.06171 0.09201 0.10617 0.09828 0.04746 0.01861 0.01647 0.02422 0.00901 0.00005 0.00000 0.00014 0.00252 0.01060 0.02052 0.02264 0.03490 0.05022 0.06216 0.05338 0.04359 0.05772 0.06866 0.06301 0.02582 0.00147 
243	4	0.00000 0.00000 0.00002 0.00001 0.05500 0.19078 0.06995 0.05269 0.03013 0.02840 0.01520 0.03452 0.04732 0.03101 0.00533 0.00002 0.00002 0.00020 0.00097 0.00192 0.01045 0.01875 0.02044 0.02127 0.02490 0.04001 0.06101 0.07778 0.08818 0.05512 0.01770 0.00089 
244	4	0.00000 0.00000 0.00000 0.00002 0.06056 0.28612 0.04469 0.00640 0.09480 0.04993 0.03415 0.04745 0.04100 0.04785 0.00398 0.00008 0.00001 0.00019 0.00046 0.00081 0.00852 0.01657 0.01038 0.01542 0.03450 0.04574 0.04664 0.04626 0.03229 0.01732 0.00712 0.00070 
245	4	0.00000 0.00000 0.00161 0.00339 0.01304 0.06314 0.08192 0.06725 0.03103 0.03785 0.02003 0.01321 0.01092 0.01722 0.02359 0.00000 0.00002 0.00125 0.01052 0.02679 0.04646 0.05325 0.05955 0.06155 0.06171 0.05144 0.05478 0.05764 0.05572 0.05288 0.02207 0.00020 
246	4	0.00000 0.00000 0.00107 0.01872 0.01092 0.00474 0.11071 0.10747 0.04342 0.01798 0.00242 0.01121 0.01857 0.01687 0.00739 0.00000 0.00001 0.00036 0.00879 0.04212 0.05433 0.05179 0.06135 0.06890 0.06801 0.04780 0.03910 0.04945 0.06365 0.05510 0.01742 0.00032 
247	4	0.00000 0.00000 0.00008 0.00578 0.00482 0.00713 0.00982 0.06276 0.16299 0.10883 0.03197 0.00672 0.00506 0.01514 0.00737 0.00000 0.00001 0.00015 0.00284 0.01290 0.02241 0.03736 0.06815 0.12142 0.09687 0.05156 0.03741 0.02873 0.03344 0.03948 0.01867 0.00012 
248	4	0.00000 0.00000 0.00001 0.00049 0.00048 0.00411 0.00950 0.09548 0.10972 0.00122 0.00014 0.00167 0.04973 0.08556 0.02516 0.00000 0.00001 0.00007 0.00065 0.00507 0.01640 0.05575 0.08895 0.07537 0.05043 0.03314 0.03241 0.04198 0.07850 0.09718 0.04063 0.00018 
249	4	0.00000 0.00002 0.00034 0.00231 0.32620 0.09125 0.01035 0.01865 0.09565 0.07231 0.02121 0.01602 0.00629 0.01067 0.00392 0.00000 0.00004 0.00092 0.00540 0.01292 0.03190 0.03057 0.02250 0.02715 0.04356 0.04453 0.03342 0.02490 0.01995 0.01834 0.00861 0.00006 
250	4	0.00000 0.00000 0.00009 0.02433 0.01525 0.00496 0.01508 0.00802 0.00104 0.00008 0.00001 0.27445 0.08862 0.04008 0.03058 0.01071 0.00004 0.00050 0.00807 0.05350 0.08691 0.06447 0.06465 0.04929 0.02585 0.01454 0.01012 0.02670 0.02652 0.02380 0.02363 0.00810 
251	4	0.00000 0.00000 0.00000 0.00007 0.02538 0.00639 0.00420 0.00210 0.00260 0.04558 0.12918 0.17415 0.03949 0.00737 0.00270 0.00000 0.00000 0.00002 0.00042 0.00641 0.04562 0.05595 0.05615 0.06012 0.06689 0.06865 0.06211 0.05297 0.04074 0.03314 0.01150 0.00011 
252	4	0.00000 0.00375 0.05126 0.01886 0.00002 0.00000 0.00000 0.00000 0.31687 0.01538 0.01850 0.07613 0.05923 0.04162 0.01346 0.00006 0.00007 0.00720 0.03697 0.02712 0.00254 0.00134 0.00139 0.00202 0.01831 0.02557 0.03157 0.05310 0.07722 0.07377 0.02629 0.00038 
253	4	0.00000 0.00000 0.00000 0.00992 0.33582 0.02847 0.00155 0.00166 0.02627 0.07270 0.02377 0.02639 0.03610 0.00345 0.00022 0.00000 0.00001 0.00012 0.00056 0.00429 0.02222 0.02678 0.02167 0.02314 0.04104 0.06228 0.07399 0.07815 0.05870 0.01932 0.00138 0.00002 
254	4	0.00000 0.00000 0.01656 0.01576 0.00006 0.00000 0.00012 0.00050 0.30684 0.06668 0.06965 0.04110 0.06036 0.05631 0.01420 0.00001 0.00002 0.00046 0.00811 0.00851 0.00118 0.00063 0.00259 0.00682 0.02717 0.03515 0.03562 0.05220 0.07328 0.07175 0.02787 0.00048 
255	4	0.00000 0.00000 0.00001 0.02278 0.07156 0.00032 0.00005 0.00017 0.06571 0.30368 0.01835 0.03572 0.06177 0.04875 0.01490 0.00000 0.00000 0.00002 0.00062 0.02121 0.02924 0.00393 0.00200 0.00402 0.01410 0.02605 0.02922 0.04706 0.07329 0.07699 0.02810 0.00035 
256	4	0.00000 0.00000 0.00000 0.00001 0.23214 0.17115 0.00296 0.00170 0.01469 0.04927 0.03177 0.02485 0.03205 0.01100 0.00042 0.00000 0.00001 0.00003 0.00027 0.00132 0.01461 0.02560 0.02236 0.02302 0.03802 0.05678 0.07453 0.07438 0.06611 0.02862 0.00221 0.00010 
257	4	0.00000 0.00001 0.02323 0.07304 0.06688 0.02889 0.01887 0.02611 0.01458 0.05255 0.17246 0.07614 0.01196 0.03242 0.01977 0.00001 0.00001 0.00019 0.00495 0.01262 0.02272 0.02747 0.03145 0.03539 0.03381 0.03392 0.03915 0.03511 0.03190 0.04605 0.02752 0.00079 
258	4	0.00000 0.00000 0.00000 0.00136 0.00676 0.00429 0.00532 0.00391 0.00377 0.17493 0.09758 0.12584 0.00460 0.00670 0.00334 0.00000 0.00000 0.00002 0.00027 0.00615 0.01964 0.02721 0.03628 0.06566 0.08485 0.08325 0.06942 0.05830 0.05105 0.04294 0.01623 0.00030 
259	4	0.00000 0.00000 0.00013 0.00710 0.00357 0.00061 0.00155 0.00340 0.00370 0.10139 0.15736 0.13261 0.01851 0.00805 0.00754 0.00005 0.00001 0.00021 0.00455 0.02461 0.03346 0.02975 0.04436 0.06178 0.06126 0.06828 0.05678 0.04671 0.04291 0.04877 0.02932 0.00165 
260	4	0.00000 0.00000 0.00000 0.00170 0.00293 0.00058 0.00052 0.00137 0.00181 0.08291 0.11546 0.21644 0.01810 0.00344 0.01032 0.00011 0.00002 0.00012 0.00173 0.01139 0.02415 0.02501 0.03536 0.05253 0.06400 0.07300 0.07063 0.05297 0.04025 0.04951 0.03950 0.00414 
261	4	0.00000 0.00009 0.02822 0.03046 0.00649 0.00320 0.00072 0.00098 0.00387 0.13030 0.25827 0.00241 0.00596 0.00691 0.01433 0.00443 0.00000 0.00149 0.02692 0.06602 0.06455 0.04675 0.03484 0.03454 0.03511 0.04242 0.03722 0.02660 0.02516 0.02892 0.02397 0.00886 
262	4	0.00000 0.00039 0.00705 0.01312 0.00643 0.00205 0.00127 0.00215 0.00510 0.02267 0.11057 0.24646 0.00277 0.00586 0.00201 0.00040 0.00003 0.00145 0.01473 0.03302 0.03710 0.03135 0.03890 0.05790 0.08202 0.08583 0.06544 0.04745 0.03088 0.02862 0.01389 0.00309 
263	4	0.00000 0.00004 0.00290 0.00493 0.00525 0.00288 0.00464 0.00511 0.00300 0.00655 0.08457 0.29587 0.00199 0.00200 0.00085 0.00023 0.00003 0.00138 0.01209 0.03416 0.05136 0.06278 0.08110 0.08973 0.07114 0.05282 0.04516 0.03367 0.02044 0.01424 0.00678 0.00233 
264	4	0.00000 0.00015 0.00212 0.00978 0.00155 0.00000 0.00008 0.00016 0.04802 0.43293 0.00869 0.06644 0.07569 0.03791 0.02184 0.00007 0.00000 0.00048 0.00352 0.00889 0.00496 0.00065 0.00106 0.00194 0.01124 0.02412 0.02549 0.04650 0.06211 0.06781 0.03457 0.00121 
265	4	0.00000 0.00000 0.00000 0.00000 0.22654 0.21385 0.00102 0.00097 0.02990 0.05841 0.01582 0.01647 0.02923 0.01158 0.00015 0.00001 0.00000 0.00004 0.00030 0.00115 0.01685 0.02703 0.01979 0.02101 0.03625 0.05060 0.06158 0.06882 0.06249 0.02729 0.00259 0.00025 
266	4	0.00000 0.00000 0.00000 0.00000 0.00001 0.29607 0.14682 0.00081 0.00305 0.06032 0.08955 0.02555 0.02924 0.01930 0.00047 0.00001 0.00001 0.00002 0.00012 0.00039 0.00144 0.01821 0.02370 0.01340 0.02097 0.04613 0.06308 0.05567 0.05287 0.02900 0.00346 0.00027 
267	4	0.00000 0.00000 0.00000 0.00001 0.21230 0.18402 0.00073 0.00094 0.02991 0.08059 0.02072 0.01595 0.02294 0.01445 0.00104 0.00018 0.00002 0.00010 0.00034 0.00156 0.01682 0.02638 0.01732 0.02070 0.03220 0.05263 0.06082 0.06642 0.06567 0.04340 0.01111 0.00072 
268	4	0.00000 0.00000 0.00000 0.00001 0.06175 0.11415 0.05956 0.01536 0.02705 0.03242 0.10329 0.09680 0.02217 0.03353 0.01252 0.00000 0.00000 0.00002 0.00032 0.00195 0.02053 0.03750 0.04397 0.04002 0.04458 0.04761 0.04507 0.03910 0.03663 0.04341 0.01999 0.00065 
269	4	0.00000 0.00000 0.00000 0.00900 0.14212 0.10247 0.02258 0.01645 0.03559 0.04904 0.09931 0.06073 0.01349 0.02327 0.00765 0.00000 0.00001 0.00013 0.00091 0.00806 0.02670 0.03803 0.03873 0.04435 0.05020 0.04150 0.04135 0.03557 0.03750 0.03899 0.01582 0.00045 
270	4	0.00000 0.00000 0.00245 0.00999 0.00685 0.00640 0.02593 0.03935 0.05460 0.06286 0.02593 0.02875 0.05577 0.02116 0.01690 0.00001 0.00000 0.00020 0.00966 0.03152 0.04427 0.05062 0.06346 0.06490 0.07455 0.05976 0.03976 0.05376 0.06376 0.05955 0.02604 0.00121 
271	4	0.00000 0.00015 0.00563 0.00721 0.00409 0.00356 0.03266 0.05016 0.05422 0.05683 0.02595 0.02202 0.05440 0.01645 0.01776 0.00000 0.00011 0.00298 0.01948 0.03732 0.03956 0.04688 0.05723 0.06742 0.07387 0.05624 0.04405 0.04998 0.06661 0.05810 0.02785 0.00122 
272	4	0.00000 0.00000 0.00391 0.00695 0.00376 0.01948 0.07772 0.07697 0.10519 0.03406 0.01241 0.00994 0.01310 0.01590 0.00509 0.00000 0.00005 0.00105 0.01274 0.03200 0.03492 0.04101 0.04417 0.07302 0.08040 0.05337 0.04943 0.05720 0.06790 0.05250 0.01556 0.00017 
273	4	0.00000 0.00000 0.00000 0.00416 0.01317 0.00562 0.00837 0.09997 0.06238 0.07752 0.04321 0.01224 0.04741 0.01915 0.01187 0.00003 0.00001 0.00000 0.00072 0.01624 0.04209 0.04472 0.04842 0.05830 0.07015 0.06770 0.04763 0.04667 0.06443 0.05867 0.02753 0.00160 
274	4	0.00000 0.00000 0.07471 0.24853 0.11376 0.02013 0.01192 0.01090 0.02042 0.03665 0.11552 0.00816 0.00335 0.00527 0.01589 0.00000 0.00001 0.00011 0.00901 0.01527 0.01768 0.01979 0.02667 0.02715 0.03254 0.03690 0.03230 0.02618 0.02252 0.02563 0.02143 0.00159 
275	4	0.00000 0.00000 0.00000 0.00019 0.01737 0.07360 0.01767 0.00248 0.00510 0.00736 0.03178 0.31307 0.02086 0.01414 0.05982 0.00006 0.00002 0.00002 0.00019 0.00232 0.01186 0.02908 0.02814 0.01369 0.02592 0.04903 0.06897 0.06629 0.04566 0.04440 0.04405 0.00687 
276	4	0.00000 0.00000 0.00000 0.00785 0.00450 0.00047 0.00311 0.00058 0.00059 0.00068 0.00043 0.01626 0.45790 0.25225 0.01201 0.00000 0.00003 0.00028 0.00106 0.00430 0.00549 0.00827 0.01457 0.01415 0.01403 0.01675 0.01817 0.02733 0.06224 0.05078 0.00587 0.00003 
277	4	0.00000 0.00000 0.00000 0.00002 0.01772 0.07330 0.00091 0.00235 0.00498 0.01961 0.28322 0.06203 0.01913 0.02907 0.04802 0.00000 0.00000 0.00001 0.00008 0.00030 0.00555 0.00844 0.00742 0.01820 0.04088 0.06690 0.07902 0.05785 0.04645 0.06100 0.04648 0.00105 
278	4	0.00000 0.00000 0.00000 0.06913 0.05460 0.00099 0.00425 0.00464 0.01457 0.24970 0.04520 0.01767 0.01749 0.03658 0.02625 0.00000 0.00001 0.00008 0.00040 0.00816 0.00966 0.00777 0.02139 0.03682 0.05555 0.07187 0.05500 0.04306 0.04815 0.06447 0.03632 0.00020 
279	4	0.00000 0.00000 0.00165 0.23171 0.05413 0.00017 0.00010 0.00048 0.08957 0.18955 0.06779 0.00845 0.01255 0.01243 0.00318 0.00008 0.00007 0.00049 0.00513 0.04572 0.03633 0.00577 0.00573 0.00991 0.02569 0.04380 0.04705 0.03791 0.03438 0.02267 0.00713 0.00036 
280	5	0.00000 0.00000 0.00013 0.00025 0.00293 0.00735 0.01410 0.01517 0.01309 0.02426 0.05001 0.07752 0.15794 0.16814 0.07730 0.01526 0.00002 0.00012 0.00090 0.00389 0.01609 0.03502 0.05195 0.05093 0.03781 0.02790 0.03222 0.03518 0.03976 0.02978 0.01248 0.00246 
281	5	0.00000 0.00308 0.01439 0.03910 0.04035 0.03205 0.01500 0.01475 0.01962 0.02684 0.05113 0.01922 0.01261 0.00899 0.01933 0.00122 0.00005 0.00748 0.02853 0.06415 0.09333 0.09791 0.07785 0.05637 0.04650 0.04249 0.04011 0.03479 0.03123 0.03125 0.02540 0.00490 
282	5	0.00000 0.00000 0.00028 0.00185 0.00221 0.00572 0.01312 0.02367 0.02089 0.00897 0.01373 0.02322 0.03274 0.04550 0.06528 0.01199 0.00001 0.00010 0.00265 0.01104 0.02110 0.04350 0.07777 0.10416 0.09921 0.07325 0.06622 0.06686 0.06238 0.05527 0.03646 0.01081 
283	5	0.00000 0.00013 0.00539 0.00263 0.00280 0.00428 0.01224 0.02842 0.04277 0.04325 0.06840 0.11512 0.14425 0.15652 0.05511 0.00035 0.00000 0.00112 0.00558 0.00762 0.00860 0.01024 0.01425 0.02159 0.02948 0.03456 0.04163 0.04762 0.04815 0.03498 0.01263 0.00030 
284	5	0.00000 0.00163 0.00730 0.00635 0.01408 0.01637 0.01493 0.02130 0.02190 0.04038 0.05465 0.07379 0.10758 0.10675 0.11800 0.00275 0.00011 0.00321 0.00884 0.01122 0.01557 0.01862 0.02055 0.02552 0.02998 0.03858 0.04423 0.04730 0.05310 0.04774 0.02459 0.00306 
285	5	0.00000 0.00127 0.00664 0.00241 0.00401 0.00327 0.00402 0.00342 0.00340 0.00829 0.10802 0.14695 0.08556 0.14027 0.22341 0.00028 0.00005 0.00270 0.01207 0.01413 0.01580 0.01663 0.02055 0.01995 0.01717 0.02001 0.03072 0.03134 0.02291 0.01994 0.01393 0.00088 
286	5	0.00000 0.00015 0.00342 0.02324 0.04245 0.02562 0.02212 0.01001 0.00480 0.00409 0.00505 0.00741 0.01500 0.07880 0.23555 0.01423 0.00005 0.00197 0.01401 0.05212 0.09098 0.09474 0.07791 0.04760 0.02935 0.02206 0.01551 0.01176 0.01301 0.01760 0.01510 0.00428 
287	5	0.00000 0.00000 0.00045 0.00065 0.00520 0.00640 0.02430 0.01864 0.02407 0.03489 0.04047 0.04468 0.05009 0.03602 0.03404 0.01362 0.00004 0.00036 0.00238 0.00682 0.01780 0.03494 0.07526 0.08146 0.08480 0.09858 0.09414 0.06775 0.04405 0.03361 0.02050 0.00397 
288	5	0.00000 0.00000 0.00001 0.00014 0.00059 0.00081 0.00155 0.00574 0.01521 0.02528 0.05362 0.07523 0.11009 0.06779 0.04239 0.00814 0.00010 0.00034 0.00127 0.00280 0.00688 0.01204 0.01989 0.03669 0.06482 0.08164 0.09895 0.11270 0.09445 0.04315 0.01501 0.00270 
289	5	0.00000 0.00016 0.00017 0.00115 0.00494 0.00240 0.00151 0.00237 0.01916 0.04873 0.07403 0.07532 0.14177 0.19848 0.14583 0.01784 0.00006 0.00041 0.00143 0.00413 0.00702 0.00638 0.00462 0.00464 0.00925 0.02231 0.03717 0.04528 0.05144 0.04907 0.02140 0.00152 
290	5	0.00000 0.00018 0.00037 0.00164 0.00555 0.00281 0.00092 0.00480 0.02262 0.05720 0.07584 0.09937 0.12691 0.22882 0.08816 0.01367 0.00008 0.00053 0.00187 0.00487 0.00710 0.00550 0.00368 0.00560 0.01306 0.02792 0.04152 0.04921 0.05140 0.04298 0.01450 0.00131 
291	5	0.00009 0.00151 0.00209 0.01271 0.02737 0.07289 0.09183 0.06711 0.05770 0.04982 0.06037 0.04250 0.04212 0.03080 0.01660 0.00101 0.00043 0.00180 0.00329 0.00815 0.01792 0.03131 0.04449 0.05108 0.04948 0.04905 0.04880 0.04643 0.03848 0.02194 0.00922 0.00162 
292	5	0.00000 0.00000 0.00008 0.00063 0.00145 0.00622 0.01250 0.00605 0.01178 0.02568 0.04087 0.04510 0.08600 0.17150 0.15976 0.06094 0.00001 0.00012 0.00107 0.00407 0.00914 0.01878 0.02615 0.02664 0.03401 0.03826 0.03754 0.04191 0.04895 0.05012 0.02867 0.00597 
293	5	0.00005 0.00248 0.00375 0.00769 0.02517 0.08476 0.13646 0.07616 0.04976 0.05331 0.03720 0.05467 0.04081 0.03525 0.02104 0.00134 0.00015 0.00172 0.00429 0.00687 0.01105 0.02820 0.04520 0.04585 0.04232 0.04168 0.04197 0.03993 0.02993 0.01936 0.00973 0.00185 
294	5	0.00000 0.00172 0.00878 0.02630 0.04960 0.07693 0.05147 0.04965 0.06498 0.04940 0.06627 0.04159 0.05240 0.04125 0.01685 0.00014 0.00004 0.00063 0.00545 0.01086 0.01657 0.03145 0.03810 0.04152 0.04955 0.05318 0.05241 0.04320 0.03188 0.01896 0.00823 0.00062 
295	5	0.00000 0.00050 0.00119 0.00560 0.01747 0.03901 0.07679 0.06238 0.06446 0.08785 0.06049 0.04203 0.05703 0.04373 0.02398 0.00345 0.00007 0.00135 0.00478 0.01305 0.02589 0.03800 0.05387 0.05972 0.05847 0.05569 0.04089 0.02668 0.01723 0.01112 0.00617 0.00107 
296	5	0.00000 0.00000 0.00000 0.00004 0.00053 0.00117 0.00155 0.00397 0.00925 0.02894 0.09222 0.14500 0.10415 0.07711 0.06282 0.02442 0.00003 0.00004 0.00027 0.00085 0.00317 0.00678 0.01222 0.02057 0.02921 0.04812 0.08868 0.10566 0.07905 0.03485 0.01518 0.00413 
297	5	0.00000 0.00025 0.00083 0.00634 0.00411 0.00402 0.00761 0.02168 0.03417 0.05725 0.12356 0.10469 0.17925 0.10138 0.03498 0.00448 0.00003 0.00172 0.00497 0.00996 0.01032 0.00962 0.01407 0.02006 0.02460 0.03392 0.04986 0.05226 0.04572 0.02871 0.00856 0.00100 
298	5	0.00000 0.00023 0.00352 0.00460 0.00878 0.02450 0.05216 0.06502 0.03932 0.06069 0.07370 0.05642 0.07163 0.04896 0.03720 0.00475 0.00009 0.00107 0.00777 0.01557 0.02388 0.03980 0.05230 0.05950 0.05481 0.05443 0.04910 0.03698 0.02733 0.01651 0.00761 0.00175 
299	5	0.00000 0.00000 0.00092 0.00259 0.00157 0.00425 0.00731 0.00577 0.00877 0.01533 0.03428 0.06047 0.07766 0.09168 0.01386 0.00000 0.00000 0.00006 0.00234 0.00527 0.00867 0.01834 0.02868 0.03630 0.04299 0.05726 0.09332 0.13271 0.14015 0.09058 0.01857 0.00030 
300	5	0.00000 0.00002 0.00077 0.00250 0.00634 0.01062 0.00698 0.00439 0.00756 0.01570 0.01847 0.02764 0.04825 0.06032 0.01990 0.00003 0.00002 0.00038 0.00330 0.00925 0.02297 0.04112 0.04966 0.05093 0.06283 0.08604 0.10130 0.11724 0.12359 0.08153 0.01970 0.00062 
301	5	0.00000 0.00000 0.00017 0.00056 0.00192 0.00410 0.01188 0.02860 0.02259 0.02250 0.02566 0.03516 0.04635 0.06145 0.08671 0.05305 0.00005 0.00017 0.00223 0.00558 0.01162 0.02631 0.05905 0.09720 0.10020 0.07990 0.05605 0.04289 0.03955 0.03899 0.02914 0.01037 
302	5	0.00003 0.00041 0.00085 0.00091 0.00192 0.00739 0.00569 0.01469 0.04098 0.06505 0.08099 0.10142 0.09817 0.12119 0.10823 0.02027 0.00037 0.00091 0.00187 0.00404 0.01028 0.01637 0.01460 0.02042 0.03083 0.04265 0.04905 0.04682 0.04121 0.03253 0.01677 0.00306 
303	5	0.00000 0.00000 0.00008 0.00017 0.00080 0.00301 0.01562 0.04993 0.09655 0.11292 0.08275 0.09541 0.07578 0.11386 0.08096 0.02675 0.00002 0.00020 0.00085 0.00159 0.00360 0.00637 0.01359 0.02406 0.03764 0.03993 0.03226 0.02767 0.02223 0.01997 0.01226 0.00317 
304	5	0.00005 0.00005 0.00056 0.00076 0.00570 0.00508 0.00736 0.00598 0.03572 0.09945 0.06628 0.08285 0.07861 0.08737 0.11492 0.01536 0.00032 0.00063 0.00151 0.00325 0.01074 0.01777 0.02518 0.02979 0.04556 0.06704 0.06637 0.04394 0.02965 0.02680 0.01836 0.00697 
305	5	0.00000 0.00000 0.00000 0.00003 0.00028 0.00159 0.00835 0.03997 0.08243 0.07907 0.05962 0.02237 0.02418 0.02813 0.03477 0.00367 0.00000 0.00005 0.00026 0.00196 0.00787 0.02270 0.05412 0.10487 0.14568 0.12867 0.07021 0.02542 0.01969 0.01897 0.01222 0.00282 
306	5	0.00000 0.00000 0.00087 0.01795 0.01263 0.01213 0.00369 0.00258 0.00332 0.00562 0.00571 0.00610 0.01132 0.03438 0.02767 0.01823 0.00003 0.00053 0.00929 0.05275 0.08424 0.10334 0.08062 0.08230 0.08010 0.08176 0.07853 0.06067 0.04760 0.04060 0.02695 0.00846 
307	5	0.00000 0.00000 0.00000 0.00004 0.00090 0.00137 0.00117 0.00183 0.00299 0.00278 0.00366 0.00756 0.00307 0.00308 0.00874 0.01755 0.00001 0.00015 0.00076 0.00412 0.01749 0.03737 0.05416 0.07650 0.09997 0.12280 0.15541 0.16674 0.10178 0.05847 0.03454 0.01497 
308	5	0.00000 0.00000 0.00058 0.01395 0.00758 0.00510 0.00364 0.00335 0.00117 0.00145 0.00286 0.00172 0.00178 0.00167 0.00428 0.00379 0.00001 0.00035 0.00982 0.05191 0.08037 0.09611 0.09169 0.10336 0.09868 0.10105 0.11050 0.08234 0.06126 0.03442 0.01932 0.00587 
309	5	0.00000 0.00000 0.00005 0.00049 0.00449 0.00664 0.00470 0.00308 0.00227 0.00221 0.00328 0.00363 0.00275 0.01053 0.01213 0.00292 0.00003 0.00043 0.00349 0.01861 0.06127 0.10694 0.12952 0.14036 0.13469 0.11569 0.09352 0.06031 0.03206 0.02658 0.01425 0.00308 
310	5	0.00000 0.00000 0.00000 0.00027 0.00224 0.00643 0.00836 0.00589 0.00676 0.00879 0.01363 0.01755 0.01543 0.02692 0.02218 0.00271 0.00001 0.00008 0.00078 0.00775 0.02790 0.06181 0.08045 0.08252 0.08851 0.09900 0.11386 0.11827 0.09227 0.06241 0.02371 0.00350 
311	5	0.00000 0.00000 0.00000 0.00001 0.00055 0.00313 0.00453 0.00537 0.00405 0.00964 0.00987 0.01885 0.01690 0.01315 0.00810 0.00293 0.00001 0.00001 0.00025 0.00155 0.01168 0.03495 0.06654 0.08117 0.08883 0.11691 0.13492 0.14867 0.10844 0.06797 0.03332 0.00771 
312	5	0.00000 0.00000 0.00000 0.00000 0.00048 0.00282 0.00228 0.00149 0.00201 0.00392 0.00356 0.00764 0.00227 0.00260 0.00671 0.02020 0.00001 0.00001 0.00023 0.00167 0.01615 0.04150 0.06586 0.07768 0.10128 0.14174 0.16153 0.16222 0.08457 0.04483 0.03065 0.01409 
313	5	0.00000 0.00000 0.00010 0.00079 0.00416 0.00315 0.00367 0.00439 0.00861 0.01402 0.01643 0.03267 0.05072 0.06249 0.05036 0.04556 0.00002 0.00019 0.00247 0.01019 0.02734 0.04245 0.05760 0.06710 0.08323 0.09986 0.09616 0.07851 0.05783 0.04352 0.02690 0.00949 
314	5	0.00000 0.00000 0.00000 0.00014 0.00008 0.00026 0.00053 0.00364 0.00500 0.02291 0.32733 0.21433 0.01341 0.00706 0.00352 0.02025 0.00000 0.00008 0.00038 0.00112 0.00168 0.00417 0.00917 0.02050 0.02859 0.05097 0.11365 0.09072 0.02848 0.01633 0.01071 0.00496 
315	5	0.00000 0.00000 0.00000 0.00001 0.00030 0.00162 0.00227 0.00260 0.00533 0.00517 0.00515 0.00988 0.00352 0.01053 0.02455 0.01132 0.00000 0.00002 0.00021 0.00166 0.00965 0.02852 0.05556 0.07869 0.11028 0.14609 0.16095 0.15732 0.07867 0.04986 0.03184 0.00842 
316	5	0.00000 0.00000 0.00000 0.00000 0.00001 0.00006 0.00030 0.00061 0.00246 0.00687 0.01293 0.01037 0.00501 0.00164 0.00183 0.01255 0.00005 0.00022 0.00081 0.00141 0.00410 0.00929 0.01921 0.04086 0.08819 0.15530 0.21760 0.18436 0.11815 0.05665 0.03145 0.01770 
317	5	0.00000 0.00008 0.00327 0.01537 0.01956 0.02210 0.02202 0.01407 0.01212 0.00792 0.01192 0.01040 0.01887 0.06121 0.07827 0.00827 0.00001 0.00132 0.01360 0.04666 0.07614 0.11042 0.11616 0.09888 0.07793 0.05967 0.04335 0.02021 0.01153 0.01056 0.00687 0.00124 
318	5	0.00000 0.00000 0.00000 0.00000 0.00004 0.00015 0.00023 0.00038 0.00091 0.00250 0.01247 0.00796 0.00597 0.00482 0.00377 0.00980 0.00002 0.00013 0.00050 0.00126 0.00379 0.00923 0.01762 0.03359 0.06245 0.10530 0.17202 0.18370 0.16771 0.11828 0.05928 0.01611 
319	5	0.00000 0.00000 0.00018 0.00119 0.00773 0.01559 0.01199 0.00290 0.00374 0.01010 0.00992 0.01861 0.02668 0.04107 0.02968 0.01350 0.00002 0.00039 0.00359 0.01555 0.05923 0.10330 0.11107 0.08441 0.07999 0.08595 0.07575 0.06548 0.05262 0.04287 0.02179 0.00507 
320	5	0.00000 0.00000 0.00000 0.00155 0.00574 0.00936 0.02357 0.00918 0.00600 0.00489 0.00407 0.01084 0.01202 0.01995 0.02276 0.01524 0.00001 0.00010 0.00117 0.00832 0.03348 0.07388 0.12856 0.12901 0.11164 0.09195 0.07841 0.07770 0.05090 0.03565 0.02404 0.01000 
321	5	0.00000 0.00003 0.00005 0.00017 0.00082 0.00240 0.02827 0.17551 0.20599 0.18992 0.04536 0.00987 0.01006 0.00429 0.00087 0.00002 0.00004 0.00024 0.00068 0.00169 0.00439 0.00941 0.02430 0.05907 0.08087 0.07589 0.04335 0.01406 0.00731 0.00353 0.00135 0.00020 
322	5	0.00000 0.00000 0.00000 0.00000 0.00010 0.00029 0.00081 0.00472 0.00834 0.02338 0.15212 0.18802 0.01756 0.00451 0.00096 0.00000 0.00001 0.00006 0.00011 0.00083 0.00306 0.00787 0.01967 0.05084 0.09548 0.12474 0.14527 0.10400 0.03865 0.00661 0.00190 0.00008 
323	5	0.00000 0.00011 0.00150 0.00260 0.00917 0.03218 0.05725 0.05745 0.04740 0.02036 0.01239 0.01327 0.01538 0.00864 0.02821 0.00585 0.00007 0.00128 0.01038 0.02905 0.06661 0.12353 0.15225 0.13075 0.07191 0.02797 0.01965 0.01635 0.01444 0.01201 0.00911 0.00287 
324	5	0.00000 0.00006 0.00142 0.00386 0.00778 0.02611 0.04440 0.06218 0.05056 0.03735 0.01639 0.01234 0.03473 0.04925 0.02187 0.00080 0.00003 0.00138 0.00786 0.02193 0.04365 0.08988 0.12416 0.13800 0.09850 0.04754 0.02152 0.01386 0.01113 0.00720 0.00352 0.00073 
325	5	0.00001 0.00002 0.00005 0.00035 0.00264 0.00846 0.01896 0.02400 0.02263 0.02780 0.02187 0.01699 0.01734 0.03060 0.08428 0.02037 0.00058 0.00110 0.00298 0.00793 0.02922 0.07010 0.11218 0.13791 0.12448 0.08854 0.04858 0.02707 0.01911 0.01725 0.01295 0.00362 
326	5	0.00000 0.00000 0.00015 0.00209 0.00533 0.04293 0.04039 0.04346 0.01646 0.02196 0.02432 0.00687 0.00490 0.01170 0.01496 0.01241 0.00003 0.00065 0.00325 0.01747 0.04229 0.11327 0.15182 0.13938 0.08261 0.07452 0.06157 0.02783 0.01686 0.01136 0.00678 0.00237 
327	5	0.00000 0.00000 0.00388 0.01009 0.01722 0.03061 0.02132 0.01282 0.00996 0.02139 0.02471 0.02806 0.03940 0.09956 0.11141 0.02315 0.00001 0.00075 0.01222 0.03902 0.07707 0.10572 0.10252 0.06734 0.04083 0.02701 0.02042 0.01479 0.01306 0.01406 0.00962 0.00197 
328	5	0.00000 0.00002 0.00842 0.02764 0.02101 0.02629 0.02187 0.00824 0.00991 0.01172 0.01583 0.01456 0.02440 0.03329 0.10675 0.14364 0.00000 0.00122 0.01897 0.06594 0.08819 0.09227 0.07066 0.04293 0.03417 0.02708 0.02390 0.01683 0.01260 0.00848 0.01387 0.00928 
329	5	0.00000 0.00000 0.00006 0.00013 0.00044 0.00163 0.00873 0.06300 0.10859 0.12668 0.08265 0.04052 0.05564 0.02852 0.04098 0.01123 0.00004 0.00012 0.00040 0.00110 0.00329 0.00961 0.03131 0.07744 0.10578 0.08972 0.05040 0.02365 0.01603 0.01132 0.00781 0.00317 
330	5	0.00000 0.00000 0.00022 0.00092 0.00321 0.00363 0.00474 0.00805 0.01172 0.02194 0.03329 0.04237 0.09212 0.12602 0.18305 0.03958 0.00002 0.00029 0.00285 0.01054 0.02127 0.02435 0.02569 0.03191 0.03787 0.04465 0.04785 0.04923 0.05352 0.04544 0.02713 0.00652 
331	5	0.00000 0.00000 0.00005 0.00002 0.00012 0.00015 0.00116 0.00297 0.00488 0.00445 0.01217 0.02253 0.08575 0.17545 0.30542 0.09147 0.00001 0.00012 0.00073 0.00137 0.00257 0.00440 0.01044 0.01694 0.01939 0.01676 0.02238 0.02763 0.04520 0.06506 0.04913 0.01127 
332	5	0.00000 0.00000 0.00001 0.00006 0.00015 0.00078 0.00202 0.00566 0.00918 0.01203 0.03040 0.05703 0.15234 0.18576 0.17208 0.02295 0.00003 0.00016 0.00045 0.00145 0.00314 0.00765 0.01376 0.01915 0.02142 0.02742 0.03672 0.05220 0.07128 0.06079 0.02871 0.00519 
333	5	0.00000 0.00000 0.00000 0.00006 0.00021 0.00042 0.00180 0.00401 0.00745 0.01773 0.03659 0.04027 0.03895 0.06060 0.07704 0.00589 0.00000 0.00003 0.00020 0.00121 0.00294 0.00962 0.02407 0.04857 0.08766 0.14070 0.16024 0.11002 0.05692 0.04037 0.02306 0.00333 
334	5	0.00000 0.00000 0.00022 0.00282 0.00417 0.00598 0.00444 0.00655 0.01282 0.02193 0.02611 0.03674 0.05869 0.08324 0.11120 0.01081 0.00002 0.00039 0.00374 0.01863 0.03144 0.04118 0.04524 0.06027 0.07685 0.08891 0.06850 0.05049 0.04728 0.04755 0.02910 0.00468 
335	5	0.00000 0.00000 0.00001 0.00021 0.00040 0.00186 0.00237 0.00273 0.01090 0.03197 0.03893 0.03611 0.06231 0.08668 0.12750 0.01625 0.00002 0.00007 0.00071 0.00300 0.00764 0.01635 0.02838 0.04219 0.07317 0.10435 0.09623 0.06475 0.05312 0.05190 0.03339 0.00648 
336	5	0.00000 0.00000 0.00000 0.00001 0.00013 0.00082 0.00272 0.00580 0.00595 0.01803 0.03651 0.04452 0.04047 0.06457 0.06681 0.01642 0.00000 0.00002 0.00013 0.00070 0.00325 0.01200 0.02959 0.04905 0.06690 0.09398 0.13096 0.13801 0.09097 0.04870 0.02595 0.00700 
337	5	0.00000 0.00001 0.00038 0.00267 0.00176 0.00164 0.00117 0.00246 0.00386 0.01278 0.03263 0.01579 0.00042 0.00020 0.20881 0.00000 0.00008 0.00061 0.00536 0.01807 0.02760 0.03381 0.04332 0.06265 0.08371 0.13643 0.16911 0.09428 0.02098 0.00737 0.01067 0.00135 
338	5	0.00000 0.00000 0.00000 0.00014 0.00320 0.00559 0.00535 0.01031 0.02547 0.04072 0.03887 0.00805 0.07549 0.05676 0.00336 0.00005 0.00003 0.00026 0.00137 0.00865 0.02895 0.04940 0.07133 0.09403 0.11714 0.11327 0.09019 0.06228 0.05317 0.03024 0.00594 0.00038 
339	5	0.00000 0.00000 0.00000 0.00000 0.00174 0.00467 0.00310 0.00235 0.00515 0.01784 0.05106 0.04821 0.03212 0.04218 0.01992 0.00062 0.00000 0.00001 0.00019 0.00134 0.01165 0.03117 0.04582 0.06005 0.08562 0.12746 0.14066 0.11586 0.08322 0.04804 0.01782 0.00210 
340	5	0.00003 0.00000 0.00003 0.00000 0.00021 0.00103 0.01106 0.06726 0.07810 0.02220 0.00373 0.00357 0.00598 0.00736 0.00902 0.00233 0.00010 0.00007 0.00041 0.00124 0.00589 0.02275 0.08536 0.19723 0.20192 0.09959 0.05237 0.04192 0.03537 0.02505 0.01501 0.00379 
341	5	0.00000 0.00000 0.00000 0.00002 0.01942 0.00863 0.02169 0.02529 0.04143 0.02373 0.00197 0.00217 0.00282 0.00398 0.00254 0.00004 0.00000 0.00010 0.00058 0.00301 0.01598 0.04642 0.10467 0.15402 0.16185 0.10437 0.06119 0.05832 0.05825 0.04919 0.02413 0.00421 
342	5	0.00000 0.00000 0.00001 0.00040 0.00085 0.00408 0.01005 0.02394 0.01402 0.00258 0.00242 0.00160 0.00012 0.00020 0.00013 0.00051 0.00002 0.00081 0.00238 0.00822 0.02317 0.06139 0.12084 0.18482 0.16689 0.11708 0.10162 0.07452 0.03454 0.02269 0.01434 0.00574 
343	5	0.00000 0.00000 0.00000 0.00006 0.00025 0.00070 0.00509 0.01922 0.03226 0.01658 0.01043 0.00687 0.00048 0.00018 0.00047 0.00065 0.00001 0.00035 0.00086 0.00224 0.00622 0.02064 0.05535 0.13537 0.19162 0.16597 0.13600 0.09463 0.04120 0.02720 0.01919 0.00989 
344	5	0.00000 0.00000 0.00010 0.00066 0.00242 0.00571 0.00298 0.00198 0.00125 0.00182 0.00492 0.02227 0.13299 0.00290 0.03765 0.09345 0.00001 0.00010 0.00124 0.00680 0.02020 0.03855 0.04169 0.04999 0.05625 0.06496 0.08358 0.12465 0.13383 0.03864 0.02081 0.00762 
345	5	0.00000 0.00000 0.00022 0.00057 0.00529 0.00711 0.00479 0.00396 0.00685 0.00737 0.01268 0.02314 0.03527 0.08555 0.13716 0.11116 0.00035 0.00107 0.00344 0.00773 0.02123 0.02828 0.02928 0.03054 0.03682 0.04667 0.05937 0.08017 0.08160 0.07057 0.04949 0.01225 
346	5	0.00000 0.00190 0.00496 0.00885 0.01192 0.01969 0.01360 0.00516 0.00394 0.00270 0.00942 0.02381 0.02567 0.02645 0.01664 0.20138 0.00015 0.00194 0.00828 0.02154 0.05372 0.08628 0.08381 0.06139 0.05471 0.05291 0.04906 0.05339 0.04488 0.02783 0.01265 0.01135 
347	5	0.00000 0.00000 0.00005 0.00028 0.00323 0.00537 0.00390 0.00385 0.00665 0.01189 0.01355 0.01799 0.03357 0.04837 0.00919 0.00605 0.00001 0.00009 0.00134 0.00643 0.02701 0.05650 0.07814 0.09049 0.09235 0.09642 0.09607 0.08702 0.09785 0.07700 0.02425 0.00511 
348	5	0.00000 0.00074 0.00265 0.01183 0.01694 0.03056 0.01325 0.00686 0.00439 0.00418 0.00349 0.00282 0.00325 0.00311 0.00364 0.00983 0.00018 0.00443 0.01983 0.05665 0.09169 0.13778 0.10477 0.08789 0.06827 0.06329 0.05698 0.05032 0.04734 0.04168 0.03260 0.01875 
349	5	0.00000 0.00000 0.00010 0.00086 0.00599 0.01368 0.02286 0.04209 0.02431 0.01743 0.01596 0.06983 0.10600 0.04748 0.02575 0.00482 0.00002 0.00019 0.00108 0.00473 0.01395 0.03384 0.05896 0.09885 0.12535 0.11323 0.05902 0.02711 0.02667 0.02288 0.01312 0.00381 
