350	5	32
0	1	0.05806 0.00000 0.00000 0.00000 0.00000 0.00000 0.00000 0.00000 0.25731 0.00000 0.00000 0.00000 0.00000 0.00000 0.00000 0.00000 0.12560 0.00000 0.00000 0.00000 0.00000 0.00000 0.00000 0.00000 0.55902 0.00000 0.00000 0.00000 0.00000 0.00000 0.00000 0.00000 
1	1	0.04183 0.00000 0.00000 0.00000 0.00000 0.00000 0.00000 0.00000 0.06212 0.00000 0.00000 0.00000 0.00000 0.00000 0.00000 0.00000 0.11727 0.00000 0.00000 0.00000 0.00000 0.00000 0.00000 0.00000 0.77877 0.00000 0.00000 0.00000 0.00000 0.00000 0.00000 0.00000 
2	1	0.09780 0.00000 0.00000 0.00000 0.00000 0.00000 0.00000 0.00000 0.24173 0.00000 0.00000 0.00000 0.00000 0.00000 0.00000 0.00000 0.16446 0.00000 0.00000 0.00000 0.00000 0.00000 0.00000 0.00000 0.49601 0.00000 0.00000 0.00000 0.00000 0.00000 0.00000 0.00000 
3	1	0.12488 0.00000 0.00000 0.00000 0.00000 0.00000 0.00000 0.00000 0.14271 0.00000 0.00000 0.00000 0.00000 0.00000 0.00000 0.00000 0.28653 0.00000 0.00000 0.00000 0.00000 0.00000 0.00000 0.00000 0.44588 0.00000 0.00000 0.00000 0.00000 0.00000 0.00000 0.00000 
4	1	0.24213 0.00000 0.00000 0.00000 0.00000 0.00000 0.00000 0.00000 0.14256 0.00000 0.00000 0.00000 0.00000 0.00000 0.00000 0.00000 0.10555 0.00000 0.00000 0.00000 0.00000 0.00000 0.00000 0.00000 0.50975 0.00000 0.00000 0.00000 0.00000 0.00000 0.00000 0.00000 
5	1	0.09520 0.00000 0.00000 0.00000 0.00000 0.00000 0.00000 0.00000 0.12398 0.00000 0.00000 0.00000 0.00000 0.00000 0.00000 0.00000 0.07022 0.00000 0.00000 0.00000 0.00000 0.00000 0.00000 0.00000 0.71059 0.00000 0.00000 0.00000 0.00000 0.00000 0.00000 0.00000 
6	1	0.10443 0.00000 0.00000 0.00000 0.00000 0.00000 0.00000 0.00000 0.11826 0.00000 0.00000 0.00000 0.00000 0.00000 0.00000 0.00000 0.07832 0.00000 0.00000 0.00000 0.00000 0.00000 0.00000 0.00000 0.69898 0.00000 0.00000 0.00000 0.00000 0.00000 0.00000 0.00000 
7	1	0.16754 0.00000 0.00000 0.00000 0.00000 0.00000 0.00000 0.00000 0.13857 0.00000 0.00000 0.00000 0.00000 0.00000 0.00000 0.00000 0.16025 0.00000 0.00000 0.00000 0.00000 0.00000 0.00000 0.00000 0.53364 0.00000 0.00000 0.00000 0.00000 0.00000 0.00000 0.00000 
8	1	0.14944 0.00000 0.00000 0.00000 0.00000 0.00000 0.00000 0.00000 0.44709 0.00000 0.00000 0.00000 0.00000 0.00000 0.00000 0.00000 0.18097 0.00000 0.00000 0.00000 0.00000 0.00000 0.00000 0.00000 0.22250 0.00000 0.00000 0.00000 0.00000 0.00000 0.00000 0.00000 
9	1	0.13724 0.00000 0.00000 0.00000 0.00000 0.00000 0.00000 0.00000 0.16406 0.00000 0.00000 0.00000 0.00000 0.00000 0.00000 0.00000 0.12174 0.00000 0.00000 0.00000 0.00000 0.00000 0.00000 0.00000 0.57695 0.00000 0.00000 0.00000 0.00000 0.00000 0.00000 0.00000 
10	1	0.05394 0.00000 0.00000 0.00000 0.00000 0.00000 0.00000 0.00000 0.28085 0.00000 0.00000 0.00000 0.00000 0.00000 0.00000 0.00000 0.08657 0.00000 0.00000 0.00000 0.00000 0.00000 0.00000 0.00000 0.57864 0.00000 0.00000 0.00000 0.00000 0.00000 0.00000 0.00000 
11	1	0.13697 0.00000 0.00000 0.00000 0.00000 0.00000 0.00000 0.00000 0.15800 0.00000 0.00000 0.00000 0.00000 0.00000 0.00000 0.00000 0.23455 0.00000 0.00000 0.00000 0.00000 0.00000 0.00000 0.00000 0.47048 0.00000 0.00000 0.00000 0.00000 0.00000 0.00000 0.00000 
12	1	0.10640 0.00000 0.00000 0.00000 0.00000 0.00000 0.00000 0.00000 0.14772 0.00000 0.00000 0.00000 0.00000 0.00000 0.00000 0.00000 0.17571 0.00000 0.00000 0.00000 0.00000 0.00000 0.00000 0.00000 0.57017 0.00000 0.00000 0.00000 0.00000 0.00000 0.00000 0.00000 
13	1	0.05419 0.00000 0.00000 0.00000 0.00000 0.00000 0.00000 0.00000 0.33809 0.00000 0.00000 0.00000 0.00000 0.00000 0.00000 0.00000 0.15398 0.00000 0.00000 0.00000 0.00000 0.00000 0.00000 0.00000 0.45374 0.00000 0.00000 0.00000 0.00000 0.00000 0.00000 0.00000 
14	1	0.43167 0.00000 0.00000 0.00000 0.00000 0.00000 0.00000 0.00000 0.43382 0.00000 0.00000 0.00000 0.00000 0.00000 0.00000 0.00000 0.04414 0.00000 0.00000 0.00000 0.00000 0.00000 0.00000 0.00000 0.09037 0.00000 0.00000 0.00000 0.00000 0.00000 0.00000 0.00000 
15	1	0.17700 0.00000 0.00000 0.00000 0.00000 0.00000 0.00000 0.00000 0.16828 0.00000 0.00000 0.00000 0.00000 0.00000 0.00000 0.00000 0.16859 0.00000 0.00000 0.00000 0.00000 0.00000 0.00000 0.00000 0.48612 0.00000 0.00000 0.00000 0.00000 0.00000 0.00000 0.00000 
16	1	0.07763 0.00000 0.00000 0.00000 0.00000 0.00000 0.00000 0.00000 0.24058 0.00000 0.00000 0.00000 0.00000 0.00000 0.00000 0.00000 0.51763 0.00000 0.00000 0.00000 0.00000 0.00000 0.00000 0.00000 0.16416 0.00000 0.00000 0.00000 0.00000 0.00000 0.00000 0.00000 
17	1	0.17317 0.00000 0.00000 0.00000 0.00000 0.00000 0.00000 0.00000 0.13722 0.00000 0.00000 0.00000 0.00000 0.00000 0.00000 0.00000 0.03052 0.00000 0.00000 0.00000 0.00000 0.00000 0.00000 0.00000 0.65908 0.00000 0.00000 0.00000 0.00000 0.00000 0.00000 0.00000 
18	1	0.17426 0.00000 0.00000 0.00000 0.00000 0.00000 0.00000 0.00000 0.20832 0.00000 0.00000 0.00000 0.00000 0.00000 0.00000 0.00000 0.02890 0.00000 0.00000 0.00000 0.00000 0.00000 0.00000 0.00000 0.58852 0.00000 0.00000 0.00000 0.00000 0.00000 0.00000 0.00000 
19	1	0.11238 0.00000 0.00000 0.00000 0.00000 0.00000 0.00000 0.00000 0.29035 0.00000 0.00000 0.00000 0.00000 0.00000 0.00000 0.00000 0.42962 0.00000 0.00000 0.00000 0.00000 0.00000 0.00000 0.00000 0.16764 0.00000 0.00000 0.00000 0.00000 0.00000 0.00000 0.00000 
20	1	0.28316 0.00000 0.00000 0.00000 0.00000 0.00000 0.00000 0.00000 0.30480 0.00000 0.00000 0.00000 0.00000 0.00000 0.00000 0.00000 0.20791 0.00000 0.00000 0.00000 0.00000 0.00000 0.00000 0.00000 0.20412 0.00000 0.00000 0.00000 0.00000 0.00000 0.00000 0.00000 
21	1	0.23822 0.00000 0.00000 0.00000 0.00000 0.00000 0.00000 0.00000 0.21572 0.00000 0.00000 0.00000 0.00000 0.00000 0.00000 0.00000 0.20232 0.00000 0.00000 0.00000 0.00000 0.00000 0.00000 0.00000 0.34374 0.00000 0.00000 0.00000 0.00000 0.00000 0.00000 0.00000 
22	1	0.08329 0.00000 0.00000 0.00000 0.00000 0.00000 0.00000 0.00000 0.20324 0.00000 0.00000 0.00000 0.00000 0.00000 0.00000 0.00000 0.68373 0.00000 0.00000 0.00000 0.00000 0.00000 0.00000 0.00000 0.02974 0.00000 0.00000 0.00000 0.00000 0.00000 0.00000 0.00000 
23	1	0.13345 0.00000 0.00000 0.00000 0.00000 0.00000 0.00000 0.00000 0.15215 0.00000 0.00000 0.00000 0.00000 0.00000 0.00000 0.00000 0.63496 0.00000 0.00000 0.00000 0.00000 0.00000 0.00000 0.00000 0.07943 0.00000 0.00000 0.00000 0.00000 0.00000 0.00000 0.00000 
24	1	0.12864 0.00000 0.00000 0.00000 0.00000 0.00000 0.00000 0.00000 0.11828 0.00000 0.00000 0.00000 0.00000 0.00000 0.00000 0.00000 0.59697 0.00000 0.00000 0.00000 0.00000 0.00000 0.00000 0.00000 0.15611 0.00000 0.00000 0.00000 0.00000 0.00000 0.00000 0.00000 
25	1	0.17040 0.00000 0.00000 0.00000 0.00000 0.00000 0.00000 0.00000 0.15485 0.00000 0.00000 0.00000 0.00000 0.00000 0.00000 0.00000 0.00000 0.00000 0.00000 0.00000 0.00000 0.00000 0.00000 0.00000 0.67475 0.00000 0.00000 0.00000 0.00000 0.00000 0.00000 0.00000 
26	1	0.07734 0.00000 0.00000 0.00000 0.00000 0.00000 0.00000 0.00000 0.30744 0.00000 0.00000 0.00000 0.00000 0.00000 0.00000 0.00000 0.08685 0.00000 0.00000 0.00000 0.00000 0.00000 0.00000 0.00000 0.52838 0.00000 0.00000 0.00000 0.00000 0.00000 0.00000 0.00000 
27	1	0.17255 0.00000 0.00000 0.00000 0.00000 0.00000 0.00000 0.00000 0.24322 0.00000 0.00000 0.00000 0.00000 0.00000 0.00000 0.00000 0.15160 0.00000 0.00000 0.00000 0.00000 0.00000 0.00000 0.00000 0.43263 0.00000 0.00000 0.00000 0.00000 0.00000 0.00000 0.00000 
28	1	0.05143 0.00000 0.00000 0.00000 0.00000 0.00000 0.00000 0.00000 0.11592 0.00000 0.00000 0.00000 0.00000 0.00000 0.00000 0.00000 0.28430 0.00000 0.00000 0.00000 0.00000 0.00000 0.00000 0.00000 0.54834 0.00000 0.00000 0.00000 0.00000 0.00000 0.00000 0.00000 
29	1	0.03833 0.00000 0.00000 0.00000 0.00000 0.00000 0.00000 0.00000 0.12011 0.00000 0.00000 0.00000 0.00000 0.00000 0.00000 0.00000 0.12934 0.00000 0.00000 0.00000 0.00000 0.00000 0.00000 0.00000 0.71222 0.00000 0.00000 0.00000 0.00000 0.00000 0.00000 0.00000 
30	1	0.03525 0.00000 0.00000 0.00000 0.00000 0.00000 0.00000 0.00000 0.08108 0.00000 0.00000 0.00000 0.00000 0.00000 0.00000 0.00000 0.01143 0.00000 0.00000 0.00000 0.00000 0.00000 0.00000 0.00000 0.87223 0.00000 0.00000 0.00000 0.00000 0.00000 0.00000 0.00000 
31	1	0.03090 0.00000 0.00000 0.00000 0.00000 0.00000 0.00000 0.00000 0.08367 0.00000 0.00000 0.00000 0.00000 0.00000 0.00000 0.00000 0.03540 0.00000 0.00000 0.00000 0.00000 0.00000 0.00000 0.00000 0.85002 0.00000 0.00000 0.00000 0.00000 0.00000 0.00000 0.00000 
32	1	0.08455 0.00000 0.00000 0.00000 0.00000 0.00000 0.00000 0.00000 0.15265 0.00000 0.00000 0.00000 0.00000 0.00000 0.00000 0.00000 0.15553 0.00000 0.00000 0.00000 0.00000 0.00000 0.00000 0.00000 0.60727 0.00000 0.00000 0.00000 0.00000 0.00000 0.00000 0.00000 
33	1	0.18737 0.00000 0.00000 0.00000 0.00000 0.00000 0.00000 0.00000 0.37906 0.00000 0.00000 0.00000 0.00000 0.00000 0.00000 0.00000 0.06610 0.00000 0.00000 0.00000 0.00000 0.00000 0.00000 0.00000 0.36747 0.00000 0.00000 0.00000 0.00000 0.00000 0.00000 0.00000 
34	1	0.13825 0.00000 0.00000 0.00000 0.00000 0.00000 0.00000 0.00000 0.19937 0.00000 0.00000 0.00000 0.00000 0.00000 0.00000 0.00000 0.39945 0.00000 0.00000 0.00000 0.00000 0.00000 0.00000 0.00000 0.26292 0.00000 0.00000 0.00000 0.00000 0.00000 0.00000 0.00000 
35	1	0.07349 0.00000 0.00000 0.00000 0.00000 0.00000 0.00000 0.00000 0.33115 0.00000 0.00000 0.00000 0.00000 0.00000 0.00000 0.00000 0.20184 0.00000 0.00000 0.00000 0.00000 0.00000 0.00000 0.00000 0.39351 0.00000 0.00000 0.00000 0.00000 0.00000 0.00000 0.00000 
36	1	0.05789 0.00000 0.00000 0.00000 0.00000 0.00000 0.00000 0.00000 0.19523 0.00000 0.00000 0.00000 0.00000 0.00000 0.00000 0.00000 0.21796 0.00000 0.00000 0.00000 0.00000 0.00000 0.00000 0.00000 0.52892 0.00000 0.00000 0.00000 0.00000 0.00000 0.00000 0.00000 
37	1	0.38114 0.00000 0.00000 0.00000 0.00000 0.00000 0.00000 0.00000 0.13281 0.00000 0.00000 0.00000 0.00000 0.00000 0.00000 0.00000 0.00657 0.00000 0.00000 0.00000 0.00000 0.00000 0.00000 0.00000 0.47948 0.00000 0.00000 0.00000 0.00000 0.00000 0.00000 0.00000 
38	1	0.13561 0.00000 0.00000 0.00000 0.00000 0.00000 0.00000 0.00000 0.19833 0.00000 0.00000 0.00000 0.00000 0.00000 0.00000 0.00000 0.04082 0.00000 0.00000 0.00000 0.00000 0.00000 0.00000 0.00000 0.62523 0.00000 0.00000 0.00000 0.00000 0.00000 0.00000 0.00000 
39	1	0.25787 0.00000 0.00000 0.00000 0.00000 0.00000 0.00000 0.00000 0.35032 0.00000 0.00000 0.00000 0.00000 0.00000 0.00000 0.00000 0.08143 0.00000 0.00000 0.00000 0.00000 0.00000 0.00000 0.00000 0.31037 0.00000 0.00000 0.00000 0.00000 0.00000 0.00000 0.00000 
40	1	0.08030 0.00000 0.00000 0.00000 0.00000 0.00000 0.00000 0.00000 0.30218 0.00000 0.00000 0.00000 0.00000 0.00000 0.00000 0.00000 0.03440 0.00000 0.00000 0.00000 0.00000 0.00000 0.00000 0.00000 0.58312 0.00000 0.00000 0.00000 0.00000 0.00000 0.00000 0.00000 
41	1	0.09322 0.00000 0.00000 0.00000 0.00000 0.00000 0.00000 0.00000 0.33192 0.00000 0.00000 0.00000 0.00000 0.00000 0.00000 0.00000 0.22364 0.00000 0.00000 0.00000 0.00000 0.00000 0.00000 0.00000 0.35123 0.00000 0.00000 0.00000 0.00000 0.00000 0.00000 0.00000 
42	1	0.12990 0.00000 0.00000 0.00000 0.00000 0.00000 0.00000 0.00000 0.26554 0.00000 0.00000 0.00000 0.00000 0.00000 0.00000 0.00000 0.48243 0.00000 0.00000 0.00000 0.00000 0.00000 0.00000 0.00000 0.12213 0.00000 0.00000 0.00000 0.00000 0.00000 0.00000 0.00000 
43	1	0.06877 0.00000 0.00000 0.00000 0.00000 0.00000 0.00000 0.00000 0.09764 0.00000 0.00000 0.00000 0.00000 0.00000 0.00000 0.00000 0.21318 0.00000 0.00000 0.00000 0.00000 0.00000 0.00000 0.00000 0.62041 0.00000 0.00000 0.00000 0.00000 0.00000 0.00000 0.00000 
44	1	0.02373 0.00000 0.00000 0.00000 0.00000 0.00000 0.00000 0.00000 0.05844 0.00000 0.00000 0.00000 0.00000 0.00000 0.00000 0.00000 0.30592 0.00000 0.00000 0.00000 0.00000 0.00000 0.00000 0.00000 0.61191 0.00000 0.00000 0.00000 0.00000 0.00000 0.00000 0.00000 
45	1	0.32265 0.00000 0.00000 0.00000 0.00000 0.00000 0.00000 0.00000 0.12421 0.00000 0.00000 0.00000 0.00000 0.00000 0.00000 0.00000 0.10841 0.00000 0.00000 0.00000 0.00000 0.00000 0.00000 0.00000 0.44473 0.00000 0.00000 0.00000 0.00000 0.00000 0.00000 0.00000 
46	1	0.08479 0.00000 0.00000 0.00000 0.00000 0.00000 0.00000 0.00000 0.17914 0.00000 0.00000 0.00000 0.00000 0.00000 0.00000 0.00000 0.20607 0.00000 0.00000 0.00000 0.00000 0.00000 0.00000 0.00000 0.53000 0.00000 0.00000 0.00000 0.00000 0.00000 0.00000 0.00000 
47	1	0.04857 0.00000 0.00000 0.00000 0.00000 0.00000 0.00000 0.00000 0.18281 0.00000 0.00000 0.00000 0.00000 0.00000 0.00000 0.00000 0.29582 0.00000 0.00000 0.00000 0.00000 0.00000 0.00000 0.00000 0.47280 0.00000 0.00000 0.00000 0.00000 0.00000 0.00000 0.00000 
48	1	0.16202 0.00000 0.00000 0.00000 0.00000 0.00000 0.00000 0.00000 0.20950 0.00000 0.00000 0.00000 0.00000 0.00000 0.00000 0.00000 0.18160 0.00000 0.00000 0.00000 0.00000 0.00000 0.00000 0.00000 0.44687 0.00000 0.00000 0.00000 0.00000 0.00000 0.00000 0.00000 
49	1	0.03289 0.00000 0.00000 0.00000 0.00000 0.00000 0.00000 0.00000 0.16985 0.00000 0.00000 0.00000 0.00000 0.00000 0.00000 0.00000 0.30255 0.00000 0.00000 0.00000 0.00000 0.00000 0.00000 0.00000 0.49471 0.00000 0.00000 0.00000 0.00000 0.00000 0.00000 0.00000 
50	1	0.03284 0.00000 0.00000 0.00000 0.00000 0.00000 0.00000 0.00000 0.14730 0.00000 0.00000 0.00000 0.00000 0.00000 0.00000 0.00000 0.35235 0.00000 0.00000 0.00000 0.00000 0.00000 0.00000 0.00000 0.46751 0.00000 0.00000 0.00000 0.00000 0.00000 0.00000 0.00000 
51	1	0.07809 0.00000 0.00000 0.00000 0.00000 0.00000 0.00000 0.00000 0.10727 0.00000 0.00000 0.00000 0.00000 0.00000 0.00000 0.00000 0.09288 0.00000 0.00000 0.00000 0.00000 0.00000 0.00000 0.00000 0.72176 0.00000 0.00000 0.00000 0.00000 0.00000 0.00000 0.00000 
52	1	0.07134 0.00000 0.00000 0.00000 0.00000 0.00000 0.00000 0.00000 0.08510 0.00000 0.00000 0.00000 0.00000 0.00000 0.00000 0.00000 0.10196 0.00000 0.00000 0.00000 0.00000 0.00000 0.00000 0.00000 0.74161 0.00000 0.00000 0.00000 0.00000 0.00000 0.00000 0.00000 
53	1	0.08077 0.00000 0.00000 0.00000 0.00000 0.00000 0.00000 0.00000 0.09685 0.00000 0.00000 0.00000 0.00000 0.00000 0.00000 0.00000 0.06786 0.00000 0.00000 0.00000 0.00000 0.00000 0.00000 0.00000 0.75451 0.00000 0.00000 0.00000 0.00000 0.00000 0.00000 0.00000 
54	1	0.05712 0.00000 0.00000 0.00000 0.00000 0.00000 0.00000 0.00000 0.05108 0.00000 0.00000 0.00000 0.00000 0.00000 0.00000 0.00000 0.01770 0.00000 0.00000 0.00000 0.00000 0.00000 0.00000 0.00000 0.87410 0.00000 0.00000 0.00000 0.00000 0.00000 0.00000 0.00000 
55	1	0.06313 0.00000 0.00000 0.00000 0.00000 0.00000 0.00000 0.00000 0.04955 0.00000 0.00000 0.00000 0.00000 0.00000 0.00000 0.00000 0.46547 0.00000 0.00000 0.00000 0.00000 0.00000 0.00000 0.00000 0.42185 0.00000 0.00000 0.00000 0.00000 0.00000 0.00000 0.00000 
56	1	0.06264 0.00000 0.00000 0.00000 0.00000 0.00000 0.00000 0.00000 0.01492 0.00000 0.00000 0.00000 0.00000 0.00000 0.00000 0.00000 0.53029 0.00000 0.00000 0.00000 0.00000 0.00000 0.00000 0.00000 0.39215 0.00000 0.00000 0.00000 0.00000 0.00000 0.00000 0.00000 
57	1	0.19160 0.00000 0.00000 0.00000 0.00000 0.00000 0.00000 0.00000 0.14019 0.00000 0.00000 0.00000 0.00000 0.00000 0.00000 0.00000 0.56064 0.00000 0.00000 0.00000 0.00000 0.00000 0.00000 0.00000 0.10757 0.00000 0.00000 0.00000 0.00000 0.00000 0.00000 0.00000 
58	1	0.16391 0.00000 0.00000 0.00000 0.00000 0.00000 0.00000 0.00000 0.23404 0.00000 0.00000 0.00000 0.00000 0.00000 0.00000 0.00000 0.25033 0.00000 0.00000 0.00000 0.00000 0.00000 0.00000 0.00000 0.35172 0.00000 0.00000 0.00000 0.00000 0.00000 0.00000 0.00000 
59	1	0.17377 0.00000 0.00000 0.00000 0.00000 0.00000 0.00000 0.00000 0.26868 0.00000 0.00000 0.00000 0.00000 0.00000 0.00000 0.00000 0.07407 0.00000 0.00000 0.00000 0.00000 0.00000 0.00000 0.00000 0.48348 0.00000 0.00000 0.00000 0.00000 0.00000 0.00000 0.00000 
60	1	0.18594 0.00000 0.00000 0.00000 0.00000 0.00000 0.00000 0.00000 0.27390 0.00000 0.00000 0.00000 0.00000 0.00000 0.00000 0.00000 0.15533 0.00000 0.00000 0.00000 0.00000 0.00000 0.00000 0.00000 0.38483 0.00000 0.00000 0.00000 0.00000 0.00000 0.00000 0.00000 
61	1	0.21126 0.00000 0.00000 0.00000 0.00000 0.00000 0.00000 0.00000 0.18851 0.00000 0.00000 0.00000 0.00000 0.00000 0.00000 0.00000 0.52106 0.00000 0.00000 0.00000 0.00000 0.00000 0.00000 0.00000 0.07917 0.00000 0.00000 0.00000 0.00000 0.00000 0.00000 0.00000 
62	1	0.10213 0.00000 0.00000 0.00000 0.00000 0.00000 0.00000 0.00000 0.54607 0.00000 0.00000 0.00000 0.00000 0.00000 0.00000 0.00000 0.29876 0.00000 0.00000 0.00000 0.00000 0.00000 0.00000 0.00000 0.05304 0.00000 0.00000 0.00000 0.00000 0.00000 0.00000 0.00000 
63	1	0.08247 0.00000 0.00000 0.00000 0.00000 0.00000 0.00000 0.00000 0.47645 0.00000 0.00000 0.00000 0.00000 0.00000 0.00000 0.00000 0.39315 0.00000 0.00000 0.00000 0.00000 0.00000 0.00000 0.00000 0.04793 0.00000 0.00000 0.00000 0.00000 0.00000 0.00000 0.00000 
64	1	0.53939 0.00000 0.00000 0.00000 0.00000 0.00000 0.00000 0.00000 0.09721 0.00000 0.00000 0.00000 0.00000 0.00000 0.00000 0.00000 0.01772 0.00000 0.00000 0.00000 0.00000 0.00000 0.00000 0.00000 0.34568 0.00000 0.00000 0.00000 0.00000 0.00000 0.00000 0.00000 
65	1	0.50994 0.00000 0.00000 0.00000 0.00000 0.00000 0.00000 0.00000 0.02877 0.00000 0.00000 0.00000 0.00000 0.00000 0.00000 0.00000 0.19839 0.00000 0.00000 0.00000 0.00000 0.00000 0.00000 0.00000 0.26290 0.00000 0.00000 0.00000 0.00000 0.00000 0.00000 0.00000 
66	1	0.36018 0.00000 0.00000 0.00000 0.00000 0.00000 0.00000 0.00000 0.02960 0.00000 0.00000 0.00000 0.00000 0.00000 0.00000 0.00000 0.45509 0.00000 0.00000 0.00000 0.00000 0.00000 0.00000 0.00000 0.15512 0.00000 0.00000 0.00000 0.00000 0.00000 0.00000 0.00000 
67	1	0.43447 0.00000 0.00000 0.00000 0.00000 0.00000 0.00000 0.00000 0.14256 0.00000 0.00000 0.00000 0.00000 0.00000 0.00000 0.00000 0.07138 0.00000 0.00000 0.00000 0.00000 0.00000 0.00000 0.00000 0.35159 0.00000 0.00000 0.00000 0.00000 0.00000 0.00000 0.00000 
68	1	0.10676 0.00000 0.00000 0.00000 0.00000 0.00000 0.00000 0.00000 0.14920 0.00000 0.00000 0.00000 0.00000 0.00000 0.00000 0.00000 0.34319 0.00000 0.00000 0.00000 0.00000 0.00000 0.00000 0.00000 0.40084 0.00000 0.00000 0.00000 0.00000 0.00000 0.00000 0.00000 
69	1	0.09625 0.00000 0.00000 0.00000 0.00000 0.00000 0.00000 0.00000 0.23262 0.00000 0.00000 0.00000 0.00000 0.00000 0.00000 0.00000 0.19109 0.00000 0.00000 0.00000 0.00000 0.00000 0.00000 0.00000 0.48005 0.00000 0.00000 0.00000 0.00000 0.00000 0.00000 0.00000 
70	2	0.33382 0.00000 0.00000 0.00000 0.00000 0.00000 0.00000 0.00000 0.46192 0.00000 0.00000 0.00000 0.00000 0.00000 0.00000 0.00000 0.07874 0.00000 0.00000 0.00000 0.00000 0.00000 0.00000 0.00000 0.12552 0.00000 0.00000 0.00000 0.00000 0.00000 0.00000 0.00000 
71	2	0.34114 0.00000 0.00000 0.00000 0.00000 0.00000 0.00000 0.00000 0.44778 0.00000 0.00000 0.00000 0.00000 0.00000 0.00000 0.00000 0.07625 0.00000 0.00000 0.00000 0.00000 0.00000 0.00000 0.00000 0.13483 0.00000 0.00000 0.00000 0.00000 0.00000 0.00000 0.00000 
72	2	0.34631 0.00000 0.00000 0.00000 0.00000 0.00000 0.00000 0.00000 0.41816 0.00000 0.00000 0.00000 0.00000 0.00000 0.00000 0.00000 0.07344 0.00000 0.00000 0.00000 0.00000 0.00000 0.00000 0.00000 0.16209 0.00000 0.00000 0.00000 0.00000 0.00000 0.00000 0.00000 
73	2	0.52395 0.00000 0.00000 0.00000 0.00000 0.00000 0.00000 0.00000 0.25951 0.00000 0.00000 0.00000 0.00000 0.00000 0.00000 0.00000 0.08161 0.00000 0.00000 0.00000 0.00000 0.00000 0.00000 0.00000 0.13493 0.00000 0.00000 0.00000 0.00000 0.00000 0.00000 0.00000 
74	2	0.38581 0.00000 0.00000 0.00000 0.00000 0.00000 0.00000 0.00000 0.36839 0.00000 0.00000 0.00000 0.00000 0.00000 0.00000 0.00000 0.06687 0.00000 0.00000 0.00000 0.00000 0.00000 0.00000 0.00000 0.17893 0.00000 0.00000 0.00000 0.00000 0.00000 0.00000 0.00000 
75	2	0.00009 0.00000 0.00000 0.00000 0.00000 0.00000 0.00000 0.00000 0.04282 0.00000 0.00000 0.00000 0.00000 0.00000 0.00000 0.00000 0.06590 0.00000 0.00000 0.00000 0.00000 0.00000 0.00000 0.00000 0.89120 0.00000 0.00000 0.00000 0.00000 0.00000 0.00000 0.00000 
76	2	0.00000 0.00000 0.00000 0.00000 0.00000 0.00000 0.00000 0.00000 0.01542 0.00000 0.00000 0.00000 0.00000 0.00000 0.00000 0.00000 0.04134 0.00000 0.00000 0.00000 0.00000 0.00000 0.00000 0.00000 0.94324 0.00000 0.00000 0.00000 0.00000 0.00000 0.00000 0.00000 
77	2	0.00000 0.00000 0.00000 0.00000 0.00000 0.00000 0.00000 0.00000 0.02981 0.00000 0.00000 0.00000 0.00000 0.00000 0.00000 0.00000 0.37443 0.00000 0.00000 0.00000 0.00000 0.00000 0.00000 0.00000 0.59576 0.00000 0.00000 0.00000 0.00000 0.00000 0.00000 0.00000 
78	2	0.04483 0.00000 0.00000 0.00000 0.00000 0.00000 0.00000 0.00000 0.20158 0.00000 0.00000 0.00000 0.00000 0.00000 0.00000 0.00000 0.09584 0.00000 0.00000 0.00000 0.00000 0.00000 0.00000 0.00000 0.65775 0.00000 0.00000 0.00000 0.00000 0.00000 0.00000 0.00000 
79	2	0.02559 0.00000 0.00000 0.00000 0.00000 0.00000 0.00000 0.00000 0.18453 0.00000 0.00000 0.00000 0.00000 0.00000 0.00000 0.00000 0.16183 0.00000 0.00000 0.00000 0.00000 0.00000 0.00000 0.00000 0.62804 0.00000 0.00000 0.00000 0.00000 0.00000 0.00000 0.00000 
80	2	0.16544 0.00000 0.00000 0.00000 0.00000 0.00000 0.00000 0.00000 0.25951 0.00000 0.00000 0.00000 0.00000 0.00000 0.00000 0.00000 0.47193 0.00000 0.00000 0.00000 0.00000 0.00000 0.00000 0.00000 0.10312 0.00000 0.00000 0.00000 0.00000 0.00000 0.00000 0.00000 
81	2	0.04182 0.00000 0.00000 0.00000 0.00000 0.00000 0.00000 0.00000 0.09637 0.00000 0.00000 0.00000 0.00000 0.00000 0.00000 0.00000 0.12978 0.00000 0.00000 0.00000 0.00000 0.00000 0.00000 0.00000 0.73202 0.00000 0.00000 0.00000 0.00000 0.00000 0.00000 0.00000 
82	2	0.00000 0.00000 0.00000 0.00000 0.00000 0.00000 0.00000 0.00000 0.21678 0.00000 0.00000 0.00000 0.00000 0.00000 0.00000 0.00000 0.48050 0.00000 0.00000 0.00000 0.00000 0.00000 0.00000 0.00000 0.30272 0.00000 0.00000 0.00000 0.00000 0.00000 0.00000 0.00000 
83	2	0.00000 0.00000 0.00000 0.00000 0.00000 0.00000 0.00000 0.00000 0.20876 0.00000 0.00000 0.00000 0.00000 0.00000 0.00000 0.00000 0.41349 0.00000 0.00000 0.00000 0.00000 0.00000 0.00000 0.00000 0.37775 0.00000 0.00000 0.00000 0.00000 0.00000 0.00000 0.00000 
84	2	0.00000 0.00000 0.00000 0.00000 0.00000 0.00000 0.00000 0.00000 0.16495 0.00000 0.00000 0.00000 0.00000 0.00000 0.00000 0.00000 0.69242 0.00000 0.00000 0.00000 0.00000 0.00000 0.00000 0.00000 0.14263 0.00000 0.00000 0.00000 0.00000 0.00000 0.00000 0.00000 
85	2	0.00000 0.00000 0.00000 0.00000 0.00000 0.00000 0.00000 0.00000 0.13805 0.00000 0.00000 0.00000 0.00000 0.00000 0.00000 0.00000 0.53539 0.00000 0.00000 0.00000 0.00000 0.00000 0.00000 0.00000 0.32656 0.00000 0.00000 0.00000 0.00000 0.00000 0.00000 0.00000 
86	2	0.00000 0.00000 0.00000 0.00000 0.00000 0.00000 0.00000 0.00000 0.20449 0.00000 0.00000 0.00000 0.00000 0.00000 0.00000 0.00000 0.49349 0.00000 0.00000 0.00000 0.00000 0.00000 0.00000 0.00000 0.30202 0.00000 0.00000 0.00000 0.00000 0.00000 0.00000 0.00000 
87	2	0.00000 0.00000 0.00000 0.00000 0.00000 0.00000 0.00000 0.00000 0.24588 0.00000 0.00000 0.00000 0.00000 0.00000 0.00000 0.00000 0.43619 0.00000 0.00000 0.00000 0.00000 0.00000 0.00000 0.00000 0.31793 0.00000 0.00000 0.00000 0.00000 0.00000 0.00000 0.00000 
88	2	0.00000 0.00000 0.00000 0.00000 0.00000 0.00000 0.00000 0.00000 0.24101 0.00000 0.00000 0.00000 0.00000 0.00000 0.00000 0.00000 0.47350 0.00000 0.00000 0.00000 0.00000 0.00000 0.00000 0.00000 0.28548 0.00000 0.00000 0.00000 0.00000 0.00000 0.00000 0.00000 
89	2	0.08647 0.00000 0.00000 0.00000 0.00000 0.00000 0.00000 0.00000 0.27361 0.00000 0.00000 0.00000 0.00000 0.00000 0.00000 0.00000 0.19152 0.00000 0.00000 0.00000 0.00000 0.00000 0.00000 0.00000 0.44840 0.00000 0.00000 0.00000 0.00000 0.00000 0.00000 0.00000 
90	2	0.00896 0.00000 0.00000 0.00000 0.00000 0.00000 0.00000 0.00000 0.16986 0.00000 0.00000 0.00000 0.00000 0.00000 0.00000 0.00000 0.32962 0.00000 0.00000 0.00000 0.00000 0.00000 0.00000 0.00000 0.49157 0.00000 0.00000 0.00000 0.00000 0.00000 0.00000 0.00000 
91	2	0.00692 0.00000 0.00000 0.00000 0.00000 0.00000 0.00000 0.00000 0.04475 0.00000 0.00000 0.00000 0.00000 0.00000 0.00000 0.00000 0.89904 0.00000 0.00000 0.00000 0.00000 0.00000 0.00000 0.00000 0.04929 0.00000 0.00000 0.00000 0.00000 0.00000 0.00000 0.00000 
92	2	0.12847 0.00000 0.00000 0.00000 0.00000 0.00000 0.00000 0.00000 0.50074 0.00000 0.00000 0.00000 0.00000 0.00000 0.00000 0.00000 0.10767 0.00000 0.00000 0.00000 0.00000 0.00000 0.00000 0.00000 0.26312 0.00000 0.00000 0.00000 0.00000 0.00000 0.00000 0.00000 
93	2	0.28118 0.00000 0.00000 0.00000 0.00000 0.00000 0.00000 0.00000 0.43909 0.00000 0.00000 0.00000 0.00000 0.00000 0.00000 0.00000 0.10370 0.00000 0.00000 0.00000 0.00000 0.00000 0.00000 0.00000 0.17603 0.00000 0.00000 0.00000 0.00000 0.00000 0.00000 0.00000 
94	2	0.14299 0.00000 0.00000 0.00000 0.00000 0.00000 0.00000 0.00000 0.49934 0.00000 0.00000 0.00000 0.00000 0.00000 0.00000 0.00000 0.08256 0.00000 0.00000 0.00000 0.00000 0.00000 0.00000 0.00000 0.27511 0.00000 0.00000 0.00000 0.00000 0.00000 0.00000 0.00000 
95	2	0.02260 0.00000 0.00000 0.00000 0.00000 0.00000 0.00000 0.00000 0.41917 0.00000 0.00000 0.00000 0.00000 0.00000 0.00000 0.00000 0.23706 0.00000 0.00000 0.00000 0.00000 0.00000 0.00000 0.00000 0.32116 0.00000 0.00000 0.00000 0.00000 0.00000 0.00000 0.00000 
96	2	0.29125 0.00000 0.00000 0.00000 0.00000 0.00000 0.00000 0.00000 0.38553 0.00000 0.00000 0.00000 0.00000 0.00000 0.00000 0.00000 0.08606 0.00000 0.00000 0.00000 0.00000 0.00000 0.00000 0.00000 0.23716 0.00000 0.00000 0.00000 0.00000 0.00000 0.00000 0.00000 
97	2	0.27697 0.00000 0.00000 0.00000 0.00000 0.00000 0.00000 0.00000 0.50679 0.00000 0.00000 0.00000 0.00000 0.00000 0.00000 0.00000 0.03965 0.00000 0.00000 0.00000 0.00000 0.00000 0.00000 0.00000 0.17658 0.00000 0.00000 0.00000 0.00000 0.00000 0.00000 0.00000 
98	2	0.24661 0.00000 0.00000 0.00000 0.00000 0.00000 0.00000 0.00000 0.40034 0.00000 0.00000 0.00000 0.00000 0.00000 0.00000 0.00000 0.17763 0.00000 0.00000 0.00000 0.00000 0.00000 0.00000 0.00000 0.17542 0.00000 0.00000 0.00000 0.00000 0.00000 0.00000 0.00000 
99	2	0.32737 0.00000 0.00000 0.00000 0.00000 0.00000 0.00000 0.00000 0.31913 0.00000 0.00000 0.00000 0.00000 0.00000 0.00000 0.00000 0.12070 0.00000 0.00000 0.00000 0.00000 0.00000 0.00000 0.00000 0.23280 0.00000 0.00000 0.00000 0.00000 0.00000 0.00000 0.00000 
100	2	0.26858 0.00000 0.00000 0.00000 0.00000 0.00000 0.00000 0.00000 0.48031 0.00000 0.00000 0.00000 0.00000 0.00000 0.00000 0.00000 0.05419 0.00000 0.00000 0.00000 0.00000 0.00000 0.00000 0.00000 0.19692 0.00000 0.00000 0.00000 0.00000 0.00000 0.00000 0.00000 
101	2	0.24423 0.00000 0.00000 0.00000 0.00000 0.00000 0.00000 0.00000 0.43954 0.00000 0.00000 0.00000 0.00000 0.00000 0.00000 0.00000 0.05678 0.00000 0.00000 0.00000 0.00000 0.00000 0.00000 0.00000 0.25945 0.00000 0.00000 0.00000 0.00000 0.00000 0.00000 0.00000 
102	2	0.13454 0.00000 0.00000 0.00000 0.00000 0.00000 0.00000 0.00000 0.69400 0.00000 0.00000 0.00000 0.00000 0.00000 0.00000 0.00000 0.09945 0.00000 0.00000 0.00000 0.00000 0.00000 0.00000 0.00000 0.07201 0.00000 0.00000 0.00000 0.00000 0.00000 0.00000 0.00000 
103	2	0.05989 0.00000 0.00000 0.00000 0.00000 0.00000 0.00000 0.00000 0.51405 0.00000 0.00000 0.00000 0.00000 0.00000 0.00000 0.00000 0.12379 0.00000 0.00000 0.00000 0.00000 0.00000 0.00000 0.00000 0.30226 0.00000 0.00000 0.00000 0.00000 0.00000 0.00000 0.00000 
104	2	0.07646 0.00000 0.00000 0.00000 0.00000 0.00000 0.00000 0.00000 0.55189 0.00000 0.00000 0.00000 0.00000 0.00000 0.00000 0.00000 0.14333 0.00000 0.00000 0.00000 0.00000 0.00000 0.00000 0.00000 0.22832 0.00000 0.00000 0.00000 0.00000 0.00000 0.00000 0.00000 
105	2	0.30647 0.00000 0.00000 0.00000 0.00000 0.00000 0.00000 0.00000 0.41894 0.00000 0.00000 0.00000 0.00000 0.00000 0.00000 0.00000 0.04832 0.00000 0.00000 0.00000 0.00000 0.00000 0.00000 0.00000 0.22627 0.00000 0.00000 0.00000 0.00000 0.00000 0.00000 0.00000 
106	2	0.07094 0.00000 0.00000 0.00000 0.00000 0.00000 0.00000 0.00000 0.61697 0.00000 0.00000 0.00000 0.00000 0.00000 0.00000 0.00000 0.05546 0.00000 0.00000 0.00000 0.00000 0.00000 0.00000 0.00000 0.25662 0.00000 0.00000 0.00000 0.00000 0.00000 0.00000 0.00000 
107	2	0.13227 0.00000 0.00000 0.00000 0.00000 0.00000 0.00000 0.00000 0.48072 0.00000 0.00000 0.00000 0.00000 0.00000 0.00000 0.00000 0.16039 0.00000 0.00000 0.00000 0.00000 0.00000 0.00000 0.00000 0.22662 0.00000 0.00000 0.00000 0.00000 0.00000 0.00000 0.00000 
108	2	0.24091 0.00000 0.00000 0.00000 0.00000 0.00000 0.00000 0.00000 0.38950 0.00000 0.00000 0.00000 0.00000 0.00000 0.00000 0.00000 0.09326 0.00000 0.00000 0.00000 0.00000 0.00000 0.00000 0.00000 0.27633 0.00000 0.00000 0.00000 0.00000 0.00000 0.00000 0.00000 
109	2	0.34280 0.00000 0.00000 0.00000 0.00000 0.00000 0.00000 0.00000 0.27675 0.00000 0.00000 0.00000 0.00000 0.00000 0.00000 0.00000 0.08967 0.00000 0.00000 0.00000 0.00000 0.00000 0.00000 0.00000 0.29079 0.00000 0.00000 0.00000 0.00000 0.00000 0.00000 0.00000 
110	2	0.06794 0.00000 0.00000 0.00000 0.00000 0.00000 0.00000 0.00000 0.46799 0.00000 0.00000 0.00000 0.00000 0.00000 0.00000 0.00000 0.05455 0.00000 0.00000 0.00000 0.00000 0.00000 0.00000 0.00000 0.40952 0.00000 0.00000 0.00000 0.00000 0.00000 0.00000 0.00000 
111	2	0.20003 0.00000 0.00000 0.00000 0.00000 0.00000 0.00000 0.00000 0.47572 0.00000 0.00000 0.00000 0.00000 0.00000 0.00000 0.00000 0.11390 0.00000 0.00000 0.00000 0.00000 0.00000 0.00000 0.00000 0.21034 0.00000 0.00000 0.00000 0.00000 0.00000 0.00000 0.00000 
112	2	0.13152 0.00000 0.00000 0.00000 0.00000 0.00000 0.00000 0.00000 0.52642 0.00000 0.00000 0.00000 0.00000 0.00000 0.00000 0.00000 0.12134 0.00000 0.00000 0.00000 0.00000 0.00000 0.00000 0.00000 0.22071 0.00000 0.00000 0.00000 0.00000 0.00000 0.00000 0.00000 
113	2	0.11426 0.00000 0.00000 0.00000 0.00000 0.00000 0.00000 0.00000 0.74828 0.00000 0.00000 0.00000 0.00000 0.00000 0.00000 0.00000 0.07933 0.00000 0.00000 0.00000 0.00000 0.00000 0.00000 0.00000 0.05812 0.00000 0.00000 0.00000 0.00000 0.00000 0.00000 0.00000 
114	2	0.22703 0.00000 0.00000 0.00000 0.00000 0.00000 0.00000 0.00000 0.58281 0.00000 0.00000 0.00000 0.00000 0.00000 0.00000 0.00000 0.10065 0.00000 0.00000 0.00000 0.00000 0.00000 0.00000 0.00000 0.08950 0.00000 0.00000 0.00000 0.00000 0.00000 0.00000 0.00000 
115	2	0.30357 0.00000 0.00000 0.00000 0.00000 0.00000 0.00000 0.00000 0.51906 0.00000 0.00000 0.00000 0.00000 0.00000 0.00000 0.00000 0.11389 0.00000 0.00000 0.00000 0.00000 0.00000 0.00000 0.00000 0.06348 0.00000 0.00000 0.00000 0.00000 0.00000 0.00000 0.00000 
116	2	0.28682 0.00000 0.00000 0.00000 0.00000 0.00000 0.00000 0.00000 0.40986 0.00000 0.00000 0.00000 0.00000 0.00000 0.00000 0.00000 0.25024 0.00000 0.00000 0.00000 0.00000 0.00000 0.00000 0.00000 0.05308 0.00000 0.00000 0.00000 0.00000 0.00000 0.00000 0.00000 
117	2	0.21978 0.00000 0.00000 0.00000 0.00000 0.00000 0.00000 0.00000 0.43415 0.00000 0.00000 0.00000 0.00000 0.00000 0.00000 0.00000 0.15953 0.00000 0.00000 0.00000 0.00000 0.00000 0.00000 0.00000 0.18654 0.00000 0.00000 0.00000 0.00000 0.00000 0.00000 0.00000 
118	2	0.00982 0.00000 0.00000 0.00000 0.00000 0.00000 0.00000 0.00000 0.40221 0.00000 0.00000 0.00000 0.00000 0.00000 0.00000 0.00000 0.34985 0.00000 0.00000 0.00000 0.00000 0.00000 0.00000 0.00000 0.23811 0.00000 0.00000 0.00000 0.00000 0.00000 0.00000 0.00000 
119	2	0.20490 0.00000 0.00000 0.00000 0.00000 0.00000 0.00000 0.00000 0.13588 0.00000 0.00000 0.00000 0.00000 0.00000 0.00000 0.00000 0.55518 0.00000 0.00000 0.00000 0.00000 0.00000 0.00000 0.00000 0.10404 0.00000 0.00000 0.00000 0.00000 0.00000 0.00000 0.00000 
120	2	0.12908 0.00000 0.00000 0.00000 0.00000 0.00000 0.00000 0.00000 0.39617 0.00000 0.00000 0.00000 0.00000 0.00000 0.00000 0.00000 0.40862 0.00000 0.00000 0.00000 0.00000 0.00000 0.00000 0.00000 0.06612 0.00000 0.00000 0.00000 0.00000 0.00000 0.00000 0.00000 
121	2	0.09325 0.00000 0.00000 0.00000 0.00000 0.00000 0.00000 0.00000 0.27557 0.00000 0.00000 0.00000 0.00000 0.00000 0.00000 0.00000 0.57136 0.00000 0.00000 0.00000 0.00000 0.00000 0.00000 0.00000 0.05982 0.00000 0.00000 0.00000 0.00000 0.00000 0.00000 0.00000 
122	2	0.12897 0.00000 0.00000 0.00000 0.00000 0.00000 0.00000 0.00000 0.47551 0.00000 0.00000 0.00000 0.00000 0.00000 0.00000 0.00000 0.05854 0.00000 0.00000 0.00000 0.00000 0.00000 0.00000 0.00000 0.33699 0.00000 0.00000 0.00000 0.00000 0.00000 0.00000 0.00000 
123	2	0.02227 0.00000 0.00000 0.00000 0.00000 0.00000 0.00000 0.00000 0.27499 0.00000 0.00000 0.00000 0.00000 0.00000 0.00000 0.00000 0.67062 0.00000 0.00000 0.00000 0.00000 0.00000 0.00000 0.00000 0.03212 0.00000 0.00000 0.00000 0.00000 0.00000 0.00000 0.00000 
124	2	0.28510 0.00000 0.00000 0.00000 0.00000 0.00000 0.00000 0.00000 0.36696 0.00000 0.00000 0.00000 0.00000 0.00000 0.00000 0.00000 0.18655 0.00000 0.00000 0.00000 0.00000 0.00000 0.00000 0.00000 0.16139 0.00000 0.00000 0.00000 0.00000 0.00000 0.00000 0.00000 
125	2	0.33272 0.00000 0.00000 0.00000 0.00000 0.00000 0.00000 0.00000 0.44840 0.00000 0.00000 0.00000 0.00000 0.00000 0.00000 0.00000 0.06636 0.00000 0.00000 0.00000 0.00000 0.00000 0.00000 0.00000 0.15252 0.00000 0.00000 0.00000 0.00000 0.00000 0.00000 0.00000 
126	2	0.19286 0.00000 0.00000 0.00000 0.00000 0.00000 0.00000 0.00000 0.31115 0.00000 0.00000 0.00000 0.00000 0.00000 0.00000 0.00000 0.35959 0.00000 0.00000 0.00000 0.00000 0.00000 0.00000 0.00000 0.13640 0.00000 0.00000 0.00000 0.00000 0.00000 0.00000 0.00000 
127	2	0.20720 0.00000 0.00000 0.00000 0.00000 0.00000 0.00000 0.00000 0.59188 0.00000 0.00000 0.00000 0.00000 0.00000 0.00000 0.00000 0.11961 0.00000 0.00000 0.00000 0.00000 0.00000 0.00000 0.00000 0.08131 0.00000 0.00000 0.00000 0.00000 0.00000 0.00000 0.00000 
128	2	0.14231 0.00000 0.00000 0.00000 0.00000 0.00000 0.00000 0.00000 0.11984 0.00000 0.00000 0.00000 0.00000 0.00000 0.00000 0.00000 0.69603 0.00000 0.00000 0.00000 0.00000 0.00000 0.00000 0.00000 0.04182 0.00000 0.00000 0.00000 0.00000 0.00000 0.00000 0.00000 
129	2	0.20075 0.00000 0.00000 0.00000 0.00000 0.00000 0.00000 0.00000 0.11594 0.00000 0.00000 0.00000 0.00000 0.00000 0.00000 0.00000 0.62721 0.00000 0.00000 0.00000 0.00000 0.00000 0.00000 0.00000 0.05610 0.00000 0.00000 0.00000 0.00000 0.00000 0.00000 0.00000 
130	2	0.13750 0.00000 0.00000 0.00000 0.00000 0.00000 0.00000 0.00000 0.09182 0.00000 0.00000 0.00000 0.00000 0.00000 0.00000 0.00000 0.71232 0.00000 0.00000 0.00000 0.00000 0.00000 0.00000 0.00000 0.05836 0.00000 0.00000 0.00000 0.00000 0.00000 0.00000 0.00000 
131	2	0.09030 0.00000 0.00000 0.00000 0.00000 0.00000 0.00000 0.00000 0.32779 0.00000 0.00000 0.00000 0.00000 0.00000 0.00000 0.00000 0.34555 0.00000 0.00000 0.00000 0.00000 0.00000 0.00000 0.00000 0.23637 0.00000 0.00000 0.00000 0.00000 0.00000 0.00000 0.00000 
132	2	0.15322 0.00000 0.00000 0.00000 0.00000 0.00000 0.00000 0.00000 0.27677 0.00000 0.00000 0.00000 0.00000 0.00000 0.00000 0.00000 0.21041 0.00000 0.00000 0.00000 0.00000 0.00000 0.00000 0.00000 0.35960 0.00000 0.00000 0.00000 0.00000 0.00000 0.00000 0.00000 
133	2	0.22426 0.00000 0.00000 0.00000 0.00000 0.00000 0.00000 0.00000 0.50361 0.00000 0.00000 0.00000 0.00000 0.00000 0.00000 0.00000 0.15034 0.00000 0.00000 0.00000 0.00000 0.00000 0.00000 0.00000 0.12179 0.00000 0.00000 0.00000 0.00000 0.00000 0.00000 0.00000 
134	2	0.15973 0.00000 0.00000 0.00000 0.00000 0.00000 0.00000 0.00000 0.15273 0.00000 0.00000 0.00000 0.00000 0.00000 0.00000 0.00000 0.63561 0.00000 0.00000 0.00000 0.00000 0.00000 0.00000 0.00000 0.05193 0.00000 0.00000 0.00000 0.00000 0.00000 0.00000 0.00000 
135	2	0.00000 0.00000 0.00000 0.00000 0.00000 0.00000 0.00000 0.00000 0.23312 0.00000 0.00000 0.00000 0.00000 0.00000 0.00000 0.00000 0.49686 0.00000 0.00000 0.00000 0.00000 0.00000 0.00000 0.00000 0.27002 0.00000 0.00000 0.00000 0.00000 0.00000 0.00000 0.00000 
136	2	0.00000 0.00000 0.00000 0.00000 0.00000 0.00000 0.00000 0.00000 0.26784 0.00000 0.00000 0.00000 0.00000 0.00000 0.00000 0.00000 0.36814 0.00000 0.00000 0.00000 0.00000 0.00000 0.00000 0.00000 0.36402 0.00000 0.00000 0.00000 0.00000 0.00000 0.00000 0.00000 
137	2	0.21020 0.00000 0.00000 0.00000 0.00000 0.00000 0.00000 0.00000 0.19392 0.00000 0.00000 0.00000 0.00000 0.00000 0.00000 0.00000 0.54600 0.00000 0.00000 0.00000 0.00000 0.00000 0.00000 0.00000 0.04988 0.00000 0.00000 0.00000 0.00000 0.00000 0.00000 0.00000 
138	2	0.39795 0.00000 0.00000 0.00000 0.00000 0.00000 0.00000 0.00000 0.29273 0.00000 0.00000 0.00000 0.00000 0.00000 0.00000 0.00000 0.23784 0.00000 0.00000 0.00000 0.00000 0.00000 0.00000 0.00000 0.07147 0.00000 0.00000 0.00000 0.00000 0.00000 0.00000 0.00000 
139	2	0.37561 0.00000 0.00000 0.00000 0.00000 0.00000 0.00000 0.00000 0.39446 0.00000 0.00000 0.00000 0.00000 0.00000 0.00000 0.00000 0.12787 0.00000 0.00000 0.00000 0.00000 0.00000 0.00000 0.00000 0.10205 0.00000 0.00000 0.00000 0.00000 0.00000 0.00000 0.00000 
140	3	0.46117 0.00000 0.00000 0.00000 0.00000 0.00000 0.00000 0.00000 0.28343 0.00000 0.00000 0.00000 0.00000 0.00000 0.00000 0.00000 0.04100 0.00000 0.00000 0.00000 0.00000 0.00000 0.00000 0.00000 0.21439 0.00000 0.00000 0.00000 0.00000 0.00000 0.00000 0.00000 
141	3	0.18452 0.00000 0.00000 0.00000 0.00000 0.00000 0.00000 0.00000 0.36921 0.00000 0.00000 0.00000 0.00000 0.00000 0.00000 0.00000 0.11745 0.00000 0.00000 0.00000 0.00000 0.00000 0.00000 0.00000 0.32882 0.00000 0.00000 0.00000 0.00000 0.00000 0.00000 0.00000 
142	3	0.54985 0.00000 0.00000 0.00000 0.00000 0.00000 0.00000 0.00000 0.21763 0.00000 0.00000 0.00000 0.00000 0.00000 0.00000 0.00000 0.08087 0.00000 0.00000 0.00000 0.00000 0.00000 0.00000 0.00000 0.15165 0.00000 0.00000 0.00000 0.00000 0.00000 0.00000 0.00000 
143	3	0.37638 0.00000 0.00000 0.00000 0.00000 0.00000 0.00000 0.00000 0.31307 0.00000 0.00000 0.00000 0.00000 0.00000 0.00000 0.00000 0.12868 0.00000 0.00000 0.00000 0.00000 0.00000 0.00000 0.00000 0.18186 0.00000 0.00000 0.00000 0.00000 0.00000 0.00000 0.00000 
144	3	0.39679 0.00000 0.00000 0.00000 0.00000 0.00000 0.00000 0.00000 0.26772 0.00000 0.00000 0.00000 0.00000 0.00000 0.00000 0.00000 0.14936 0.00000 0.00000 0.00000 0.00000 0.00000 0.00000 0.00000 0.18613 0.00000 0.00000 0.00000 0.00000 0.00000 0.00000 0.00000 
145	3	0.13304 0.00000 0.00000 0.00000 0.00000 0.00000 0.00000 0.00000 0.41032 0.00000 0.00000 0.00000 0.00000 0.00000 0.00000 0.00000 0.26822 0.00000 0.00000 0.00000 0.00000 0.00000 0.00000 0.00000 0.18841 0.00000 0.00000 0.00000 0.00000 0.00000 0.00000 0.00000 
146	3	0.19231 0.00000 0.00000 0.00000 0.00000 0.00000 0.00000 0.00000 0.33688 0.00000 0.00000 0.00000 0.00000 0.00000 0.00000 0.00000 0.20270 0.00000 0.00000 0.00000 0.00000 0.00000 0.00000 0.00000 0.26811 0.00000 0.00000 0.00000 0.00000 0.00000 0.00000 0.00000 
147	3	0.35909 0.00000 0.00000 0.00000 0.00000 0.00000 0.00000 0.00000 0.32130 0.00000 0.00000 0.00000 0.00000 0.00000 0.00000 0.00000 0.08794 0.00000 0.00000 0.00000 0.00000 0.00000 0.00000 0.00000 0.23166 0.00000 0.00000 0.00000 0.00000 0.00000 0.00000 0.00000 
148	3	0.35003 0.00000 0.00000 0.00000 0.00000 0.00000 0.00000 0.00000 0.21368 0.00000 0.00000 0.00000 0.00000 0.00000 0.00000 0.00000 0.11707 0.00000 0.00000 0.00000 0.00000 0.00000 0.00000 0.00000 0.31922 0.00000 0.00000 0.00000 0.00000 0.00000 0.00000 0.00000 
149	3	0.27083 0.00000 0.00000 0.00000 0.00000 0.00000 0.00000 0.00000 0.18709 0.00000 0.00000 0.00000 0.00000 0.00000 0.00000 0.00000 0.02229 0.00000 0.00000 0.00000 0.00000 0.00000 0.00000 0.00000 0.51979 0.00000 0.00000 0.00000 0.00000 0.00000 0.00000 0.00000 
150	3	0.24596 0.00000 0.00000 0.00000 0.00000 0.00000 0.00000 0.00000 0.16518 0.00000 0.00000 0.00000 0.00000 0.00000 0.00000 0.00000 0.02772 0.00000 0.00000 0.00000 0.00000 0.00000 0.00000 0.00000 0.56115 0.00000 0.00000 0.00000 0.00000 0.00000 0.00000 0.00000 
151	3	0.23662 0.00000 0.00000 0.00000 0.00000 0.00000 0.00000 0.00000 0.15712 0.00000 0.00000 0.00000 0.00000 0.00000 0.00000 0.00000 0.03532 0.00000 0.00000 0.00000 0.00000 0.00000 0.00000 0.00000 0.57094 0.00000 0.00000 0.00000 0.00000 0.00000 0.00000 0.00000 
152	3	0.31782 0.00000 0.00000 0.00000 0.00000 0.00000 0.00000 0.00000 0.18947 0.00000 0.00000 0.00000 0.00000 0.00000 0.00000 0.00000 0.02482 0.00000 0.00000 0.00000 0.00000 0.00000 0.00000 0.00000 0.46789 0.00000 0.00000 0.00000 0.00000 0.00000 0.00000 0.00000 
153	3	0.38936 0.00000 0.00000 0.00000 0.00000 0.00000 0.00000 0.00000 0.27777 0.00000 0.00000 0.00000 0.00000 0.00000 0.00000 0.00000 0.10777 0.00000 0.00000 0.00000 0.00000 0.00000 0.00000 0.00000 0.22510 0.00000 0.00000 0.00000 0.00000 0.00000 0.00000 0.00000 
154	3	0.25148 0.00000 0.00000 0.00000 0.00000 0.00000 0.00000 0.00000 0.35411 0.00000 0.00000 0.00000 0.00000 0.00000 0.00000 0.00000 0.13146 0.00000 0.00000 0.00000 0.00000 0.00000 0.00000 0.00000 0.26295 0.00000 0.00000 0.00000 0.00000 0.00000 0.00000 0.00000 
155	3	0.34395 0.00000 0.00000 0.00000 0.00000 0.00000 0.00000 0.00000 0.31704 0.00000 0.00000 0.00000 0.00000 0.00000 0.00000 0.00000 0.00005 0.00000 0.00000 0.00000 0.00000 0.00000 0.00000 0.00000 0.33897 0.00000 0.00000 0.00000 0.00000 0.00000 0.00000 0.00000 
156	3	0.52359 0.00000 0.00000 0.00000 0.00000 0.00000 0.00000 0.00000 0.25147 0.00000 0.00000 0.00000 0.00000 0.00000 0.00000 0.00000 0.00007 0.00000 0.00000 0.00000 0.00000 0.00000 0.00000 0.00000 0.22487 0.00000 0.00000 0.00000 0.00000 0.00000 0.00000 0.00000 
157	3	0.47057 0.00000 0.00000 0.00000 0.00000 0.00000 0.00000 0.00000 0.32690 0.00000 0.00000 0.00000 0.00000 0.00000 0.00000 0.00000 0.00007 0.00000 0.00000 0.00000 0.00000 0.00000 0.00000 0.00000 0.20246 0.00000 0.00000 0.00000 0.00000 0.00000 0.00000 0.00000 
158	3	0.26980 0.00000 0.00000 0.00000 0.00000 0.00000 0.00000 0.00000 0.64056 0.00000 0.00000 0.00000 0.00000 0.00000 0.00000 0.00000 0.00009 0.00000 0.00000 0.00000 0.00000 0.00000 0.00000 0.00000 0.08955 0.00000 0.00000 0.00000 0.00000 0.00000 0.00000 0.00000 
159	3	0.47934 0.00000 0.00000 0.00000 0.00000 0.00000 0.00000 0.00000 0.43437 0.00000 0.00000 0.00000 0.00000 0.00000 0.00000 0.00000 0.00014 0.00000 0.00000 0.00000 0.00000 0.00000 0.00000 0.00000 0.08615 0.00000 0.00000 0.00000 0.00000 0.00000 0.00000 0.00000 
160	3	0.12287 0.00000 0.00000 0.00000 0.00000 0.00000 0.00000 0.00000 0.80185 0.00000 0.00000 0.00000 0.00000 0.00000 0.00000 0.00000 0.00001 0.00000 0.00000 0.00000 0.00000 0.00000 0.00000 0.00000 0.07527 0.00000 0.00000 0.00000 0.00000 0.00000 0.00000 0.00000 
161	3	0.80150 0.00000 0.00000 0.00000 0.00000 0.00000 0.00000 0.00000 0.18472 0.00000 0.00000 0.00000 0.00000 0.00000 0.00000 0.00000 0.00000 0.00000 0.00000 0.00000 0.00000 0.00000 0.00000 0.00000 0.01378 0.00000 0.00000 0.00000 0.00000 0.00000 0.00000 0.00000 
162	3	0.11066 0.00000 0.00000 0.00000 0.00000 0.00000 0.00000 0.00000 0.10363 0.00000 0.00000 0.00000 0.00000 0.00000 0.00000 0.00000 0.33070 0.00000 0.00000 0.00000 0.00000 0.00000 0.00000 0.00000 0.45500 0.00000 0.00000 0.00000 0.00000 0.00000 0.00000 0.00000 
163	3	0.58150 0.00000 0.00000 0.00000 0.00000 0.00000 0.00000 0.00000 0.33511 0.00000 0.00000 0.00000 0.00000 0.00000 0.00000 0.00000 0.00007 0.00000 0.00000 0.00000 0.00000 0.00000 0.00000 0.00000 0.08332 0.00000 0.00000 0.00000 0.00000 0.00000 0.00000 0.00000 
164	3	0.51975 0.00000 0.00000 0.00000 0.00000 0.00000 0.00000 0.00000 0.34248 0.00000 0.00000 0.00000 0.00000 0.00000 0.00000 0.00000 0.00006 0.00000 0.00000 0.00000 0.00000 0.00000 0.00000 0.00000 0.13770 0.00000 0.00000 0.00000 0.00000 0.00000 0.00000 0.00000 
165	3	0.33569 0.00000 0.00000 0.00000 0.00000 0.00000 0.00000 0.00000 0.29395 0.00000 0.00000 0.00000 0.00000 0.00000 0.00000 0.00000 0.13937 0.00000 0.00000 0.00000 0.00000 0.00000 0.00000 0.00000 0.23100 0.00000 0.00000 0.00000 0.00000 0.00000 0.00000 0.00000 
166	3	0.64818 0.00000 0.00000 0.00000 0.00000 0.00000 0.00000 0.00000 0.16047 0.00000 0.00000 0.00000 0.00000 0.00000 0.00000 0.00000 0.03538 0.00000 0.00000 0.00000 0.00000 0.00000 0.00000 0.00000 0.15596 0.00000 0.00000 0.00000 0.00000 0.00000 0.00000 0.00000 
167	3	0.64141 0.00000 0.00000 0.00000 0.00000 0.00000 0.00000 0.00000 0.16807 0.00000 0.00000 0.00000 0.00000 0.00000 0.00000 0.00000 0.03411 0.00000 0.00000 0.00000 0.00000 0.00000 0.00000 0.00000 0.15641 0.00000 0.00000 0.00000 0.00000 0.00000 0.00000 0.00000 
168	3	0.40372 0.00000 0.00000 0.00000 0.00000 0.00000 0.00000 0.00000 0.28973 0.00000 0.00000 0.00000 0.00000 0.00000 0.00000 0.00000 0.02980 0.00000 0.00000 0.00000 0.00000 0.00000 0.00000 0.00000 0.27675 0.00000 0.00000 0.00000 0.00000 0.00000 0.00000 0.00000 
169	3	0.40697 0.00000 0.00000 0.00000 0.00000 0.00000 0.00000 0.00000 0.35419 0.00000 0.00000 0.00000 0.00000 0.00000 0.00000 0.00000 0.03262 0.00000 0.00000 0.00000 0.00000 0.00000 0.00000 0.00000 0.20622 0.00000 0.00000 0.00000 0.00000 0.00000 0.00000 0.00000 
170	3	0.13292 0.00000 0.00000 0.00000 0.00000 0.00000 0.00000 0.00000 0.49991 0.00000 0.00000 0.00000 0.00000 0.00000 0.00000 0.00000 0.17307 0.00000 0.00000 0.00000 0.00000 0.00000 0.00000 0.00000 0.19409 0.00000 0.00000 0.00000 0.00000 0.00000 0.00000 0.00000 
171	3	0.15874 0.00000 0.00000 0.00000 0.00000 0.00000 0.00000 0.00000 0.25385 0.00000 0.00000 0.00000 0.00000 0.00000 0.00000 0.00000 0.11460 0.00000 0.00000 0.00000 0.00000 0.00000 0.00000 0.00000 0.47282 0.00000 0.00000 0.00000 0.00000 0.00000 0.00000 0.00000 
172	3	0.14313 0.00000 0.00000 0.00000 0.00000 0.00000 0.00000 0.00000 0.27925 0.00000 0.00000 0.00000 0.00000 0.00000 0.00000 0.00000 0.15327 0.00000 0.00000 0.00000 0.00000 0.00000 0.00000 0.00000 0.42435 0.00000 0.00000 0.00000 0.00000 0.00000 0.00000 0.00000 
173	3	0.17368 0.00000 0.00000 0.00000 0.00000 0.00000 0.00000 0.00000 0.52722 0.00000 0.00000 0.00000 0.00000 0.00000 0.00000 0.00000 0.12421 0.00000 0.00000 0.00000 0.00000 0.00000 0.00000 0.00000 0.17489 0.00000 0.00000 0.00000 0.00000 0.00000 0.00000 0.00000 
174	3	0.54272 0.00000 0.00000 0.00000 0.00000 0.00000 0.00000 0.00000 0.18840 0.00000 0.00000 0.00000 0.00000 0.00000 0.00000 0.00000 0.05653 0.00000 0.00000 0.00000 0.00000 0.00000 0.00000 0.00000 0.21234 0.00000 0.00000 0.00000 0.00000 0.00000 0.00000 0.00000 
175	3	0.35478 0.00000 0.00000 0.00000 0.00000 0.00000 0.00000 0.00000 0.28580 0.00000 0.00000 0.00000 0.00000 0.00000 0.00000 0.00000 0.11566 0.00000 0.00000 0.00000 0.00000 0.00000 0.00000 0.00000 0.24375 0.00000 0.00000 0.00000 0.00000 0.00000 0.00000 0.00000 
176	3	0.41664 0.00000 0.00000 0.00000 0.00000 0.00000 0.00000 0.00000 0.26400 0.00000 0.00000 0.00000 0.00000 0.00000 0.00000 0.00000 0.09602 0.00000 0.00000 0.00000 0.00000 0.00000 0.00000 0.00000 0.22334 0.00000 0.00000 0.00000 0.00000 0.00000 0.00000 0.00000 
177	3	0.49735 0.00000 0.00000 0.00000 0.00000 0.00000 0.00000 0.00000 0.20400 0.00000 0.00000 0.00000 0.00000 0.00000 0.00000 0.00000 0.07127 0.00000 0.00000 0.00000 0.00000 0.00000 0.00000 0.00000 0.22739 0.00000 0.00000 0.00000 0.00000 0.00000 0.00000 0.00000 
178	3	0.62680 0.00000 0.00000 0.00000 0.00000 0.00000 0.00000 0.00000 0.16717 0.00000 0.00000 0.00000 0.00000 0.00000 0.00000 0.00000 0.09412 0.00000 0.00000 0.00000 0.00000 0.00000 0.00000 0.00000 0.11191 0.00000 0.00000 0.00000 0.00000 0.00000 0.00000 0.00000 
179	3	0.57614 0.00000 0.00000 0.00000 0.00000 0.00000 0.00000 0.00000 0.14419 0.00000 0.00000 0.00000 0.00000 0.00000 0.00000 0.00000 0.12365 0.00000 0.00000 0.00000 0.00000 0.00000 0.00000 0.00000 0.15602 0.00000 0.00000 0.00000 0.00000 0.00000 0.00000 0.00000 
180	3	0.53077 0.00000 0.00000 0.00000 0.00000 0.00000 0.00000 0.00000 0.16535 0.00000 0.00000 0.00000 0.00000 0.00000 0.00000 0.00000 0.18171 0.00000 0.00000 0.00000 0.00000 0.00000 0.00000 0.00000 0.12217 0.00000 0.00000 0.00000 0.00000 0.00000 0.00000 0.00000 
181	3	0.55370 0.00000 0.00000 0.00000 0.00000 0.00000 0.00000 0.00000 0.19778 0.00000 0.00000 0.00000 0.00000 0.00000 0.00000 0.00000 0.19622 0.00000 0.00000 0.00000 0.00000 0.00000 0.00000 0.00000 0.05230 0.00000 0.00000 0.00000 0.00000 0.00000 0.00000 0.00000 
182	3	0.23669 0.00000 0.00000 0.00000 0.00000 0.00000 0.00000 0.00000 0.26384 0.00000 0.00000 0.00000 0.00000 0.00000 0.00000 0.00000 0.21216 0.00000 0.00000 0.00000 0.00000 0.00000 0.00000 0.00000 0.28731 0.00000 0.00000 0.00000 0.00000 0.00000 0.00000 0.00000 
183	3	0.58327 0.00000 0.00000 0.00000 0.00000 0.00000 0.00000 0.00000 0.15994 0.00000 0.00000 0.00000 0.00000 0.00000 0.00000 0.00000 0.17620 0.00000 0.00000 0.00000 0.00000 0.00000 0.00000 0.00000 0.08060 0.00000 0.00000 0.00000 0.00000 0.00000 0.00000 0.00000 
184	3	0.07128 0.00000 0.00000 0.00000 0.00000 0.00000 0.00000 0.00000 0.37236 0.00000 0.00000 0.00000 0.00000 0.00000 0.00000 0.00000 0.17280 0.00000 0.00000 0.00000 0.00000 0.00000 0.00000 0.00000 0.38356 0.00000 0.00000 0.00000 0.00000 0.00000 0.00000 0.00000 
185	3	0.07214 0.00000 0.00000 0.00000 0.00000 0.00000 0.00000 0.00000 0.35289 0.00000 0.00000 0.00000 0.00000 0.00000 0.00000 0.00000 0.18362 0.00000 0.00000 0.00000 0.00000 0.00000 0.00000 0.00000 0.39135 0.00000 0.00000 0.00000 0.00000 0.00000 0.00000 0.00000 
186	3	0.32562 0.00000 0.00000 0.00000 0.00000 0.00000 0.00000 0.00000 0.16962 0.00000 0.00000 0.00000 0.00000 0.00000 0.00000 0.00000 0.13769 0.00000 0.00000 0.00000 0.00000 0.00000 0.00000 0.00000 0.36708 0.00000 0.00000 0.00000 0.00000 0.00000 0.00000 0.00000 
187	3	0.25716 0.00000 0.00000 0.00000 0.00000 0.00000 0.00000 0.00000 0.21977 0.00000 0.00000 0.00000 0.00000 0.00000 0.00000 0.00000 0.15736 0.00000 0.00000 0.00000 0.00000 0.00000 0.00000 0.00000 0.36570 0.00000 0.00000 0.00000 0.00000 0.00000 0.00000 0.00000 
188	3	0.32313 0.00000 0.00000 0.00000 0.00000 0.00000 0.00000 0.00000 0.14635 0.00000 0.00000 0.00000 0.00000 0.00000 0.00000 0.00000 0.12801 0.00000 0.00000 0.00000 0.00000 0.00000 0.00000 0.00000 0.40250 0.00000 0.00000 0.00000 0.00000 0.00000 0.00000 0.00000 
189	3	0.03458 0.00000 0.00000 0.00000 0.00000 0.00000 0.00000 0.00000 0.31743 0.00000 0.00000 0.00000 0.00000 0.00000 0.00000 0.00000 0.26050 0.00000 0.00000 0.00000 0.00000 0.00000 0.00000 0.00000 0.38748 0.00000 0.00000 0.00000 0.00000 0.00000 0.00000 0.00000 
190	3	0.17597 0.00000 0.00000 0.00000 0.00000 0.00000 0.00000 0.00000 0.47682 0.00000 0.00000 0.00000 0.00000 0.00000 0.00000 0.00000 0.14194 0.00000 0.00000 0.00000 0.00000 0.00000 0.00000 0.00000 0.20527 0.00000 0.00000 0.00000 0.00000 0.00000 0.00000 0.00000 
191	3	0.15694 0.00000 0.00000 0.00000 0.00000 0.00000 0.00000 0.00000 0.35077 0.00000 0.00000 0.00000 0.00000 0.00000 0.00000 0.00000 0.14247 0.00000 0.00000 0.00000 0.00000 0.00000 0.00000 0.00000 0.34982 0.00000 0.00000 0.00000 0.00000 0.00000 0.00000 0.00000 
192	3	0.25750 0.00000 0.00000 0.00000 0.00000 0.00000 0.00000 0.00000 0.37518 0.00000 0.00000 0.00000 0.00000 0.00000 0.00000 0.00000 0.08363 0.00000 0.00000 0.00000 0.00000 0.00000 0.00000 0.00000 0.28368 0.00000 0.00000 0.00000 0.00000 0.00000 0.00000 0.00000 
193	3	0.22338 0.00000 0.00000 0.00000 0.00000 0.00000 0.00000 0.00000 0.29595 0.00000 0.00000 0.00000 0.00000 0.00000 0.00000 0.00000 0.21638 0.00000 0.00000 0.00000 0.00000 0.00000 0.00000 0.00000 0.26429 0.00000 0.00000 0.00000 0.00000 0.00000 0.00000 0.00000 
194	3	0.00237 0.00000 0.00000 0.00000 0.00000 0.00000 0.00000 0.00000 0.55680 0.00000 0.00000 0.00000 0.00000 0.00000 0.00000 0.00000 0.19370 0.00000 0.00000 0.00000 0.00000 0.00000 0.00000 0.00000 0.24713 0.00000 0.00000 0.00000 0.00000 0.00000 0.00000 0.00000 
195	3	0.09522 0.00000 0.00000 0.00000 0.00000 0.00000 0.00000 0.00000 0.53103 0.00000 0.00000 0.00000 0.00000 0.00000 0.00000 0.00000 0.09715 0.00000 0.00000 0.00000 0.00000 0.00000 0.00000 0.00000 0.27660 0.00000 0.00000 0.00000 0.00000 0.00000 0.00000 0.00000 
196	3	0.11353 0.00000 0.00000 0.00000 0.00000 0.00000 0.00000 0.00000 0.43205 0.00000 0.00000 0.00000 0.00000 0.00000 0.00000 0.00000 0.05583 0.00000 0.00000 0.00000 0.00000 0.00000 0.00000 0.00000 0.39858 0.00000 0.00000 0.00000 0.00000 0.00000 0.00000 0.00000 
197	3	0.31696 0.00000 0.00000 0.00000 0.00000 0.00000 0.00000 0.00000 0.39371 0.00000 0.00000 0.00000 0.00000 0.00000 0.00000 0.00000 0.05870 0.00000 0.00000 0.00000 0.00000 0.00000 0.00000 0.00000 0.23062 0.00000 0.00000 0.00000 0.00000 0.00000 0.00000 0.00000 
198	3	0.26101 0.00000 0.00000 0.00000 0.00000 0.00000 0.00000 0.00000 0.42670 0.00000 0.00000 0.00000 0.00000 0.00000 0.00000 0.00000 0.10314 0.00000 0.00000 0.00000 0.00000 0.00000 0.00000 0.00000 0.20915 0.00000 0.00000 0.00000 0.00000 0.00000 0.00000 0.00000 
199	3	0.61807 0.00000 0.00000 0.00000 0.00000 0.00000 0.00000 0.00000 0.10384 0.00000 0.00000 0.00000 0.00000 0.00000 0.00000 0.00000 0.02072 0.00000 0.00000 0.00000 0.00000 0.00000 0.00000 0.00000 0.25737 0.00000 0.00000 0.00000 0.00000 0.00000 0.00000 0.00000 
200	3	0.35251 0.00000 0.00000 0.00000 0.00000 0.00000 0.00000 0.00000 0.23260 0.00000 0.00000 0.00000 0.00000 0.00000 0.00000 0.00000 0.08966 0.00000 0.00000 0.00000 0.00000 0.00000 0.00000 0.00000 0.32523 0.00000 0.00000 0.00000 0.00000 0.00000 0.00000 0.00000 
201	3	0.32863 0.00000 0.00000 0.00000 0.00000 0.00000 0.00000 0.00000 0.39602 0.00000 0.00000 0.00000 0.00000 0.00000 0.00000 0.00000 0.17577 0.00000 0.00000 0.00000 0.00000 0.00000 0.00000 0.00000 0.09959 0.00000 0.00000 0.00000 0.00000 0.00000 0.00000 0.00000 
202	3	0.22647 0.00000 0.00000 0.00000 0.00000 0.00000 0.00000 0.00000 0.43064 0.00000 0.00000 0.00000 0.00000 0.00000 0.00000 0.00000 0.12760 0.00000 0.00000 0.00000 0.00000 0.00000 0.00000 0.00000 0.21529 0.00000 0.00000 0.00000 0.00000 0.00000 0.00000 0.00000 
203	3	0.29536 0.00000 0.00000 0.00000 0.00000 0.00000 0.00000 0.00000 0.35545 0.00000 0.00000 0.00000 0.00000 0.00000 0.00000 0.00000 0.15353 0.00000 0.00000 0.00000 0.00000 0.00000 0.00000 0.00000 0.19566 0.00000 0.00000 0.00000 0.00000 0.00000 0.00000 0.00000 
204	3	0.17916 0.00000 0.00000 0.00000 0.00000 0.00000 0.00000 0.00000 0.45266 0.00000 0.00000 0.00000 0.00000 0.00000 0.00000 0.00000 0.12545 0.00000 0.00000 0.00000 0.00000 0.00000 0.00000 0.00000 0.24273 0.00000 0.00000 0.00000 0.00000 0.00000 0.00000 0.00000 
205	3	0.75090 0.00000 0.00000 0.00000 0.00000 0.00000 0.00000 0.00000 0.10953 0.00000 0.00000 0.00000 0.00000 0.00000 0.00000 0.00000 0.04907 0.00000 0.00000 0.00000 0.00000 0.00000 0.00000 0.00000 0.09050 0.00000 0.00000 0.00000 0.00000 0.00000 0.00000 0.00000 
206	3	0.72376 0.00000 0.00000 0.00000 0.00000 0.00000 0.00000 0.00000 0.12934 0.00000 0.00000 0.00000 0.00000 0.00000 0.00000 0.00000 0.05421 0.00000 0.00000 0.00000 0.00000 0.00000 0.00000 0.00000 0.09269 0.00000 0.00000 0.00000 0.00000 0.00000 0.00000 0.00000 
207	3	0.54839 0.00000 0.00000 0.00000 0.00000 0.00000 0.00000 0.00000 0.22225 0.00000 0.00000 0.00000 0.00000 0.00000 0.00000 0.00000 0.14257 0.00000 0.00000 0.00000 0.00000 0.00000 0.00000 0.00000 0.08679 0.00000 0.00000 0.00000 0.00000 0.00000 0.00000 0.00000 
208	3	0.07344 0.00000 0.00000 0.00000 0.00000 0.00000 0.00000 0.00000 0.14187 0.00000 0.00000 0.00000 0.00000 0.00000 0.00000 0.00000 0.27051 0.00000 0.00000 0.00000 0.00000 0.00000 0.00000 0.00000 0.51418 0.00000 0.00000 0.00000 0.00000 0.00000 0.00000 0.00000 
209	3	0.10794 0.00000 0.00000 0.00000 0.00000 0.00000 0.00000 0.00000 0.28016 0.00000 0.00000 0.00000 0.00000 0.00000 0.00000 0.00000 0.24672 0.00000 0.00000 0.00000 0.00000 0.00000 0.00000 0.00000 0.36518 0.00000 0.00000 0.00000 0.00000 0.00000 0.00000 0.00000 
210	4	0.25715 0.00000 0.00000 0.00000 0.00000 0.00000 0.00000 0.00000 0.27645 0.00000 0.00000 0.00000 0.00000 0.00000 0.00000 0.00000 0.07659 0.00000 0.00000 0.00000 0.00000 0.00000 0.00000 0.00000 0.38980 0.00000 0.00000 0.00000 0.00000 0.00000 0.00000 0.00000 
211	4	0.11380 0.00000 0.00000 0.00000 0.00000 0.00000 0.00000 0.00000 0.41872 0.00000 0.00000 0.00000 0.00000 0.00000 0.00000 0.00000 0.06078 0.00000 0.00000 0.00000 0.00000 0.00000 0.00000 0.00000 0.40670 0.00000 0.00000 0.00000 0.00000 0.00000 0.00000 0.00000 
212	4	0.12561 0.00000 0.00000 0.00000 0.00000 0.00000 0.00000 0.00000 0.39587 0.00000 0.00000 0.00000 0.00000 0.00000 0.00000 0.00000 0.07300 0.00000 0.00000 0.00000 0.00000 0.00000 0.00000 0.00000 0.40553 0.00000 0.00000 0.00000 0.00000 0.00000 0.00000 0.00000 
213	4	0.12461 0.00000 0.00000 0.00000 0.00000 0.00000 0.00000 0.00000 0.43282 0.00000 0.00000 0.00000 0.00000 0.00000 0.00000 0.00000 0.20252 0.00000 0.00000 0.00000 0.00000 0.00000 0.00000 0.00000 0.24005 0.00000 0.00000 0.00000 0.00000 0.00000 0.00000 0.00000 
214	4	0.16707 0.00000 0.00000 0.00000 0.00000 0.00000 0.00000 0.00000 0.31635 0.00000 0.00000 0.00000 0.00000 0.00000 0.00000 0.00000 0.18839 0.00000 0.00000 0.00000 0.00000 0.00000 0.00000 0.00000 0.32819 0.00000 0.00000 0.00000 0.00000 0.00000 0.00000 0.00000 
215	4	0.18502 0.00000 0.00000 0.00000 0.00000 0.00000 0.00000 0.00000 0.26511 0.00000 0.00000 0.00000 0.00000 0.00000 0.00000 0.00000 0.25866 0.00000 0.00000 0.00000 0.00000 0.00000 0.00000 0.00000 0.29121 0.00000 0.00000 0.00000 0.00000 0.00000 0.00000 0.00000 
216	4	0.09971 0.00000 0.00000 0.00000 0.00000 0.00000 0.00000 0.00000 0.22067 0.00000 0.00000 0.00000 0.00000 0.00000 0.00000 0.00000 0.44695 0.00000 0.00000 0.00000 0.00000 0.00000 0.00000 0.00000 0.23267 0.00000 0.00000 0.00000 0.00000 0.00000 0.00000 0.00000 
217	4	0.02109 0.00000 0.00000 0.00000 0.00000 0.00000 0.00000 0.00000 0.09320 0.00000 0.00000 0.00000 0.00000 0.00000 0.00000 0.00000 0.56513 0.00000 0.00000 0.00000 0.00000 0.00000 0.00000 0.00000 0.32058 0.00000 0.00000 0.00000 0.00000 0.00000 0.00000 0.00000 
218	4	0.25786 0.00000 0.00000 0.00000 0.00000 0.00000 0.00000 0.00000 0.58613 0.00000 0.00000 0.00000 0.00000 0.00000 0.00000 0.00000 0.00038 0.00000 0.00000 0.00000 0.00000 0.00000 0.00000 0.00000 0.15562 0.00000 0.00000 0.00000 0.00000 0.00000 0.00000 0.00000 
219	4	0.13010 0.00000 0.00000 0.00000 0.00000 0.00000 0.00000 0.00000 0.62136 0.00000 0.00000 0.00000 0.00000 0.00000 0.00000 0.00000 0.01177 0.00000 0.00000 0.00000 0.00000 0.00000 0.00000 0.00000 0.23676 0.00000 0.00000 0.00000 0.00000 0.00000 0.00000 0.00000 
220	4	0.07915 0.00000 0.00000 0.00000 0.00000 0.00000 0.00000 0.00000 0.21517 0.00000 0.00000 0.00000 0.00000 0.00000 0.00000 0.00000 0.24008 0.00000 0.00000 0.00000 0.00000 0.00000 0.00000 0.00000 0.46560 0.00000 0.00000 0.00000 0.00000 0.00000 0.00000 0.00000 
221	4	0.13370 0.00000 0.00000 0.00000 0.00000 0.00000 0.00000 0.00000 0.38693 0.00000 0.00000 0.00000 0.00000 0.00000 0.00000 0.00000 0.01674 0.00000 0.00000 0.00000 0.00000 0.00000 0.00000 0.00000 0.46264 0.00000 0.00000 0.00000 0.00000 0.00000 0.00000 0.00000 
222	4	0.19464 0.00000 0.00000 0.00000 0.00000 0.00000 0.00000 0.00000 0.41339 0.00000 0.00000 0.00000 0.00000 0.00000 0.00000 0.00000 0.04912 0.00000 0.00000 0.00000 0.00000 0.00000 0.00000 0.00000 0.34285 0.00000 0.00000 0.00000 0.00000 0.00000 0.00000 0.00000 
223	4	0.11549 0.00000 0.00000 0.00000 0.00000 0.00000 0.00000 0.00000 0.23592 0.00000 0.00000 0.00000 0.00000 0.00000 0.00000 0.00000 0.04422 0.00000 0.00000 0.00000 0.00000 0.00000 0.00000 0.00000 0.60437 0.00000 0.00000 0.00000 0.00000 0.00000 0.00000 0.00000 
224	4	0.09382 0.00000 0.00000 0.00000 0.00000 0.00000 0.00000 0.00000 0.38952 0.00000 0.00000 0.00000 0.00000 0.00000 0.00000 0.00000 0.15337 0.00000 0.00000 0.00000 0.00000 0.00000 0.00000 0.00000 0.36329 0.00000 0.00000 0.00000 0.00000 0.00000 0.00000 0.00000 
225	4	0.13622 0.00000 0.00000 0.00000 0.00000 0.00000 0.00000 0.00000 0.58597 0.00000 0.00000 0.00000 0.00000 0.00000 0.00000 0.00000 0.00855 0.00000 0.00000 0.00000 0.00000 0.00000 0.00000 0.00000 0.26925 0.00000 0.00000 0.00000 0.00000 0.00000 0.00000 0.00000 
226	4	0.14457 0.00000 0.00000 0.00000 0.00000 0.00000 0.00000 0.00000 0.29079 0.00000 0.00000 0.00000 0.00000 0.00000 0.00000 0.00000 0.26852 0.00000 0.00000 0.00000 0.00000 0.00000 0.00000 0.00000 0.29612 0.00000 0.00000 0.00000 0.00000 0.00000 0.00000 0.00000 
227	4	0.19244 0.00000 0.00000 0.00000 0.00000 0.00000 0.00000 0.00000 0.22940 0.00000 0.00000 0.00000 0.00000 0.00000 0.00000 0.00000 0.03000 0.00000 0.00000 0.00000 0.00000 0.00000 0.00000 0.00000 0.54816 0.00000 0.00000 0.00000 0.00000 0.00000 0.00000 0.00000 
228	4	0.27138 0.00000 0.00000 0.00000 0.00000 0.00000 0.00000 0.00000 0.25978 0.00000 0.00000 0.00000 0.00000 0.00000 0.00000 0.00000 0.15777 0.00000 0.00000 0.00000 0.00000 0.00000 0.00000 0.00000 0.31107 0.00000 0.00000 0.00000 0.00000 0.00000 0.00000 0.00000 
229	4	0.23242 0.00000 0.00000 0.00000 0.00000 0.00000 0.00000 0.00000 0.38017 0.00000 0.00000 0.00000 0.00000 0.00000 0.00000 0.00000 0.06791 0.00000 0.00000 0.00000 0.00000 0.00000 0.00000 0.00000 0.31950 0.00000 0.00000 0.00000 0.00000 0.00000 0.00000 0.00000 
230	4	0.19324 0.00000 0.00000 0.00000 0.00000 0.00000 0.00000 0.00000 0.45247 0.00000 0.00000 0.00000 0.00000 0.00000 0.00000 0.00000 0.07815 0.00000 0.00000 0.00000 0.00000 0.00000 0.00000 0.00000 0.27615 0.00000 0.00000 0.00000 0.00000 0.00000 0.00000 0.00000 
231	4	0.13230 0.00000 0.00000 0.00000 0.00000 0.00000 0.00000 0.00000 0.26051 0.00000 0.00000 0.00000 0.00000 0.00000 0.00000 0.00000 0.22156 0.00000 0.00000 0.00000 0.00000 0.00000 0.00000 0.00000 0.38563 0.00000 0.00000 0.00000 0.00000 0.00000 0.00000 0.00000 
232	4	0.11282 0.00000 0.00000 0.00000 0.00000 0.00000 0.00000 0.00000 0.41647 0.00000 0.00000 0.00000 0.00000 0.00000 0.00000 0.00000 0.14233 0.00000 0.00000 0.00000 0.00000 0.00000 0.00000 0.00000 0.32838 0.00000 0.00000 0.00000 0.00000 0.00000 0.00000 0.00000 
233	4	0.17875 0.00000 0.00000 0.00000 0.00000 0.00000 0.00000 0.00000 0.37477 0.00000 0.00000 0.00000 0.00000 0.00000 0.00000 0.00000 0.03579 0.00000 0.00000 0.00000 0.00000 0.00000 0.00000 0.00000 0.41068 0.00000 0.00000 0.00000 0.00000 0.00000 0.00000 0.00000 
234	4	0.29015 0.00000 0.00000 0.00000 0.00000 0.00000 0.00000 0.00000 0.27942 0.00000 0.00000 0.00000 0.00000 0.00000 0.00000 0.00000 0.20436 0.00000 0.00000 0.00000 0.00000 0.00000 0.00000 0.00000 0.22607 0.00000 0.00000 0.00000 0.00000 0.00000 0.00000 0.00000 
235	4	0.27500 0.00000 0.00000 0.00000 0.00000 0.00000 0.00000 0.00000 0.34797 0.00000 0.00000 0.00000 0.00000 0.00000 0.00000 0.00000 0.12237 0.00000 0.00000 0.00000 0.00000 0.00000 0.00000 0.00000 0.25466 0.00000 0.00000 0.00000 0.00000 0.00000 0.00000 0.00000 
236	4	0.13915 0.00000 0.00000 0.00000 0.00000 0.00000 0.00000 0.00000 0.39831 0.00000 0.00000 0.00000 0.00000 0.00000 0.00000 0.00000 0.25035 0.00000 0.00000 0.00000 0.00000 0.00000 0.00000 0.00000 0.21219 0.00000 0.00000 0.00000 0.00000 0.00000 0.00000 0.00000 
237	4	0.11049 0.00000 0.00000 0.00000 0.00000 0.00000 0.00000 0.00000 0.44359 0.00000 0.00000 0.00000 0.00000 0.00000 0.00000 0.00000 0.11075 0.00000 0.00000 0.00000 0.00000 0.00000 0.00000 0.00000 0.33518 0.00000 0.00000 0.00000 0.00000 0.00000 0.00000 0.00000 
238	4	0.54735 0.00000 0.00000 0.00000 0.00000 0.00000 0.00000 0.00000 0.22080 0.00000 0.00000 0.00000 0.00000 0.00000 0.00000 0.00000 0.03095 0.00000 0.00000 0.00000 0.00000 0.00000 0.00000 0.00000 0.20090 0.00000 0.00000 0.00000 0.00000 0.00000 0.00000 0.00000 
239	4	0.35212 0.00000 0.00000 0.00000 0.00000 0.00000 0.00000 0.00000 0.36207 0.00000 0.00000 0.00000 0.00000 0.00000 0.00000 0.00000 0.26510 0.00000 0.00000 0.00000 0.00000 0.00000 0.00000 0.00000 0.02071 0.00000 0.00000 0.00000 0.00000 0.00000 0.00000 0.00000 
240	4	0.19790 0.00000 0.00000 0.00000 0.00000 0.00000 0.00000 0.00000 0.76787 0.00000 0.00000 0.00000 0.00000 0.00000 0.00000 0.00000 0.01838 0.00000 0.00000 0.00000 0.00000 0.00000 0.00000 0.00000 0.01585 0.00000 0.00000 0.00000 0.00000 0.00000 0.00000 0.00000 
241	4	0.17329 0.00000 0.00000 0.00000 0.00000 0.00000 0.00000 0.00000 0.52425 0.00000 0.00000 0.00000 0.00000 0.00000 0.00000 0.00000 0.10503 0.00000 0.00000 0.00000 0.00000 0.00000 0.00000 0.00000 0.19742 0.00000 0.00000 0.00000 0.00000 0.00000 0.00000 0.00000 
242	4	0.12228 0.00000 0.00000 0.00000 0.00000 0.00000 0.00000 0.00000 0.54822 0.00000 0.00000 0.00000 0.00000 0.00000 0.00000 0.00000 0.10627 0.00000 0.00000 0.00000 0.00000 0.00000 0.00000 0.00000 0.22323 0.00000 0.00000 0.00000 0.00000 0.00000 0.00000 0.00000 
243	4	0.21700 0.00000 0.00000 0.00000 0.00000 0.00000 0.00000 0.00000 0.33708 0.00000 0.00000 0.00000 0.00000 0.00000 0.00000 0.00000 0.12085 0.00000 0.00000 0.00000 0.00000 0.00000 0.00000 0.00000 0.32506 0.00000 0.00000 0.00000 0.00000 0.00000 0.00000 0.00000 
244	4	0.20782 0.00000 0.00000 0.00000 0.00000 0.00000 0.00000 0.00000 0.43850 0.00000 0.00000 0.00000 0.00000 0.00000 0.00000 0.00000 0.13635 0.00000 0.00000 0.00000 0.00000 0.00000 0.00000 0.00000 0.21733 0.00000 0.00000 0.00000 0.00000 0.00000 0.00000 0.00000 
245	4	0.25474 0.00000 0.00000 0.00000 0.00000 0.00000 0.00000 0.00000 0.43737 0.00000 0.00000 0.00000 0.00000 0.00000 0.00000 0.00000 0.08511 0.00000 0.00000 0.00000 0.00000 0.00000 0.00000 0.00000 0.22279 0.00000 0.00000 0.00000 0.00000 0.00000 0.00000 0.00000 
246	4	0.31865 0.00000 0.00000 0.00000 0.00000 0.00000 0.00000 0.00000 0.42890 0.00000 0.00000 0.00000 0.00000 0.00000 0.00000 0.00000 0.07717 0.00000 0.00000 0.00000 0.00000 0.00000 0.00000 0.00000 0.17529 0.00000 0.00000 0.00000 0.00000 0.00000 0.00000 0.00000 
247	4	0.19071 0.00000 0.00000 0.00000 0.00000 0.00000 0.00000 0.00000 0.64703 0.00000 0.00000 0.00000 0.00000 0.00000 0.00000 0.00000 0.04068 0.00000 0.00000 0.00000 0.00000 0.00000 0.00000 0.00000 0.12158 0.00000 0.00000 0.00000 0.00000 0.00000 0.00000 0.00000 
248	4	0.13005 0.00000 0.00000 0.00000 0.00000 0.00000 0.00000 0.00000 0.43288 0.00000 0.00000 0.00000 0.00000 0.00000 0.00000 0.00000 0.04767 0.00000 0.00000 0.00000 0.00000 0.00000 0.00000 0.00000 0.38940 0.00000 0.00000 0.00000 0.00000 0.00000 0.00000 0.00000 
249	4	0.00070 0.00000 0.00000 0.00000 0.00000 0.00000 0.00000 0.00000 0.59372 0.00000 0.00000 0.00000 0.00000 0.00000 0.00000 0.00000 0.25931 0.00000 0.00000 0.00000 0.00000 0.00000 0.00000 0.00000 0.14627 0.00000 0.00000 0.00000 0.00000 0.00000 0.00000 0.00000 
250	4	0.33845 0.00000 0.00000 0.00000 0.00000 0.00000 0.00000 0.00000 0.10392 0.00000 0.00000 0.00000 0.00000 0.00000 0.00000 0.00000 0.40367 0.00000 0.00000 0.00000 0.00000 0.00000 0.00000 0.00000 0.15395 0.00000 0.00000 0.00000 0.00000 0.00000 0.00000 0.00000 
251	4	0.25602 0.00000 0.00000 0.00000 0.00000 0.00000 0.00000 0.00000 0.40001 0.00000 0.00000 0.00000 0.00000 0.00000 0.00000 0.00000 0.05627 0.00000 0.00000 0.00000 0.00000 0.00000 0.00000 0.00000 0.28770 0.00000 0.00000 0.00000 0.00000 0.00000 0.00000 0.00000 
252	4	0.15042 0.00000 0.00000 0.00000 0.00000 0.00000 0.00000 0.00000 0.40357 0.00000 0.00000 0.00000 0.00000 0.00000 0.00000 0.00000 0.02254 0.00000 0.00000 0.00000 0.00000 0.00000 0.00000 0.00000 0.42347 0.00000 0.00000 0.00000 0.00000 0.00000 0.00000 0.00000 
253	4	0.00100 0.00000 0.00000 0.00000 0.00000 0.00000 0.00000 0.00000 0.50248 0.00000 0.00000 0.00000 0.00000 0.00000 0.00000 0.00000 0.03882 0.00000 0.00000 0.00000 0.00000 0.00000 0.00000 0.00000 0.45769 0.00000 0.00000 0.00000 0.00000 0.00000 0.00000 0.00000 
254	4	0.05722 0.00000 0.00000 0.00000 0.00000 0.00000 0.00000 0.00000 0.54921 0.00000 0.00000 0.00000 0.00000 0.00000 0.00000 0.00000 0.02080 0.00000 0.00000 0.00000 0.00000 0.00000 0.00000 0.00000 0.37277 0.00000 0.00000 0.00000 0.00000 0.00000 0.00000 0.00000 
255	4	0.15495 0.00000 0.00000 0.00000 0.00000 0.00000 0.00000 0.00000 0.46466 0.00000 0.00000 0.00000 0.00000 0.00000 0.00000 0.00000 0.01614 0.00000 0.00000 0.00000 0.00000 0.00000 0.00000 0.00000 0.36425 0.00000 0.00000 0.00000 0.00000 0.00000 0.00000 0.00000 
256	4	0.00059 0.00000 0.00000 0.00000 0.00000 0.00000 0.00000 0.00000 0.52956 0.00000 0.00000 0.00000 0.00000 0.00000 0.00000 0.00000 0.03534 0.00000 0.00000 0.00000 0.00000 0.00000 0.00000 0.00000 0.43451 0.00000 0.00000 0.00000 0.00000 0.00000 0.00000 0.00000 
257	4	0.11376 0.00000 0.00000 0.00000 0.00000 0.00000 0.00000 0.00000 0.30750 0.00000 0.00000 0.00000 0.00000 0.00000 0.00000 0.00000 0.15525 0.00000 0.00000 0.00000 0.00000 0.00000 0.00000 0.00000 0.42349 0.00000 0.00000 0.00000 0.00000 0.00000 0.00000 0.00000 
258	4	0.22373 0.00000 0.00000 0.00000 0.00000 0.00000 0.00000 0.00000 0.56613 0.00000 0.00000 0.00000 0.00000 0.00000 0.00000 0.00000 0.01876 0.00000 0.00000 0.00000 0.00000 0.00000 0.00000 0.00000 0.19138 0.00000 0.00000 0.00000 0.00000 0.00000 0.00000 0.00000 
259	4	0.14564 0.00000 0.00000 0.00000 0.00000 0.00000 0.00000 0.00000 0.39680 0.00000 0.00000 0.00000 0.00000 0.00000 0.00000 0.00000 0.10295 0.00000 0.00000 0.00000 0.00000 0.00000 0.00000 0.00000 0.35461 0.00000 0.00000 0.00000 0.00000 0.00000 0.00000 0.00000 
260	4	0.13188 0.00000 0.00000 0.00000 0.00000 0.00000 0.00000 0.00000 0.40995 0.00000 0.00000 0.00000 0.00000 0.00000 0.00000 0.00000 0.05962 0.00000 0.00000 0.00000 0.00000 0.00000 0.00000 0.00000 0.39855 0.00000 0.00000 0.00000 0.00000 0.00000 0.00000 0.00000 
261	4	0.29285 0.00000 0.00000 0.00000 0.00000 0.00000 0.00000 0.00000 0.21977 0.00000 0.00000 0.00000 0.00000 0.00000 0.00000 0.00000 0.33885 0.00000 0.00000 0.00000 0.00000 0.00000 0.00000 0.00000 0.14853 0.00000 0.00000 0.00000 0.00000 0.00000 0.00000 0.00000 
262	4	0.12590 0.00000 0.00000 0.00000 0.00000 0.00000 0.00000 0.00000 0.28102 0.00000 0.00000 0.00000 0.00000 0.00000 0.00000 0.00000 0.43085 0.00000 0.00000 0.00000 0.00000 0.00000 0.00000 0.00000 0.16223 0.00000 0.00000 0.00000 0.00000 0.00000 0.00000 0.00000 
263	4	0.13662 0.00000 0.00000 0.00000 0.00000 0.00000 0.00000 0.00000 0.33585 0.00000 0.00000 0.00000 0.00000 0.00000 0.00000 0.00000 0.41471 0.00000 0.00000 0.00000 0.00000 0.00000 0.00000 0.00000 0.11282 0.00000 0.00000 0.00000 0.00000 0.00000 0.00000 0.00000 
264	4	0.03439 0.00000 0.00000 0.00000 0.00000 0.00000 0.00000 0.00000 0.55106 0.00000 0.00000 0.00000 0.00000 0.00000 0.00000 0.00000 0.02678 0.00000 0.00000 0.00000 0.00000 0.00000 0.00000 0.00000 0.38777 0.00000 0.00000 0.00000 0.00000 0.00000 0.00000 0.00000 
265	4	0.00082 0.00000 0.00000 0.00000 0.00000 0.00000 0.00000 0.00000 0.57272 0.00000 0.00000 0.00000 0.00000 0.00000 0.00000 0.00000 0.02910 0.00000 0.00000 0.00000 0.00000 0.00000 0.00000 0.00000 0.39736 0.00000 0.00000 0.00000 0.00000 0.00000 0.00000 0.00000 
266	4	0.00099 0.00000 0.00000 0.00000 0.00000 0.00000 0.00000 0.00000 0.53103 0.00000 0.00000 0.00000 0.00000 0.00000 0.00000 0.00000 0.02305 0.00000 0.00000 0.00000 0.00000 0.00000 0.00000 0.00000 0.44494 0.00000 0.00000 0.00000 0.00000 0.00000 0.00000 0.00000 
267	4	0.00067 0.00000 0.00000 0.00000 0.00000 0.00000 0.00000 0.00000 0.50198 0.00000 0.00000 0.00000 0.00000 0.00000 0.00000 0.00000 0.03704 0.00000 0.00000 0.00000 0.00000 0.00000 0.00000 0.00000 0.46030 0.00000 0.00000 0.00000 0.00000 0.00000 0.00000 0.00000 
268	4	0.25023 0.00000 0.00000 0.00000 0.00000 0.00000 0.00000 0.00000 0.29840 0.00000 0.00000 0.00000 0.00000 0.00000 0.00000 0.00000 0.18743 0.00000 0.00000 0.00000 0.00000 0.00000 0.00000 0.00000 0.26394 0.00000 0.00000 0.00000 0.00000 0.00000 0.00000 0.00000 
269	4	0.30085 0.00000 0.00000 0.00000 0.00000 0.00000 0.00000 0.00000 0.32340 0.00000 0.00000 0.00000 0.00000 0.00000 0.00000 0.00000 0.15907 0.00000 0.00000 0.00000 0.00000 0.00000 0.00000 0.00000 0.21668 0.00000 0.00000 0.00000 0.00000 0.00000 0.00000 0.00000 
270	4	0.19872 0.00000 0.00000 0.00000 0.00000 0.00000 0.00000 0.00000 0.42139 0.00000 0.00000 0.00000 0.00000 0.00000 0.00000 0.00000 0.08748 0.00000 0.00000 0.00000 0.00000 0.00000 0.00000 0.00000 0.29241 0.00000 0.00000 0.00000 0.00000 0.00000 0.00000 0.00000 
271	4	0.20005 0.00000 0.00000 0.00000 0.00000 0.00000 0.00000 0.00000 0.43530 0.00000 0.00000 0.00000 0.00000 0.00000 0.00000 0.00000 0.08600 0.00000 0.00000 0.00000 0.00000 0.00000 0.00000 0.00000 0.27864 0.00000 0.00000 0.00000 0.00000 0.00000 0.00000 0.00000 
272	4	0.21416 0.00000 0.00000 0.00000 0.00000 0.00000 0.00000 0.00000 0.52202 0.00000 0.00000 0.00000 0.00000 0.00000 0.00000 0.00000 0.08907 0.00000 0.00000 0.00000 0.00000 0.00000 0.00000 0.00000 0.17475 0.00000 0.00000 0.00000 0.00000 0.00000 0.00000 0.00000 
273	4	0.18760 0.00000 0.00000 0.00000 0.00000 0.00000 0.00000 0.00000 0.49197 0.00000 0.00000 0.00000 0.00000 0.00000 0.00000 0.00000 0.08228 0.00000 0.00000 0.00000 0.00000 0.00000 0.00000 0.00000 0.23815 0.00000 0.00000 0.00000 0.00000 0.00000 0.00000 0.00000 
274	4	0.37191 0.00000 0.00000 0.00000 0.00000 0.00000 0.00000 0.00000 0.29684 0.00000 0.00000 0.00000 0.00000 0.00000 0.00000 0.00000 0.16572 0.00000 0.00000 0.00000 0.00000 0.00000 0.00000 0.00000 0.16552 0.00000 0.00000 0.00000 0.00000 0.00000 0.00000 0.00000 
275	4	0.20708 0.00000 0.00000 0.00000 0.00000 0.00000 0.00000 0.00000 0.28567 0.00000 0.00000 0.00000 0.00000 0.00000 0.00000 0.00000 0.24018 0.00000 0.00000 0.00000 0.00000 0.00000 0.00000 0.00000 0.26706 0.00000 0.00000 0.00000 0.00000 0.00000 0.00000 0.00000 
276	4	0.08171 0.00000 0.00000 0.00000 0.00000 0.00000 0.00000 0.00000 0.14683 0.00000 0.00000 0.00000 0.00000 0.00000 0.00000 0.00000 0.14909 0.00000 0.00000 0.00000 0.00000 0.00000 0.00000 0.00000 0.62236 0.00000 0.00000 0.00000 0.00000 0.00000 0.00000 0.00000 
277	4	0.15515 0.00000 0.00000 0.00000 0.00000 0.00000 0.00000 0.00000 0.56291 0.00000 0.00000 0.00000 0.00000 0.00000 0.00000 0.00000 0.00107 0.00000 0.00000 0.00000 0.00000 0.00000 0.00000 0.00000 0.28087 0.00000 0.00000 0.00000 0.00000 0.00000 0.00000 0.00000 
278	4	0.21641 0.00000 0.00000 0.00000 0.00000 0.00000 0.00000 0.00000 0.51416 0.00000 0.00000 0.00000 0.00000 0.00000 0.00000 0.00000 0.00003 0.00000 0.00000 0.00000 0.00000 0.00000 0.00000 0.00000 0.26940 0.00000 0.00000 0.00000 0.00000 0.00000 0.00000 0.00000 
279	4	0.40387 0.00000 0.00000 0.00000 0.00000 0.00000 0.00000 0.00000 0.49321 0.00000 0.00000 0.00000 0.00000 0.00000 0.00000 0.00000 0.00000 0.00000 0.00000 0.00000 0.00000 0.00000 0.00000 0.00000 0.10292 0.00000 0.00000 0.00000 0.00000 0.00000 0.00000 0.00000 
280	5	0.13159 0.00000 0.00000 0.00000 0.00000 0.00000 0.00000 0.00000 0.20654 0.00000 0.00000 0.00000 0.00000 0.00000 0.00000 0.00000 0.10841 0.00000 0.00000 0.00000 0.00000 0.00000 0.00000 0.00000 0.55346 0.00000 0.00000 0.00000 0.00000 0.00000 0.00000 0.00000 
281	5	0.37802 0.00000 0.00000 0.00000 0.00000 0.00000 0.00000 0.00000 0.31108 0.00000 0.00000 0.00000 0.00000 0.00000 0.00000 0.00000 0.15798 0.00000 0.00000 0.00000 0.00000 0.00000 0.00000 0.00000 0.15292 0.00000 0.00000 0.00000 0.00000 0.00000 0.00000 0.00000 
282	5	0.16852 0.00000 0.00000 0.00000 0.00000 0.00000 0.00000 0.00000 0.37654 0.00000 0.00000 0.00000 0.00000 0.00000 0.00000 0.00000 0.11141 0.00000 0.00000 0.00000 0.00000 0.00000 0.00000 0.00000 0.34353 0.00000 0.00000 0.00000 0.00000 0.00000 0.00000 0.00000 
283	5	0.02110 0.00000 0.00000 0.00000 0.00000 0.00000 0.00000 0.00000 0.15323 0.00000 0.00000 0.00000 0.00000 0.00000 0.00000 0.00000 0.25121 0.00000 0.00000 0.00000 0.00000 0.00000 0.00000 0.00000 0.57447 0.00000 0.00000 0.00000 0.00000 0.00000 0.00000 0.00000 
284	5	0.06446 0.00000 0.00000 0.00000 0.00000 0.00000 0.00000 0.00000 0.21065 0.00000 0.00000 0.00000 0.00000 0.00000 0.00000 0.00000 0.26810 0.00000 0.00000 0.00000 0.00000 0.00000 0.00000 0.00000 0.45679 0.00000 0.00000 0.00000 0.00000 0.00000 0.00000 0.00000 
285	5	0.08569 0.00000 0.00000 0.00000 0.00000 0.00000 0.00000 0.00000 0.13617 0.00000 0.00000 0.00000 0.00000 0.00000 0.00000 0.00000 0.39288 0.00000 0.00000 0.00000 0.00000 0.00000 0.00000 0.00000 0.38526 0.00000 0.00000 0.00000 0.00000 0.00000 0.00000 0.00000 
286	5	0.43204 0.00000 0.00000 0.00000 0.00000 0.00000 0.00000 0.00000 0.14829 0.00000 0.00000 0.00000 0.00000 0.00000 0.00000 0.00000 0.05532 0.00000 0.00000 0.00000 0.00000 0.00000 0.00000 0.00000 0.36435 0.00000 0.00000 0.00000 0.00000 0.00000 0.00000 0.00000 
287	5	0.17550 0.00000 0.00000 0.00000 0.00000 0.00000 0.00000 0.00000 0.41451 0.00000 0.00000 0.00000 0.00000 0.00000 0.00000 0.00000 0.25394 0.00000 0.00000 0.00000 0.00000 0.00000 0.00000 0.00000 0.15605 0.00000 0.00000 0.00000 0.00000 0.00000 0.00000 0.00000 
288	5	0.10970 0.00000 0.00000 0.00000 0.00000 0.00000 0.00000 0.00000 0.36356 0.00000 0.00000 0.00000 0.00000 0.00000 0.00000 0.00000 0.06556 0.00000 0.00000 0.00000 0.00000 0.00000 0.00000 0.00000 0.46118 0.00000 0.00000 0.00000 0.00000 0.00000 0.00000 0.00000 
289	5	0.03076 0.00000 0.00000 0.00000 0.00000 0.00000 0.00000 0.00000 0.10155 0.00000 0.00000 0.00000 0.00000 0.00000 0.00000 0.00000 0.34147 0.00000 0.00000 0.00000 0.00000 0.00000 0.00000 0.00000 0.52621 0.00000 0.00000 0.00000 0.00000 0.00000 0.00000 0.00000 
290	5	0.03231 0.00000 0.00000 0.00000 0.00000 0.00000 0.00000 0.00000 0.14106 0.00000 0.00000 0.00000 0.00000 0.00000 0.00000 0.00000 0.38005 0.00000 0.00000 0.00000 0.00000 0.00000 0.00000 0.00000 0.44658 0.00000 0.00000 0.00000 0.00000 0.00000 0.00000 0.00000 
291	5	0.00265 0.00000 0.00000 0.00000 0.00000 0.00000 0.00000 0.00000 0.37647 0.00000 0.00000 0.00000 0.00000 0.00000 0.00000 0.00000 0.43755 0.00000 0.00000 0.00000 0.00000 0.00000 0.00000 0.00000 0.18333 0.00000 0.00000 0.00000 0.00000 0.00000 0.00000 0.00000 
292	5	0.08587 0.00000 0.00000 0.00000 0.00000 0.00000 0.00000 0.00000 0.17217 0.00000 0.00000 0.00000 0.00000 0.00000 0.00000 0.00000 0.22707 0.00000 0.00000 0.00000 0.00000 0.00000 0.00000 0.00000 0.51488 0.00000 0.00000 0.00000 0.00000 0.00000 0.00000 0.00000 
293	5	0.01255 0.00000 0.00000 0.00000 0.00000 0.00000 0.00000 0.00000 0.51263 0.00000 0.00000 0.00000 0.00000 0.00000 0.00000 0.00000 0.36010 0.00000 0.00000 0.00000 0.00000 0.00000 0.00000 0.00000 0.11472 0.00000 0.00000 0.00000 0.00000 0.00000 0.00000 0.00000 
294	5	0.00000 0.00000 0.00000 0.00000 0.00000 0.00000 0.00000 0.00000 0.24463 0.00000 0.00000 0.00000 0.00000 0.00000 0.00000 0.00000 0.53670 0.00000 0.00000 0.00000 0.00000 0.00000 0.00000 0.00000 0.21867 0.00000 0.00000 0.00000 0.00000 0.00000 0.00000 0.00000 
295	5	0.07518 0.00000 0.00000 0.00000 0.00000 0.00000 0.00000 0.00000 0.57806 0.00000 0.00000 0.00000 0.00000 0.00000 0.00000 0.00000 0.02004 0.00000 0.00000 0.00000 0.00000 0.00000 0.00000 0.00000 0.32672 0.00000 0.00000 0.00000 0.00000 0.00000 0.00000 0.00000 
296	5	0.06290 0.00000 0.00000 0.00000 0.00000 0.00000 0.00000 0.00000 0.33852 0.00000 0.00000 0.00000 0.00000 0.00000 0.00000 0.00000 0.12308 0.00000 0.00000 0.00000 0.00000 0.00000 0.00000 0.00000 0.47550 0.00000 0.00000 0.00000 0.00000 0.00000 0.00000 0.00000 
297	5	0.05402 0.00000 0.00000 0.00000 0.00000 0.00000 0.00000 0.00000 0.32714 0.00000 0.00000 0.00000 0.00000 0.00000 0.00000 0.00000 0.02872 0.00000 0.00000 0.00000 0.00000 0.00000 0.00000 0.00000 0.59012 0.00000 0.00000 0.00000 0.00000 0.00000 0.00000 0.00000 
298	5	0.07235 0.00000 0.00000 0.00000 0.00000 0.00000 0.00000 0.00000 0.46573 0.00000 0.00000 0.00000 0.00000 0.00000 0.00000 0.00000 0.01777 0.00000 0.00000 0.00000 0.00000 0.00000 0.00000 0.00000 0.44415 0.00000 0.00000 0.00000 0.00000 0.00000 0.00000 0.00000 
299	5	0.09590 0.00000 0.00000 0.00000 0.00000 0.00000 0.00000 0.00000 0.24993 0.00000 0.00000 0.00000 0.00000 0.00000 0.00000 0.00000 0.17397 0.00000 0.00000 0.00000 0.00000 0.00000 0.00000 0.00000 0.48019 0.00000 0.00000 0.00000 0.00000 0.00000 0.00000 0.00000 
300	5	0.12909 0.00000 0.00000 0.00000 0.00000 0.00000 0.00000 0.00000 0.28925 0.00000 0.00000 0.00000 0.00000 0.00000 0.00000 0.00000 0.12128 0.00000 0.00000 0.00000 0.00000 0.00000 0.00000 0.00000 0.46038 0.00000 0.00000 0.00000 0.00000 0.00000 0.00000 0.00000 
301	5	0.29015 0.00000 0.00000 0.00000 0.00000 0.00000 0.00000 0.00000 0.28325 0.00000 0.00000 0.00000 0.00000 0.00000 0.00000 0.00000 0.08399 0.00000 0.00000 0.00000 0.00000 0.00000 0.00000 0.00000 0.34262 0.00000 0.00000 0.00000 0.00000 0.00000 0.00000 0.00000 
302	5	0.11824 0.00000 0.00000 0.00000 0.00000 0.00000 0.00000 0.00000 0.33654 0.00000 0.00000 0.00000 0.00000 0.00000 0.00000 0.00000 0.17510 0.00000 0.00000 0.00000 0.00000 0.00000 0.00000 0.00000 0.37012 0.00000 0.00000 0.00000 0.00000 0.00000 0.00000 0.00000 
303	5	0.07326 0.00000 0.00000 0.00000 0.00000 0.00000 0.00000 0.00000 0.49139 0.00000 0.00000 0.00000 0.00000 0.00000 0.00000 0.00000 0.15449 0.00000 0.00000 0.00000 0.00000 0.00000 0.00000 0.00000 0.28085 0.00000 0.00000 0.00000 0.00000 0.00000 0.00000 0.00000 
304	5	0.12882 0.00000 0.00000 0.00000 0.00000 0.00000 0.00000 0.00000 0.44428 0.00000 0.00000 0.00000 0.00000 0.00000 0.00000 0.00000 0.03579 0.00000 0.00000 0.00000 0.00000 0.00000 0.00000 0.00000 0.39111 0.00000 0.00000 0.00000 0.00000 0.00000 0.00000 0.00000 
305	5	0.23004 0.00000 0.00000 0.00000 0.00000 0.00000 0.00000 0.00000 0.59990 0.00000 0.00000 0.00000 0.00000 0.00000 0.00000 0.00000 0.02297 0.00000 0.00000 0.00000 0.00000 0.00000 0.00000 0.00000 0.14708 0.00000 0.00000 0.00000 0.00000 0.00000 0.00000 0.00000 
306	5	0.37217 0.00000 0.00000 0.00000 0.00000 0.00000 0.00000 0.00000 0.30428 0.00000 0.00000 0.00000 0.00000 0.00000 0.00000 0.00000 0.02217 0.00000 0.00000 0.00000 0.00000 0.00000 0.00000 0.00000 0.30137 0.00000 0.00000 0.00000 0.00000 0.00000 0.00000 0.00000 
307	5	0.15577 0.00000 0.00000 0.00000 0.00000 0.00000 0.00000 0.00000 0.40631 0.00000 0.00000 0.00000 0.00000 0.00000 0.00000 0.00000 0.07617 0.00000 0.00000 0.00000 0.00000 0.00000 0.00000 0.00000 0.36175 0.00000 0.00000 0.00000 0.00000 0.00000 0.00000 0.00000 
308	5	0.27639 0.00000 0.00000 0.00000 0.00000 0.00000 0.00000 0.00000 0.39414 0.00000 0.00000 0.00000 0.00000 0.00000 0.00000 0.00000 0.08558 0.00000 0.00000 0.00000 0.00000 0.00000 0.00000 0.00000 0.24389 0.00000 0.00000 0.00000 0.00000 0.00000 0.00000 0.00000 
309	5	0.40957 0.00000 0.00000 0.00000 0.00000 0.00000 0.00000 0.00000 0.40251 0.00000 0.00000 0.00000 0.00000 0.00000 0.00000 0.00000 0.05268 0.00000 0.00000 0.00000 0.00000 0.00000 0.00000 0.00000 0.13524 0.00000 0.00000 0.00000 0.00000 0.00000 0.00000 0.00000 
310	5	0.25013 0.00000 0.00000 0.00000 0.00000 0.00000 0.00000 0.00000 0.35482 0.00000 0.00000 0.00000 0.00000 0.00000 0.00000 0.00000 0.06172 0.00000 0.00000 0.00000 0.00000 0.00000 0.00000 0.00000 0.33333 0.00000 0.00000 0.00000 0.00000 0.00000 0.00000 0.00000 
311	5	0.14675 0.00000 0.00000 0.00000 0.00000 0.00000 0.00000 0.00000 0.38270 0.00000 0.00000 0.00000 0.00000 0.00000 0.00000 0.00000 0.08769 0.00000 0.00000 0.00000 0.00000 0.00000 0.00000 0.00000 0.38286 0.00000 0.00000 0.00000 0.00000 0.00000 0.00000 0.00000 
312	5	0.14970 0.00000 0.00000 0.00000 0.00000 0.00000 0.00000 0.00000 0.43477 0.00000 0.00000 0.00000 0.00000 0.00000 0.00000 0.00000 0.06838 0.00000 0.00000 0.00000 0.00000 0.00000 0.00000 0.00000 0.34715 0.00000 0.00000 0.00000 0.00000 0.00000 0.00000 0.00000 
313	5	0.16292 0.00000 0.00000 0.00000 0.00000 0.00000 0.00000 0.00000 0.34187 0.00000 0.00000 0.00000 0.00000 0.00000 0.00000 0.00000 0.01320 0.00000 0.00000 0.00000 0.00000 0.00000 0.00000 0.00000 0.48201 0.00000 0.00000 0.00000 0.00000 0.00000 0.00000 0.00000 
314	5	0.06020 0.00000 0.00000 0.00000 0.00000 0.00000 0.00000 0.00000 0.75544 0.00000 0.00000 0.00000 0.00000 0.00000 0.00000 0.00000 0.06952 0.00000 0.00000 0.00000 0.00000 0.00000 0.00000 0.00000 0.11484 0.00000 0.00000 0.00000 0.00000 0.00000 0.00000 0.00000 
315	5	0.12107 0.00000 0.00000 0.00000 0.00000 0.00000 0.00000 0.00000 0.45111 0.00000 0.00000 0.00000 0.00000 0.00000 0.00000 0.00000 0.06367 0.00000 0.00000 0.00000 0.00000 0.00000 0.00000 0.00000 0.36415 0.00000 0.00000 0.00000 0.00000 0.00000 0.00000 0.00000 
316	5	0.10854 0.00000 0.00000 0.00000 0.00000 0.00000 0.00000 0.00000 0.52381 0.00000 0.00000 0.00000 0.00000 0.00000 0.00000 0.00000 0.04635 0.00000 0.00000 0.00000 0.00000 0.00000 0.00000 0.00000 0.32129 0.00000 0.00000 0.00000 0.00000 0.00000 0.00000 0.00000 
317	5	0.46355 0.00000 0.00000 0.00000 0.00000 0.00000 0.00000 0.00000 0.28953 0.00000 0.00000 0.00000 0.00000 0.00000 0.00000 0.00000 0.02821 0.00000 0.00000 0.00000 0.00000 0.00000 0.00000 0.00000 0.21872 0.00000 0.00000 0.00000 0.00000 0.00000 0.00000 0.00000 
318	5	0.09831 0.00000 0.00000 0.00000 0.00000 0.00000 0.00000 0.00000 0.41157 0.00000 0.00000 0.00000 0.00000 0.00000 0.00000 0.00000 0.03367 0.00000 0.00000 0.00000 0.00000 0.00000 0.00000 0.00000 0.45645 0.00000 0.00000 0.00000 0.00000 0.00000 0.00000 0.00000 
319	5	0.35715 0.00000 0.00000 0.00000 0.00000 0.00000 0.00000 0.00000 0.30645 0.00000 0.00000 0.00000 0.00000 0.00000 0.00000 0.00000 0.03715 0.00000 0.00000 0.00000 0.00000 0.00000 0.00000 0.00000 0.29924 0.00000 0.00000 0.00000 0.00000 0.00000 0.00000 0.00000 
320	5	0.34017 0.00000 0.00000 0.00000 0.00000 0.00000 0.00000 0.00000 0.35773 0.00000 0.00000 0.00000 0.00000 0.00000 0.00000 0.00000 0.03172 0.00000 0.00000 0.00000 0.00000 0.00000 0.00000 0.00000 0.27037 0.00000 0.00000 0.00000 0.00000 0.00000 0.00000 0.00000 
321	5	0.03287 0.00000 0.00000 0.00000 0.00000 0.00000 0.00000 0.00000 0.90135 0.00000 0.00000 0.00000 0.00000 0.00000 0.00000 0.00000 0.02236 0.00000 0.00000 0.00000 0.00000 0.00000 0.00000 0.00000 0.04341 0.00000 0.00000 0.00000 0.00000 0.00000 0.00000 0.00000 
322	5	0.04980 0.00000 0.00000 0.00000 0.00000 0.00000 0.00000 0.00000 0.45024 0.00000 0.00000 0.00000 0.00000 0.00000 0.00000 0.00000 0.30531 0.00000 0.00000 0.00000 0.00000 0.00000 0.00000 0.00000 0.19465 0.00000 0.00000 0.00000 0.00000 0.00000 0.00000 0.00000 
323	5	0.17108 0.00000 0.00000 0.00000 0.00000 0.00000 0.00000 0.00000 0.65652 0.00000 0.00000 0.00000 0.00000 0.00000 0.00000 0.00000 0.02224 0.00000 0.00000 0.00000 0.00000 0.00000 0.00000 0.00000 0.15015 0.00000 0.00000 0.00000 0.00000 0.00000 0.00000 0.00000 
324	5	0.20676 0.00000 0.00000 0.00000 0.00000 0.00000 0.00000 0.00000 0.62835 0.00000 0.00000 0.00000 0.00000 0.00000 0.00000 0.00000 0.01280 0.00000 0.00000 0.00000 0.00000 0.00000 0.00000 0.00000 0.15210 0.00000 0.00000 0.00000 0.00000 0.00000 0.00000 0.00000 
325	5	0.47625 0.00000 0.00000 0.00000 0.00000 0.00000 0.00000 0.00000 0.28657 0.00000 0.00000 0.00000 0.00000 0.00000 0.00000 0.00000 0.02655 0.00000 0.00000 0.00000 0.00000 0.00000 0.00000 0.00000 0.21062 0.00000 0.00000 0.00000 0.00000 0.00000 0.00000 0.00000 
326	5	0.40427 0.00000 0.00000 0.00000 0.00000 0.00000 0.00000 0.00000 0.42634 0.00000 0.00000 0.00000 0.00000 0.00000 0.00000 0.00000 0.05260 0.00000 0.00000 0.00000 0.00000 0.00000 0.00000 0.00000 0.11679 0.00000 0.00000 0.00000 0.00000 0.00000 0.00000 0.00000 
327	5	0.51116 0.00000 0.00000 0.00000 0.00000 0.00000 0.00000 0.00000 0.17392 0.00000 0.00000 0.00000 0.00000 0.00000 0.00000 0.00000 0.02508 0.00000 0.00000 0.00000 0.00000 0.00000 0.00000 0.00000 0.28984 0.00000 0.00000 0.00000 0.00000 0.00000 0.00000 0.00000 
328	5	0.48471 0.00000 0.00000 0.00000 0.00000 0.00000 0.00000 0.00000 0.16984 0.00000 0.00000 0.00000 0.00000 0.00000 0.00000 0.00000 0.02125 0.00000 0.00000 0.00000 0.00000 0.00000 0.00000 0.00000 0.32420 0.00000 0.00000 0.00000 0.00000 0.00000 0.00000 0.00000 
329	5	0.24557 0.00000 0.00000 0.00000 0.00000 0.00000 0.00000 0.00000 0.53979 0.00000 0.00000 0.00000 0.00000 0.00000 0.00000 0.00000 0.01836 0.00000 0.00000 0.00000 0.00000 0.00000 0.00000 0.00000 0.19627 0.00000 0.00000 0.00000 0.00000 0.00000 0.00000 0.00000 
330	5	0.00052 0.00000 0.00000 0.00000 0.00000 0.00000 0.00000 0.00000 0.12733 0.00000 0.00000 0.00000 0.00000 0.00000 0.00000 0.00000 0.03326 0.00000 0.00000 0.00000 0.00000 0.00000 0.00000 0.00000 0.83889 0.00000 0.00000 0.00000 0.00000 0.00000 0.00000 0.00000 
331	5	0.00598 0.00000 0.00000 0.00000 0.00000 0.00000 0.00000 0.00000 0.07264 0.00000 0.00000 0.00000 0.00000 0.00000 0.00000 0.00000 0.01618 0.00000 0.00000 0.00000 0.00000 0.00000 0.00000 0.00000 0.90519 0.00000 0.00000 0.00000 0.00000 0.00000 0.00000 0.00000 
332	5	0.02790 0.00000 0.00000 0.00000 0.00000 0.00000 0.00000 0.00000 0.13710 0.00000 0.00000 0.00000 0.00000 0.00000 0.00000 0.00000 0.05595 0.00000 0.00000 0.00000 0.00000 0.00000 0.00000 0.00000 0.77906 0.00000 0.00000 0.00000 0.00000 0.00000 0.00000 0.00000 
333	5	0.11409 0.00000 0.00000 0.00000 0.00000 0.00000 0.00000 0.00000 0.50587 0.00000 0.00000 0.00000 0.00000 0.00000 0.00000 0.00000 0.03252 0.00000 0.00000 0.00000 0.00000 0.00000 0.00000 0.00000 0.34752 0.00000 0.00000 0.00000 0.00000 0.00000 0.00000 0.00000 
334	5	0.14514 0.00000 0.00000 0.00000 0.00000 0.00000 0.00000 0.00000 0.33064 0.00000 0.00000 0.00000 0.00000 0.00000 0.00000 0.00000 0.03977 0.00000 0.00000 0.00000 0.00000 0.00000 0.00000 0.00000 0.48446 0.00000 0.00000 0.00000 0.00000 0.00000 0.00000 0.00000 
335	5	0.04615 0.00000 0.00000 0.00000 0.00000 0.00000 0.00000 0.00000 0.33131 0.00000 0.00000 0.00000 0.00000 0.00000 0.00000 0.00000 0.05238 0.00000 0.00000 0.00000 0.00000 0.00000 0.00000 0.00000 0.57017 0.00000 0.00000 0.00000 0.00000 0.00000 0.00000 0.00000 
336	5	0.08192 0.00000 0.00000 0.00000 0.00000 0.00000 0.00000 0.00000 0.35677 0.00000 0.00000 0.00000 0.00000 0.00000 0.00000 0.00000 0.04508 0.00000 0.00000 0.00000 0.00000 0.00000 0.00000 0.00000 0.51622 0.00000 0.00000 0.00000 0.00000 0.00000 0.00000 0.00000 
337	5	0.11347 0.00000 0.00000 0.00000 0.00000 0.00000 0.00000 0.00000 0.40806 0.00000 0.00000 0.00000 0.00000 0.00000 0.00000 0.00000 0.06915 0.00000 0.00000 0.00000 0.00000 0.00000 0.00000 0.00000 0.40931 0.00000 0.00000 0.00000 0.00000 0.00000 0.00000 0.00000 
338	5	0.18200 0.00000 0.00000 0.00000 0.00000 0.00000 0.00000 0.00000 0.45890 0.00000 0.00000 0.00000 0.00000 0.00000 0.00000 0.00000 0.21457 0.00000 0.00000 0.00000 0.00000 0.00000 0.00000 0.00000 0.14453 0.00000 0.00000 0.00000 0.00000 0.00000 0.00000 0.00000 
339	5	0.16785 0.00000 0.00000 0.00000 0.00000 0.00000 0.00000 0.00000 0.44680 0.00000 0.00000 0.00000 0.00000 0.00000 0.00000 0.00000 0.22836 0.00000 0.00000 0.00000 0.00000 0.00000 0.00000 0.00000 0.15699 0.00000 0.00000 0.00000 0.00000 0.00000 0.00000 0.00000 
340	5	0.45283 0.00000 0.00000 0.00000 0.00000 0.00000 0.00000 0.00000 0.40762 0.00000 0.00000 0.00000 0.00000 0.00000 0.00000 0.00000 0.02622 0.00000 0.00000 0.00000 0.00000 0.00000 0.00000 0.00000 0.11333 0.00000 0.00000 0.00000 0.00000 0.00000 0.00000 0.00000 
341	5	0.44556 0.00000 0.00000 0.00000 0.00000 0.00000 0.00000 0.00000 0.36757 0.00000 0.00000 0.00000 0.00000 0.00000 0.00000 0.00000 0.03082 0.00000 0.00000 0.00000 0.00000 0.00000 0.00000 0.00000 0.15606 0.00000 0.00000 0.00000 0.00000 0.00000 0.00000 0.00000 
342	5	0.32880 0.00000 0.00000 0.00000 0.00000 0.00000 0.00000 0.00000 0.48581 0.00000 0.00000 0.00000 0.00000 0.00000 0.00000 0.00000 0.07081 0.00000 0.00000 0.00000 0.00000 0.00000 0.00000 0.00000 0.11457 0.00000 0.00000 0.00000 0.00000 0.00000 0.00000 0.00000 
343	5	0.14726 0.00000 0.00000 0.00000 0.00000 0.00000 0.00000 0.00000 0.60799 0.00000 0.00000 0.00000 0.00000 0.00000 0.00000 0.00000 0.10404 0.00000 0.00000 0.00000 0.00000 0.00000 0.00000 0.00000 0.14071 0.00000 0.00000 0.00000 0.00000 0.00000 0.00000 0.00000 
344	5	0.07269 0.00000 0.00000 0.00000 0.00000 0.00000 0.00000 0.00000 0.19794 0.00000 0.00000 0.00000 0.00000 0.00000 0.00000 0.00000 0.11198 0.00000 0.00000 0.00000 0.00000 0.00000 0.00000 0.00000 0.61739 0.00000 0.00000 0.00000 0.00000 0.00000 0.00000 0.00000 
345	5	0.15229 0.00000 0.00000 0.00000 0.00000 0.00000 0.00000 0.00000 0.18110 0.00000 0.00000 0.00000 0.00000 0.00000 0.00000 0.00000 0.04014 0.00000 0.00000 0.00000 0.00000 0.00000 0.00000 0.00000 0.62646 0.00000 0.00000 0.00000 0.00000 0.00000 0.00000 0.00000 
346	5	0.31459 0.00000 0.00000 0.00000 0.00000 0.00000 0.00000 0.00000 0.21166 0.00000 0.00000 0.00000 0.00000 0.00000 0.00000 0.00000 0.03434 0.00000 0.00000 0.00000 0.00000 0.00000 0.00000 0.00000 0.43942 0.00000 0.00000 0.00000 0.00000 0.00000 0.00000 0.00000 
347	5	0.28742 0.00000 0.00000 0.00000 0.00000 0.00000 0.00000 0.00000 0.31738 0.00000 0.00000 0.00000 0.00000 0.00000 0.00000 0.00000 0.03891 0.00000 0.00000 0.00000 0.00000 0.00000 0.00000 0.00000 0.35629 0.00000 0.00000 0.00000 0.00000 0.00000 0.00000 0.00000 
348	5	0.47670 0.00000 0.00000 0.00000 0.00000 0.00000 0.00000 0.00000 0.27737 0.00000 0.00000 0.00000 0.00000 0.00000 0.00000 0.00000 0.03481 0.00000 0.00000 0.00000 0.00000 0.00000 0.00000 0.00000 0.21112 0.00000 0.00000 0.00000 0.00000 0.00000 0.00000 0.00000 
349	5	0.14430 0.00000 0.00000 0.00000 0.00000 0.00000 0.00000 0.00000 0.45049 0.00000 0.00000 0.00000 0.00000 0.00000 0.00000 0.00000 0.08188 0.00000 0.00000 0.00000 0.00000 0.00000 0.00000 0.00000 0.32332 0.00000 0.00000 0.00000 0.00000 0.00000 0.00000 0.00000 
