350	5	32
0	1	0.00000 0.00000 0.00002 0.00000 0.00032 0.00000 0.00251 0.00000 0.00641 0.00000 0.01288 0.00000 0.01637 0.00000 0.01827 0.00000 0.02525 0.00000 0.09622 0.00000 0.11093 0.00000 0.10462 0.00000 0.31686 0.00000 0.22116 0.00000 0.06211 0.00000 0.00606 0.00000 
1	1	0.00002 0.00000 0.00031 0.00000 0.00214 0.00000 0.00720 0.00000 0.00950 0.00000 0.00715 0.00000 0.00867 0.00000 0.00895 0.00000 0.01264 0.00000 0.01795 0.00000 0.02050 0.00000 0.02695 0.00000 0.08114 0.00000 0.54135 0.00000 0.18462 0.00000 0.07092 0.00000 
2	1	0.00000 0.00000 0.00012 0.00000 0.00094 0.00000 0.00542 0.00000 0.01427 0.00000 0.02140 0.00000 0.02379 0.00000 0.02706 0.00000 0.03021 0.00000 0.03630 0.00000 0.14172 0.00000 0.13811 0.00000 0.25106 0.00000 0.20043 0.00000 0.09677 0.00000 0.01238 0.00000 
3	1	0.00002 0.00000 0.00072 0.00000 0.00838 0.00000 0.03986 0.00000 0.02891 0.00000 0.02966 0.00000 0.03155 0.00000 0.03850 0.00000 0.03767 0.00000 0.04321 0.00000 0.13550 0.00000 0.16758 0.00000 0.14379 0.00000 0.18665 0.00000 0.08428 0.00000 0.02371 0.00000 
4	1	0.00000 0.00000 0.00002 0.00000 0.00126 0.00000 0.00822 0.00000 0.05321 0.00000 0.10577 0.00000 0.04532 0.00000 0.03034 0.00000 0.03153 0.00000 0.03867 0.00000 0.05781 0.00000 0.08962 0.00000 0.08894 0.00000 0.31589 0.00000 0.12857 0.00000 0.00482 0.00000 
5	1	0.00001 0.00000 0.00029 0.00000 0.00173 0.00000 0.00678 0.00000 0.02363 0.00000 0.02827 0.00000 0.02232 0.00000 0.02542 0.00000 0.03578 0.00000 0.03813 0.00000 0.04317 0.00000 0.04929 0.00000 0.07262 0.00000 0.34508 0.00000 0.30044 0.00000 0.00703 0.00000 
6	1	0.00000 0.00000 0.00022 0.00000 0.00196 0.00000 0.00790 0.00000 0.02776 0.00000 0.02694 0.00000 0.02393 0.00000 0.02509 0.00000 0.03326 0.00000 0.03360 0.00000 0.04082 0.00000 0.05098 0.00000 0.09905 0.00000 0.25790 0.00000 0.36227 0.00000 0.00831 0.00000 
7	1	0.00002 0.00000 0.00061 0.00000 0.00460 0.00000 0.02004 0.00000 0.03512 0.00000 0.04331 0.00000 0.04578 0.00000 0.04253 0.00000 0.03778 0.00000 0.04075 0.00000 0.05010 0.00000 0.05062 0.00000 0.15243 0.00000 0.35589 0.00000 0.11598 0.00000 0.00442 0.00000 
8	1	0.00004 0.00000 0.00116 0.00000 0.00466 0.00000 0.01302 0.00000 0.02274 0.00000 0.03228 0.00000 0.04626 0.00000 0.07382 0.00000 0.17220 0.00000 0.15663 0.00000 0.09589 0.00000 0.10795 0.00000 0.13359 0.00000 0.11392 0.00000 0.02158 0.00000 0.00425 0.00000 
9	1	0.00001 0.00000 0.00052 0.00000 0.00361 0.00000 0.01902 0.00000 0.03700 0.00000 0.03144 0.00000 0.03194 0.00000 0.03875 0.00000 0.04688 0.00000 0.05106 0.00000 0.05823 0.00000 0.07002 0.00000 0.21955 0.00000 0.28950 0.00000 0.06436 0.00000 0.03810 0.00000 
10	1	0.00001 0.00000 0.00027 0.00000 0.00192 0.00000 0.00625 0.00000 0.00551 0.00000 0.00997 0.00000 0.01848 0.00000 0.03864 0.00000 0.05567 0.00000 0.07569 0.00000 0.10747 0.00000 0.12274 0.00000 0.17795 0.00000 0.18451 0.00000 0.19018 0.00000 0.00472 0.00000 
11	1	0.00003 0.00000 0.00152 0.00000 0.00755 0.00000 0.02520 0.00000 0.03022 0.00000 0.02721 0.00000 0.03075 0.00000 0.03796 0.00000 0.04653 0.00000 0.04843 0.00000 0.05489 0.00000 0.17103 0.00000 0.28583 0.00000 0.16795 0.00000 0.03738 0.00000 0.02749 0.00000 
12	1	0.00003 0.00000 0.00076 0.00000 0.00345 0.00000 0.01422 0.00000 0.02546 0.00000 0.02331 0.00000 0.02598 0.00000 0.03292 0.00000 0.04047 0.00000 0.04512 0.00000 0.05617 0.00000 0.14244 0.00000 0.27582 0.00000 0.17140 0.00000 0.11990 0.00000 0.02253 0.00000 
13	1	0.00000 0.00000 0.00004 0.00000 0.00064 0.00000 0.00470 0.00000 0.00892 0.00000 0.01125 0.00000 0.01050 0.00000 0.01366 0.00000 0.02233 0.00000 0.09099 0.00000 0.19447 0.00000 0.17677 0.00000 0.16371 0.00000 0.11592 0.00000 0.09274 0.00000 0.09335 0.00000 
14	1	0.00170 0.00000 0.00546 0.00000 0.02545 0.00000 0.01825 0.00000 0.02050 0.00000 0.08011 0.00000 0.11568 0.00000 0.14268 0.00000 0.15479 0.00000 0.15698 0.00000 0.12794 0.00000 0.08503 0.00000 0.03358 0.00000 0.01425 0.00000 0.00824 0.00000 0.00935 0.00000 
15	1	0.00003 0.00000 0.00101 0.00000 0.00828 0.00000 0.01835 0.00000 0.03518 0.00000 0.03895 0.00000 0.04630 0.00000 0.04525 0.00000 0.04302 0.00000 0.07185 0.00000 0.02950 0.00000 0.01642 0.00000 0.01617 0.00000 0.13365 0.00000 0.49467 0.00000 0.00137 0.00000 
16	1	0.00001 0.00000 0.00008 0.00000 0.00073 0.00000 0.00352 0.00000 0.00592 0.00000 0.01115 0.00000 0.01805 0.00000 0.04150 0.00000 0.14535 0.00000 0.06886 0.00000 0.01151 0.00000 0.01051 0.00000 0.02073 0.00000 0.35712 0.00000 0.30123 0.00000 0.00372 0.00000 
17	1	0.00004 0.00000 0.00057 0.00000 0.00690 0.00000 0.01807 0.00000 0.03590 0.00000 0.03335 0.00000 0.03439 0.00000 0.03613 0.00000 0.04702 0.00000 0.07407 0.00000 0.01660 0.00000 0.01139 0.00000 0.01001 0.00000 0.02331 0.00000 0.65118 0.00000 0.00107 0.00000 
18	1	0.00003 0.00000 0.00045 0.00000 0.00617 0.00000 0.01913 0.00000 0.02607 0.00000 0.03637 0.00000 0.04172 0.00000 0.03725 0.00000 0.04512 0.00000 0.13026 0.00000 0.03343 0.00000 0.01362 0.00000 0.01297 0.00000 0.04442 0.00000 0.55217 0.00000 0.00081 0.00000 
19	1	0.00007 0.00000 0.00063 0.00000 0.00156 0.00000 0.00451 0.00000 0.00892 0.00000 0.02002 0.00000 0.03529 0.00000 0.05406 0.00000 0.06947 0.00000 0.09829 0.00000 0.08080 0.00000 0.04245 0.00000 0.19719 0.00000 0.16220 0.00000 0.18414 0.00000 0.04040 0.00000 
20	1	0.00009 0.00000 0.00059 0.00000 0.00244 0.00000 0.00925 0.00000 0.01786 0.00000 0.03669 0.00000 0.05889 0.00000 0.09265 0.00000 0.09828 0.00000 0.11696 0.00000 0.09293 0.00000 0.05976 0.00000 0.04543 0.00000 0.04406 0.00000 0.26892 0.00000 0.05518 0.00000 
21	1	0.00009 0.00000 0.00108 0.00000 0.01182 0.00000 0.04660 0.00000 0.04015 0.00000 0.04097 0.00000 0.04549 0.00000 0.05498 0.00000 0.06152 0.00000 0.06245 0.00000 0.07689 0.00000 0.07509 0.00000 0.27723 0.00000 0.13703 0.00000 0.06803 0.00000 0.00056 0.00000 
22	1	0.00001 0.00000 0.00002 0.00000 0.00020 0.00000 0.00107 0.00000 0.00539 0.00000 0.00930 0.00000 0.01455 0.00000 0.02472 0.00000 0.03525 0.00000 0.05079 0.00000 0.07117 0.00000 0.05373 0.00000 0.05055 0.00000 0.37186 0.00000 0.30404 0.00000 0.00735 0.00000 
23	1	0.00001 0.00000 0.00014 0.00000 0.00064 0.00000 0.00566 0.00000 0.00987 0.00000 0.01340 0.00000 0.02320 0.00000 0.04297 0.00000 0.06770 0.00000 0.05318 0.00000 0.03437 0.00000 0.02817 0.00000 0.19367 0.00000 0.22194 0.00000 0.29293 0.00000 0.01215 0.00000 
24	1	0.00002 0.00000 0.00014 0.00000 0.00127 0.00000 0.00892 0.00000 0.00918 0.00000 0.01361 0.00000 0.03004 0.00000 0.05547 0.00000 0.04342 0.00000 0.02988 0.00000 0.02099 0.00000 0.16992 0.00000 0.26143 0.00000 0.20578 0.00000 0.14381 0.00000 0.00610 0.00000 
25	1	0.01345 0.00000 0.00715 0.00000 0.01922 0.00000 0.01847 0.00000 0.02050 0.00000 0.02210 0.00000 0.02477 0.00000 0.02945 0.00000 0.03414 0.00000 0.03645 0.00000 0.04916 0.00000 0.16952 0.00000 0.14852 0.00000 0.17399 0.00000 0.14712 0.00000 0.08599 0.00000 
26	1	0.00001 0.00000 0.00014 0.00000 0.00102 0.00000 0.00690 0.00000 0.00845 0.00000 0.01163 0.00000 0.02030 0.00000 0.03988 0.00000 0.06589 0.00000 0.07722 0.00000 0.11583 0.00000 0.13232 0.00000 0.21452 0.00000 0.16922 0.00000 0.13637 0.00000 0.00030 0.00000 
27	1	0.00039 0.00000 0.00334 0.00000 0.01228 0.00000 0.02182 0.00000 0.03155 0.00000 0.03019 0.00000 0.03219 0.00000 0.03712 0.00000 0.04080 0.00000 0.08423 0.00000 0.09619 0.00000 0.19862 0.00000 0.14015 0.00000 0.12525 0.00000 0.09631 0.00000 0.04958 0.00000 
28	1	0.00000 0.00000 0.00008 0.00000 0.00035 0.00000 0.00162 0.00000 0.00507 0.00000 0.00900 0.00000 0.01382 0.00000 0.01757 0.00000 0.02118 0.00000 0.03400 0.00000 0.06344 0.00000 0.08040 0.00000 0.27298 0.00000 0.28300 0.00000 0.19451 0.00000 0.00295 0.00000 
29	1	0.00001 0.00000 0.00005 0.00000 0.00027 0.00000 0.00136 0.00000 0.00391 0.00000 0.00755 0.00000 0.01099 0.00000 0.01420 0.00000 0.02021 0.00000 0.04285 0.00000 0.09226 0.00000 0.09766 0.00000 0.35080 0.00000 0.20265 0.00000 0.15473 0.00000 0.00049 0.00000 
30	1	0.00002 0.00000 0.00010 0.00000 0.00054 0.00000 0.00307 0.00000 0.00737 0.00000 0.01288 0.00000 0.01765 0.00000 0.01739 0.00000 0.01978 0.00000 0.03052 0.00000 0.05485 0.00000 0.07755 0.00000 0.05965 0.00000 0.16652 0.00000 0.53170 0.00000 0.00042 0.00000 
31	1	0.00001 0.00000 0.00002 0.00000 0.00030 0.00000 0.00169 0.00000 0.00556 0.00000 0.00831 0.00000 0.01406 0.00000 0.01437 0.00000 0.01400 0.00000 0.02308 0.00000 0.04636 0.00000 0.07079 0.00000 0.05554 0.00000 0.13689 0.00000 0.43930 0.00000 0.16972 0.00000 
32	1	0.00002 0.00000 0.00013 0.00000 0.00090 0.00000 0.00356 0.00000 0.01098 0.00000 0.01937 0.00000 0.01949 0.00000 0.03275 0.00000 0.05941 0.00000 0.04780 0.00000 0.02787 0.00000 0.02083 0.00000 0.06648 0.00000 0.46684 0.00000 0.22300 0.00000 0.00055 0.00000 
33	1	0.00002 0.00000 0.00037 0.00000 0.00459 0.00000 0.02307 0.00000 0.04509 0.00000 0.06781 0.00000 0.09256 0.00000 0.10399 0.00000 0.11127 0.00000 0.08326 0.00000 0.07443 0.00000 0.06361 0.00000 0.06394 0.00000 0.17017 0.00000 0.09085 0.00000 0.00495 0.00000 
34	1	0.00000 0.00000 0.00005 0.00000 0.00025 0.00000 0.00144 0.00000 0.01002 0.00000 0.02686 0.00000 0.04784 0.00000 0.05598 0.00000 0.05531 0.00000 0.06074 0.00000 0.06539 0.00000 0.11149 0.00000 0.22596 0.00000 0.25370 0.00000 0.08482 0.00000 0.00013 0.00000 
35	1	0.00006 0.00000 0.00030 0.00000 0.00187 0.00000 0.00511 0.00000 0.00853 0.00000 0.00770 0.00000 0.01150 0.00000 0.01819 0.00000 0.02689 0.00000 0.04377 0.00000 0.09790 0.00000 0.16195 0.00000 0.29087 0.00000 0.09846 0.00000 0.22552 0.00000 0.00135 0.00000 
36	1	0.00006 0.00000 0.00042 0.00000 0.00187 0.00000 0.00534 0.00000 0.00812 0.00000 0.00777 0.00000 0.01056 0.00000 0.01746 0.00000 0.02432 0.00000 0.03351 0.00000 0.07579 0.00000 0.18370 0.00000 0.25560 0.00000 0.06452 0.00000 0.31052 0.00000 0.00043 0.00000 
37	1	0.00132 0.00000 0.00842 0.00000 0.07442 0.00000 0.08257 0.00000 0.03557 0.00000 0.02711 0.00000 0.03479 0.00000 0.09732 0.00000 0.11063 0.00000 0.02525 0.00000 0.01707 0.00000 0.02529 0.00000 0.19962 0.00000 0.21330 0.00000 0.03105 0.00000 0.01627 0.00000 
38	1	0.00008 0.00000 0.00030 0.00000 0.00305 0.00000 0.01090 0.00000 0.02427 0.00000 0.02116 0.00000 0.02597 0.00000 0.03779 0.00000 0.04555 0.00000 0.05452 0.00000 0.07960 0.00000 0.11711 0.00000 0.31082 0.00000 0.19611 0.00000 0.07071 0.00000 0.00205 0.00000 
39	1	0.00008 0.00000 0.00032 0.00000 0.00230 0.00000 0.01497 0.00000 0.04865 0.00000 0.04339 0.00000 0.05644 0.00000 0.07317 0.00000 0.09300 0.00000 0.11109 0.00000 0.11577 0.00000 0.13160 0.00000 0.15412 0.00000 0.12977 0.00000 0.02359 0.00000 0.00175 0.00000 
40	1	0.00001 0.00000 0.00014 0.00000 0.00130 0.00000 0.00642 0.00000 0.01482 0.00000 0.01562 0.00000 0.02146 0.00000 0.03572 0.00000 0.06747 0.00000 0.09836 0.00000 0.14066 0.00000 0.12623 0.00000 0.19454 0.00000 0.18025 0.00000 0.08733 0.00000 0.00967 0.00000 
41	1	0.00002 0.00000 0.00006 0.00000 0.00034 0.00000 0.00189 0.00000 0.00606 0.00000 0.00871 0.00000 0.01790 0.00000 0.04120 0.00000 0.07463 0.00000 0.10394 0.00000 0.11288 0.00000 0.10339 0.00000 0.11769 0.00000 0.27471 0.00000 0.13449 0.00000 0.00208 0.00000 
42	1	0.00004 0.00000 0.00019 0.00000 0.00058 0.00000 0.00179 0.00000 0.00392 0.00000 0.01586 0.00000 0.03580 0.00000 0.04688 0.00000 0.05508 0.00000 0.06302 0.00000 0.06472 0.00000 0.17632 0.00000 0.24924 0.00000 0.19570 0.00000 0.09066 0.00000 0.00018 0.00000 
43	1	0.00009 0.00000 0.00105 0.00000 0.00592 0.00000 0.01522 0.00000 0.01362 0.00000 0.01012 0.00000 0.01220 0.00000 0.01285 0.00000 0.01830 0.00000 0.02584 0.00000 0.02970 0.00000 0.07587 0.00000 0.24250 0.00000 0.34725 0.00000 0.13980 0.00000 0.04968 0.00000 
44	1	0.00003 0.00000 0.00033 0.00000 0.00190 0.00000 0.00423 0.00000 0.00417 0.00000 0.00417 0.00000 0.00487 0.00000 0.00520 0.00000 0.00791 0.00000 0.01224 0.00000 0.02230 0.00000 0.10135 0.00000 0.44369 0.00000 0.23657 0.00000 0.11480 0.00000 0.03626 0.00000 
45	1	0.00001 0.00000 0.00055 0.00000 0.00443 0.00000 0.03935 0.00000 0.11010 0.00000 0.10790 0.00000 0.04851 0.00000 0.03450 0.00000 0.03038 0.00000 0.03530 0.00000 0.05213 0.00000 0.08316 0.00000 0.06557 0.00000 0.20945 0.00000 0.17533 0.00000 0.00330 0.00000 
46	1	0.00001 0.00000 0.00050 0.00000 0.00253 0.00000 0.01054 0.00000 0.01676 0.00000 0.02072 0.00000 0.02327 0.00000 0.02647 0.00000 0.02411 0.00000 0.03396 0.00000 0.15151 0.00000 0.13345 0.00000 0.14928 0.00000 0.37354 0.00000 0.02837 0.00000 0.00498 0.00000 
47	1	0.00000 0.00000 0.00009 0.00000 0.00060 0.00000 0.00280 0.00000 0.00939 0.00000 0.01148 0.00000 0.01545 0.00000 0.01630 0.00000 0.01953 0.00000 0.02996 0.00000 0.12421 0.00000 0.22090 0.00000 0.13957 0.00000 0.33859 0.00000 0.05904 0.00000 0.01208 0.00000 
48	1	0.00028 0.00000 0.00235 0.00000 0.00978 0.00000 0.01930 0.00000 0.03203 0.00000 0.02799 0.00000 0.03102 0.00000 0.03580 0.00000 0.04117 0.00000 0.06127 0.00000 0.10735 0.00000 0.20100 0.00000 0.13173 0.00000 0.12871 0.00000 0.11065 0.00000 0.05956 0.00000 
49	1	0.00005 0.00000 0.00027 0.00000 0.00140 0.00000 0.00385 0.00000 0.00617 0.00000 0.00865 0.00000 0.01128 0.00000 0.01196 0.00000 0.01304 0.00000 0.06052 0.00000 0.13799 0.00000 0.23150 0.00000 0.31111 0.00000 0.12260 0.00000 0.06119 0.00000 0.01842 0.00000 
50	1	0.00000 0.00000 0.00009 0.00000 0.00056 0.00000 0.00266 0.00000 0.00501 0.00000 0.00835 0.00000 0.01070 0.00000 0.01542 0.00000 0.01813 0.00000 0.02343 0.00000 0.13923 0.00000 0.21081 0.00000 0.30110 0.00000 0.19663 0.00000 0.05397 0.00000 0.01391 0.00000 
51	1	0.00005 0.00000 0.00100 0.00000 0.00268 0.00000 0.01007 0.00000 0.01868 0.00000 0.01508 0.00000 0.01752 0.00000 0.02452 0.00000 0.03374 0.00000 0.02885 0.00000 0.03161 0.00000 0.04379 0.00000 0.13493 0.00000 0.21683 0.00000 0.37697 0.00000 0.04367 0.00000 
52	1	0.00010 0.00000 0.00070 0.00000 0.00319 0.00000 0.01090 0.00000 0.01994 0.00000 0.01640 0.00000 0.01548 0.00000 0.01938 0.00000 0.02281 0.00000 0.02340 0.00000 0.02961 0.00000 0.04982 0.00000 0.24641 0.00000 0.31900 0.00000 0.22027 0.00000 0.00261 0.00000 
53	1	0.00002 0.00000 0.00072 0.00000 0.00313 0.00000 0.01181 0.00000 0.01241 0.00000 0.01215 0.00000 0.01869 0.00000 0.01769 0.00000 0.01951 0.00000 0.02452 0.00000 0.03673 0.00000 0.08348 0.00000 0.26454 0.00000 0.34214 0.00000 0.12943 0.00000 0.02303 0.00000 
54	1	0.00001 0.00000 0.00024 0.00000 0.00151 0.00000 0.00592 0.00000 0.01190 0.00000 0.00923 0.00000 0.01346 0.00000 0.01395 0.00000 0.01262 0.00000 0.01399 0.00000 0.02034 0.00000 0.03236 0.00000 0.09987 0.00000 0.59030 0.00000 0.17062 0.00000 0.00367 0.00000 
55	1	0.00002 0.00000 0.00023 0.00000 0.00410 0.00000 0.02788 0.00000 0.01697 0.00000 0.00530 0.00000 0.00335 0.00000 0.00407 0.00000 0.00395 0.00000 0.00385 0.00000 0.02809 0.00000 0.03911 0.00000 0.57635 0.00000 0.23589 0.00000 0.05067 0.00000 0.00013 0.00000 
56	1	0.00000 0.00000 0.00005 0.00000 0.00271 0.00000 0.01999 0.00000 0.02229 0.00000 0.00722 0.00000 0.00415 0.00000 0.00340 0.00000 0.00363 0.00000 0.00426 0.00000 0.00435 0.00000 0.00519 0.00000 0.28773 0.00000 0.43860 0.00000 0.18485 0.00000 0.01157 0.00000 
57	1	0.00002 0.00000 0.00045 0.00000 0.00353 0.00000 0.00695 0.00000 0.01247 0.00000 0.02016 0.00000 0.05245 0.00000 0.14488 0.00000 0.07566 0.00000 0.00612 0.00000 0.00523 0.00000 0.00490 0.00000 0.11817 0.00000 0.35067 0.00000 0.19437 0.00000 0.00397 0.00000 
58	1	0.00010 0.00000 0.00086 0.00000 0.00691 0.00000 0.01649 0.00000 0.01990 0.00000 0.03028 0.00000 0.04832 0.00000 0.11570 0.00000 0.13333 0.00000 0.01557 0.00000 0.00726 0.00000 0.00657 0.00000 0.04165 0.00000 0.29366 0.00000 0.25544 0.00000 0.00796 0.00000 
59	1	0.00089 0.00000 0.00753 0.00000 0.02247 0.00000 0.02457 0.00000 0.02545 0.00000 0.02519 0.00000 0.02825 0.00000 0.03597 0.00000 0.06750 0.00000 0.07330 0.00000 0.12565 0.00000 0.11975 0.00000 0.20073 0.00000 0.14316 0.00000 0.07642 0.00000 0.02316 0.00000 
60	1	0.00003 0.00000 0.00053 0.00000 0.00735 0.00000 0.01834 0.00000 0.03277 0.00000 0.04020 0.00000 0.03827 0.00000 0.05840 0.00000 0.14349 0.00000 0.09783 0.00000 0.01445 0.00000 0.01040 0.00000 0.01040 0.00000 0.05120 0.00000 0.47592 0.00000 0.00042 0.00000 
61	1	0.00017 0.00000 0.00121 0.00000 0.00576 0.00000 0.01821 0.00000 0.01816 0.00000 0.02822 0.00000 0.04124 0.00000 0.10688 0.00000 0.14543 0.00000 0.01765 0.00000 0.00851 0.00000 0.00753 0.00000 0.01001 0.00000 0.25783 0.00000 0.33294 0.00000 0.00025 0.00000 
62	1	0.00003 0.00000 0.00014 0.00000 0.00049 0.00000 0.00152 0.00000 0.00427 0.00000 0.01325 0.00000 0.04061 0.00000 0.03735 0.00000 0.12939 0.00000 0.14709 0.00000 0.20943 0.00000 0.10301 0.00000 0.12854 0.00000 0.11634 0.00000 0.06772 0.00000 0.00080 0.00000 
63	1	0.00005 0.00000 0.00058 0.00000 0.00119 0.00000 0.00289 0.00000 0.00464 0.00000 0.01169 0.00000 0.05662 0.00000 0.05300 0.00000 0.01058 0.00000 0.10240 0.00000 0.19910 0.00000 0.12490 0.00000 0.17630 0.00000 0.14737 0.00000 0.10665 0.00000 0.00203 0.00000 
64	1	0.00002 0.00000 0.00062 0.00000 0.00632 0.00000 0.03113 0.00000 0.11712 0.00000 0.24173 0.00000 0.14804 0.00000 0.04998 0.00000 0.01747 0.00000 0.01371 0.00000 0.01395 0.00000 0.01348 0.00000 0.01471 0.00000 0.26026 0.00000 0.07128 0.00000 0.00015 0.00000 
65	1	0.00002 0.00000 0.00066 0.00000 0.00669 0.00000 0.05742 0.00000 0.18926 0.00000 0.19074 0.00000 0.05479 0.00000 0.01127 0.00000 0.00989 0.00000 0.00826 0.00000 0.00795 0.00000 0.01348 0.00000 0.22048 0.00000 0.20790 0.00000 0.02051 0.00000 0.00067 0.00000 
66	1	0.00020 0.00000 0.00174 0.00000 0.01210 0.00000 0.09945 0.00000 0.17619 0.00000 0.04785 0.00000 0.01323 0.00000 0.01015 0.00000 0.00839 0.00000 0.00800 0.00000 0.01125 0.00000 0.17118 0.00000 0.37981 0.00000 0.04326 0.00000 0.01679 0.00000 0.00039 0.00000 
67	1	0.00001 0.00000 0.00058 0.00000 0.01393 0.00000 0.04440 0.00000 0.07345 0.00000 0.12718 0.00000 0.13903 0.00000 0.08280 0.00000 0.05514 0.00000 0.02200 0.00000 0.01363 0.00000 0.01367 0.00000 0.01523 0.00000 0.03655 0.00000 0.36187 0.00000 0.00052 0.00000 
68	1	0.00000 0.00000 0.00009 0.00000 0.00061 0.00000 0.00448 0.00000 0.01721 0.00000 0.03606 0.00000 0.03488 0.00000 0.04007 0.00000 0.04063 0.00000 0.04349 0.00000 0.05480 0.00000 0.22760 0.00000 0.17220 0.00000 0.16931 0.00000 0.13609 0.00000 0.02247 0.00000 
69	1	0.00000 0.00000 0.00001 0.00000 0.00019 0.00000 0.00152 0.00000 0.01062 0.00000 0.02118 0.00000 0.02692 0.00000 0.02946 0.00000 0.03066 0.00000 0.03460 0.00000 0.08809 0.00000 0.18354 0.00000 0.11779 0.00000 0.25813 0.00000 0.18017 0.00000 0.01713 0.00000 
70	2	0.00085 0.00000 0.00582 0.00000 0.04565 0.00000 0.06287 0.00000 0.06077 0.00000 0.04535 0.00000 0.05412 0.00000 0.09809 0.00000 0.16682 0.00000 0.18360 0.00000 0.07785 0.00000 0.05427 0.00000 0.06624 0.00000 0.05387 0.00000 0.01884 0.00000 0.00499 0.00000 
71	2	0.00150 0.00000 0.00735 0.00000 0.07096 0.00000 0.08320 0.00000 0.07299 0.00000 0.04519 0.00000 0.03049 0.00000 0.04416 0.00000 0.11205 0.00000 0.22596 0.00000 0.10602 0.00000 0.05310 0.00000 0.05862 0.00000 0.05610 0.00000 0.02656 0.00000 0.00575 0.00000 
72	2	0.00079 0.00000 0.00546 0.00000 0.05463 0.00000 0.06638 0.00000 0.06787 0.00000 0.04790 0.00000 0.04732 0.00000 0.08581 0.00000 0.18767 0.00000 0.14340 0.00000 0.06539 0.00000 0.05282 0.00000 0.08425 0.00000 0.07072 0.00000 0.01688 0.00000 0.00269 0.00000 
73	2	0.00220 0.00000 0.01287 0.00000 0.07765 0.00000 0.05844 0.00000 0.05780 0.00000 0.05660 0.00000 0.12854 0.00000 0.16769 0.00000 0.10058 0.00000 0.06785 0.00000 0.05748 0.00000 0.06433 0.00000 0.06950 0.00000 0.05892 0.00000 0.01451 0.00000 0.00504 0.00000 
74	2	0.00317 0.00000 0.01405 0.00000 0.08327 0.00000 0.07980 0.00000 0.05347 0.00000 0.03837 0.00000 0.04622 0.00000 0.09752 0.00000 0.16580 0.00000 0.11931 0.00000 0.05566 0.00000 0.04358 0.00000 0.06710 0.00000 0.10417 0.00000 0.02754 0.00000 0.00096 0.00000 
75	2	0.00014 0.00000 0.00151 0.00000 0.00135 0.00000 0.00396 0.00000 0.00885 0.00000 0.02991 0.00000 0.05855 0.00000 0.13892 0.00000 0.24100 0.00000 0.27447 0.00000 0.19456 0.00000 0.02873 0.00000 0.00699 0.00000 0.00445 0.00000 0.00530 0.00000 0.00129 0.00000 
76	2	0.00000 0.00000 0.00002 0.00000 0.00033 0.00000 0.00098 0.00000 0.00511 0.00000 0.01272 0.00000 0.02623 0.00000 0.05272 0.00000 0.11595 0.00000 0.18268 0.00000 0.25419 0.00000 0.19370 0.00000 0.08211 0.00000 0.04973 0.00000 0.01775 0.00000 0.00577 0.00000 
77	2	0.00008 0.00000 0.00063 0.00000 0.00160 0.00000 0.00352 0.00000 0.00687 0.00000 0.02359 0.00000 0.04654 0.00000 0.12753 0.00000 0.29274 0.00000 0.22271 0.00000 0.15422 0.00000 0.04117 0.00000 0.03641 0.00000 0.03497 0.00000 0.00584 0.00000 0.00158 0.00000 
78	2	0.00042 0.00000 0.00862 0.00000 0.02260 0.00000 0.03590 0.00000 0.03866 0.00000 0.05320 0.00000 0.05629 0.00000 0.03089 0.00000 0.02298 0.00000 0.03617 0.00000 0.09714 0.00000 0.44988 0.00000 0.06660 0.00000 0.03615 0.00000 0.04135 0.00000 0.00314 0.00000 
79	2	0.00010 0.00000 0.00107 0.00000 0.01329 0.00000 0.03962 0.00000 0.03970 0.00000 0.04506 0.00000 0.03982 0.00000 0.03648 0.00000 0.03582 0.00000 0.07229 0.00000 0.12315 0.00000 0.44087 0.00000 0.06105 0.00000 0.02721 0.00000 0.02143 0.00000 0.00304 0.00000 
80	2	0.00010 0.00000 0.00127 0.00000 0.00912 0.00000 0.02519 0.00000 0.04736 0.00000 0.08680 0.00000 0.08099 0.00000 0.06033 0.00000 0.06569 0.00000 0.06237 0.00000 0.05507 0.00000 0.45198 0.00000 0.02620 0.00000 0.01553 0.00000 0.00873 0.00000 0.00326 0.00000 
81	2	0.00000 0.00000 0.00060 0.00000 0.00341 0.00000 0.00701 0.00000 0.01047 0.00000 0.01084 0.00000 0.01343 0.00000 0.02092 0.00000 0.02666 0.00000 0.02648 0.00000 0.07432 0.00000 0.15719 0.00000 0.30391 0.00000 0.20727 0.00000 0.12455 0.00000 0.01294 0.00000 
82	2	0.00025 0.00000 0.01689 0.00000 0.01479 0.00000 0.03503 0.00000 0.05702 0.00000 0.05093 0.00000 0.08826 0.00000 0.15715 0.00000 0.24850 0.00000 0.06931 0.00000 0.06172 0.00000 0.03887 0.00000 0.02024 0.00000 0.05328 0.00000 0.08059 0.00000 0.00715 0.00000 
83	2	0.00036 0.00000 0.00690 0.00000 0.01791 0.00000 0.04707 0.00000 0.04739 0.00000 0.09189 0.00000 0.09478 0.00000 0.22966 0.00000 0.08561 0.00000 0.03887 0.00000 0.05038 0.00000 0.04138 0.00000 0.05476 0.00000 0.09922 0.00000 0.09279 0.00000 0.00101 0.00000 
84	2	0.00001 0.00000 0.00017 0.00000 0.00194 0.00000 0.00762 0.00000 0.03045 0.00000 0.08992 0.00000 0.18339 0.00000 0.32210 0.00000 0.22134 0.00000 0.02085 0.00000 0.01480 0.00000 0.01374 0.00000 0.01772 0.00000 0.03617 0.00000 0.03454 0.00000 0.00524 0.00000 
85	2	0.00008 0.00000 0.00285 0.00000 0.01194 0.00000 0.02745 0.00000 0.08022 0.00000 0.13854 0.00000 0.14390 0.00000 0.28754 0.00000 0.07256 0.00000 0.03714 0.00000 0.04151 0.00000 0.03074 0.00000 0.02176 0.00000 0.04738 0.00000 0.05417 0.00000 0.00222 0.00000 
86	2	0.00157 0.00000 0.01260 0.00000 0.02026 0.00000 0.02675 0.00000 0.04662 0.00000 0.04045 0.00000 0.07170 0.00000 0.12495 0.00000 0.25742 0.00000 0.11623 0.00000 0.06229 0.00000 0.05560 0.00000 0.06105 0.00000 0.06303 0.00000 0.03910 0.00000 0.00037 0.00000 
87	2	0.00020 0.00000 0.00150 0.00000 0.01542 0.00000 0.03792 0.00000 0.07259 0.00000 0.07588 0.00000 0.08950 0.00000 0.12214 0.00000 0.22122 0.00000 0.08438 0.00000 0.05830 0.00000 0.04667 0.00000 0.06406 0.00000 0.07957 0.00000 0.03053 0.00000 0.00010 0.00000 
88	2	0.00011 0.00000 0.00372 0.00000 0.01511 0.00000 0.05227 0.00000 0.05575 0.00000 0.08706 0.00000 0.09649 0.00000 0.18326 0.00000 0.21242 0.00000 0.05772 0.00000 0.05408 0.00000 0.04580 0.00000 0.04864 0.00000 0.06412 0.00000 0.02330 0.00000 0.00017 0.00000 
89	2	0.00024 0.00000 0.01166 0.00000 0.06524 0.00000 0.14562 0.00000 0.07164 0.00000 0.03766 0.00000 0.01931 0.00000 0.01885 0.00000 0.06263 0.00000 0.15530 0.00000 0.21081 0.00000 0.15928 0.00000 0.01796 0.00000 0.01297 0.00000 0.01017 0.00000 0.00065 0.00000 
90	2	0.00013 0.00000 0.00562 0.00000 0.01371 0.00000 0.01877 0.00000 0.04235 0.00000 0.05188 0.00000 0.05289 0.00000 0.05321 0.00000 0.12279 0.00000 0.20350 0.00000 0.32006 0.00000 0.05700 0.00000 0.02590 0.00000 0.01612 0.00000 0.01363 0.00000 0.00243 0.00000 
91	2	0.00002 0.00000 0.00013 0.00000 0.00056 0.00000 0.00095 0.00000 0.00202 0.00000 0.00319 0.00000 0.00559 0.00000 0.00913 0.00000 0.01505 0.00000 0.02005 0.00000 0.09156 0.00000 0.80345 0.00000 0.02641 0.00000 0.01416 0.00000 0.00610 0.00000 0.00162 0.00000 
92	2	0.00004 0.00000 0.00040 0.00000 0.00536 0.00000 0.02412 0.00000 0.04400 0.00000 0.04286 0.00000 0.03185 0.00000 0.11408 0.00000 0.24297 0.00000 0.09310 0.00000 0.13672 0.00000 0.10885 0.00000 0.09122 0.00000 0.05667 0.00000 0.00725 0.00000 0.00051 0.00000 
93	2	0.00000 0.00000 0.00002 0.00000 0.00087 0.00000 0.00599 0.00000 0.02767 0.00000 0.09324 0.00000 0.15208 0.00000 0.11170 0.00000 0.10560 0.00000 0.14025 0.00000 0.17306 0.00000 0.11780 0.00000 0.06241 0.00000 0.00735 0.00000 0.00185 0.00000 0.00009 0.00000 
94	2	0.00001 0.00000 0.00029 0.00000 0.00351 0.00000 0.02615 0.00000 0.08732 0.00000 0.10285 0.00000 0.08651 0.00000 0.09522 0.00000 0.11918 0.00000 0.13722 0.00000 0.12916 0.00000 0.10401 0.00000 0.08697 0.00000 0.01935 0.00000 0.00219 0.00000 0.00003 0.00000 
95	2	0.00000 0.00000 0.00006 0.00000 0.00057 0.00000 0.00433 0.00000 0.02636 0.00000 0.07947 0.00000 0.09381 0.00000 0.10692 0.00000 0.09710 0.00000 0.13075 0.00000 0.24952 0.00000 0.16239 0.00000 0.03955 0.00000 0.00787 0.00000 0.00095 0.00000 0.00034 0.00000 
96	2	0.00002 0.00000 0.00025 0.00000 0.00259 0.00000 0.01877 0.00000 0.12252 0.00000 0.04925 0.00000 0.06654 0.00000 0.07983 0.00000 0.10277 0.00000 0.10923 0.00000 0.12900 0.00000 0.13900 0.00000 0.12142 0.00000 0.05530 0.00000 0.00345 0.00000 0.00003 0.00000 
97	2	0.00000 0.00000 0.00005 0.00000 0.00074 0.00000 0.00264 0.00000 0.01206 0.00000 0.16530 0.00000 0.11492 0.00000 0.09162 0.00000 0.11525 0.00000 0.21517 0.00000 0.12319 0.00000 0.08105 0.00000 0.04952 0.00000 0.02404 0.00000 0.00422 0.00000 0.00023 0.00000 
98	2	0.00000 0.00000 0.00003 0.00000 0.00046 0.00000 0.00196 0.00000 0.06980 0.00000 0.10880 0.00000 0.05684 0.00000 0.05172 0.00000 0.11300 0.00000 0.14735 0.00000 0.09103 0.00000 0.21300 0.00000 0.12383 0.00000 0.01999 0.00000 0.00198 0.00000 0.00020 0.00000 
99	2	0.00002 0.00000 0.00029 0.00000 0.00098 0.00000 0.00102 0.00000 0.00107 0.00000 0.03714 0.00000 0.28684 0.00000 0.07310 0.00000 0.05932 0.00000 0.09001 0.00000 0.16674 0.00000 0.14591 0.00000 0.09882 0.00000 0.03256 0.00000 0.00606 0.00000 0.00011 0.00000 
100	2	0.00003 0.00000 0.00069 0.00000 0.00118 0.00000 0.00110 0.00000 0.10564 0.00000 0.13085 0.00000 0.01589 0.00000 0.02195 0.00000 0.10823 0.00000 0.21478 0.00000 0.14267 0.00000 0.11944 0.00000 0.11767 0.00000 0.01740 0.00000 0.00244 0.00000 0.00003 0.00000 
101	2	0.00000 0.00000 0.00002 0.00000 0.00033 0.00000 0.00107 0.00000 0.00105 0.00000 0.00241 0.00000 0.20003 0.00000 0.03556 0.00000 0.01745 0.00000 0.05045 0.00000 0.27976 0.00000 0.16702 0.00000 0.11375 0.00000 0.10604 0.00000 0.02467 0.00000 0.00037 0.00000 
102	2	0.00007 0.00000 0.00062 0.00000 0.00407 0.00000 0.01168 0.00000 0.02727 0.00000 0.04385 0.00000 0.05784 0.00000 0.06162 0.00000 0.08090 0.00000 0.39360 0.00000 0.20116 0.00000 0.05645 0.00000 0.03320 0.00000 0.01727 0.00000 0.00792 0.00000 0.00250 0.00000 
103	2	0.00016 0.00000 0.00248 0.00000 0.00774 0.00000 0.01906 0.00000 0.04735 0.00000 0.07285 0.00000 0.12325 0.00000 0.16395 0.00000 0.12419 0.00000 0.12499 0.00000 0.14223 0.00000 0.11576 0.00000 0.04987 0.00000 0.00595 0.00000 0.00017 0.00000 0.00000 0.00000 
104	2	0.00001 0.00000 0.00071 0.00000 0.01470 0.00000 0.02792 0.00000 0.03971 0.00000 0.14062 0.00000 0.15605 0.00000 0.11895 0.00000 0.11082 0.00000 0.15418 0.00000 0.17144 0.00000 0.05771 0.00000 0.00577 0.00000 0.00132 0.00000 0.00005 0.00000 0.00001 0.00000 
105	2	0.00008 0.00000 0.02416 0.00000 0.19020 0.00000 0.06455 0.00000 0.05966 0.00000 0.08126 0.00000 0.10481 0.00000 0.10653 0.00000 0.08760 0.00000 0.07859 0.00000 0.05794 0.00000 0.06036 0.00000 0.05676 0.00000 0.02402 0.00000 0.00327 0.00000 0.00021 0.00000 
106	2	0.00002 0.00000 0.00091 0.00000 0.01010 0.00000 0.04136 0.00000 0.08061 0.00000 0.10733 0.00000 0.15845 0.00000 0.20204 0.00000 0.09336 0.00000 0.06527 0.00000 0.09284 0.00000 0.10198 0.00000 0.03262 0.00000 0.01027 0.00000 0.00248 0.00000 0.00035 0.00000 
107	2	0.00001 0.00000 0.00018 0.00000 0.00260 0.00000 0.01494 0.00000 0.05675 0.00000 0.07800 0.00000 0.10659 0.00000 0.08990 0.00000 0.11260 0.00000 0.13840 0.00000 0.23747 0.00000 0.12504 0.00000 0.03662 0.00000 0.00085 0.00000 0.00005 0.00000 0.00001 0.00000 
108	2	0.00001 0.00000 0.00004 0.00000 0.01802 0.00000 0.14979 0.00000 0.06938 0.00000 0.04267 0.00000 0.05297 0.00000 0.07520 0.00000 0.15840 0.00000 0.13357 0.00000 0.09277 0.00000 0.08692 0.00000 0.08465 0.00000 0.03054 0.00000 0.00493 0.00000 0.00012 0.00000 
109	2	0.00001 0.00000 0.00015 0.00000 0.05372 0.00000 0.21646 0.00000 0.05291 0.00000 0.03939 0.00000 0.04510 0.00000 0.05389 0.00000 0.08111 0.00000 0.09595 0.00000 0.10340 0.00000 0.12013 0.00000 0.09741 0.00000 0.03423 0.00000 0.00596 0.00000 0.00018 0.00000 
110	2	0.00002 0.00000 0.00032 0.00000 0.00141 0.00000 0.00168 0.00000 0.00205 0.00000 0.00306 0.00000 0.10232 0.00000 0.10895 0.00000 0.07552 0.00000 0.16497 0.00000 0.15147 0.00000 0.17877 0.00000 0.15226 0.00000 0.05185 0.00000 0.00535 0.00000 0.00002 0.00000 
111	2	0.00013 0.00000 0.00035 0.00000 0.01488 0.00000 0.00356 0.00000 0.00619 0.00000 0.02126 0.00000 0.05932 0.00000 0.10505 0.00000 0.11482 0.00000 0.14441 0.00000 0.21010 0.00000 0.17341 0.00000 0.11185 0.00000 0.02670 0.00000 0.00557 0.00000 0.00238 0.00000 
112	2	0.00000 0.00000 0.00009 0.00000 0.00153 0.00000 0.00993 0.00000 0.02661 0.00000 0.04315 0.00000 0.05026 0.00000 0.04734 0.00000 0.26695 0.00000 0.15183 0.00000 0.17195 0.00000 0.09032 0.00000 0.07332 0.00000 0.05829 0.00000 0.00819 0.00000 0.00025 0.00000 
113	2	0.00000 0.00000 0.00001 0.00000 0.00043 0.00000 0.00247 0.00000 0.00950 0.00000 0.02172 0.00000 0.03829 0.00000 0.05582 0.00000 0.07314 0.00000 0.13579 0.00000 0.53849 0.00000 0.05980 0.00000 0.03557 0.00000 0.01857 0.00000 0.00795 0.00000 0.00244 0.00000 
114	2	0.00007 0.00000 0.00055 0.00000 0.00535 0.00000 0.01321 0.00000 0.04012 0.00000 0.07516 0.00000 0.10698 0.00000 0.09038 0.00000 0.09049 0.00000 0.12899 0.00000 0.31199 0.00000 0.06731 0.00000 0.03609 0.00000 0.02011 0.00000 0.01001 0.00000 0.00319 0.00000 
115	2	0.00005 0.00000 0.00040 0.00000 0.00402 0.00000 0.01771 0.00000 0.05328 0.00000 0.11183 0.00000 0.14850 0.00000 0.10268 0.00000 0.09393 0.00000 0.09355 0.00000 0.26598 0.00000 0.05461 0.00000 0.02923 0.00000 0.01527 0.00000 0.00704 0.00000 0.00191 0.00000 
116	2	0.00158 0.00000 0.00517 0.00000 0.02009 0.00000 0.01740 0.00000 0.01989 0.00000 0.04243 0.00000 0.08275 0.00000 0.14220 0.00000 0.15934 0.00000 0.12195 0.00000 0.09422 0.00000 0.20700 0.00000 0.06117 0.00000 0.01667 0.00000 0.00647 0.00000 0.00166 0.00000 
117	2	0.00177 0.00000 0.00951 0.00000 0.01677 0.00000 0.03611 0.00000 0.05018 0.00000 0.05433 0.00000 0.03049 0.00000 0.03176 0.00000 0.08125 0.00000 0.17159 0.00000 0.15850 0.00000 0.19403 0.00000 0.07735 0.00000 0.05163 0.00000 0.03314 0.00000 0.00159 0.00000 
118	2	0.00000 0.00000 0.00002 0.00000 0.00012 0.00000 0.00016 0.00000 0.00037 0.00000 0.00065 0.00000 0.00306 0.00000 0.01668 0.00000 0.06070 0.00000 0.11308 0.00000 0.22084 0.00000 0.23835 0.00000 0.18124 0.00000 0.15792 0.00000 0.00612 0.00000 0.00068 0.00000 
119	2	0.00000 0.00000 0.00001 0.00000 0.00065 0.00000 0.01496 0.00000 0.04000 0.00000 0.10626 0.00000 0.06487 0.00000 0.01110 0.00000 0.01720 0.00000 0.07660 0.00000 0.07631 0.00000 0.39053 0.00000 0.11853 0.00000 0.06519 0.00000 0.01706 0.00000 0.00073 0.00000 
120	2	0.00000 0.00000 0.00006 0.00000 0.00096 0.00000 0.00925 0.00000 0.03442 0.00000 0.05774 0.00000 0.03519 0.00000 0.03039 0.00000 0.02362 0.00000 0.08359 0.00000 0.53341 0.00000 0.10181 0.00000 0.05358 0.00000 0.03127 0.00000 0.00460 0.00000 0.00010 0.00000 
121	2	0.00001 0.00000 0.00011 0.00000 0.00266 0.00000 0.01409 0.00000 0.02471 0.00000 0.03428 0.00000 0.02598 0.00000 0.02864 0.00000 0.02699 0.00000 0.13472 0.00000 0.48147 0.00000 0.13787 0.00000 0.05002 0.00000 0.02929 0.00000 0.00892 0.00000 0.00023 0.00000 
122	2	0.00000 0.00000 0.00022 0.00000 0.00638 0.00000 0.02394 0.00000 0.01308 0.00000 0.02018 0.00000 0.06535 0.00000 0.13474 0.00000 0.17986 0.00000 0.13067 0.00000 0.04958 0.00000 0.03614 0.00000 0.22829 0.00000 0.08990 0.00000 0.01981 0.00000 0.00185 0.00000 
123	2	0.00001 0.00000 0.00016 0.00000 0.00102 0.00000 0.00200 0.00000 0.00413 0.00000 0.00750 0.00000 0.01304 0.00000 0.01926 0.00000 0.02910 0.00000 0.09277 0.00000 0.76861 0.00000 0.03368 0.00000 0.01651 0.00000 0.00790 0.00000 0.00335 0.00000 0.00094 0.00000 
124	2	0.00000 0.00000 0.00003 0.00000 0.00032 0.00000 0.00355 0.00000 0.01827 0.00000 0.02437 0.00000 0.08468 0.00000 0.20763 0.00000 0.16840 0.00000 0.08865 0.00000 0.05778 0.00000 0.06047 0.00000 0.20101 0.00000 0.06109 0.00000 0.02158 0.00000 0.00215 0.00000 
125	2	0.00006 0.00000 0.00214 0.00000 0.03879 0.00000 0.01318 0.00000 0.01377 0.00000 0.09782 0.00000 0.21641 0.00000 0.19212 0.00000 0.12128 0.00000 0.06092 0.00000 0.04791 0.00000 0.05221 0.00000 0.06340 0.00000 0.06230 0.00000 0.01620 0.00000 0.00149 0.00000 
126	2	0.00005 0.00000 0.00003 0.00000 0.00053 0.00000 0.00203 0.00000 0.00933 0.00000 0.03866 0.00000 0.07395 0.00000 0.09270 0.00000 0.10392 0.00000 0.10019 0.00000 0.09636 0.00000 0.23663 0.00000 0.18730 0.00000 0.04023 0.00000 0.01430 0.00000 0.00380 0.00000 
127	2	0.00003 0.00000 0.00029 0.00000 0.00270 0.00000 0.01027 0.00000 0.03938 0.00000 0.07492 0.00000 0.09086 0.00000 0.08298 0.00000 0.09369 0.00000 0.21881 0.00000 0.25190 0.00000 0.07566 0.00000 0.03384 0.00000 0.01616 0.00000 0.00690 0.00000 0.00157 0.00000 
128	2	0.00000 0.00000 0.00003 0.00000 0.00030 0.00000 0.00032 0.00000 0.00101 0.00000 0.01081 0.00000 0.07443 0.00000 0.06623 0.00000 0.03186 0.00000 0.02226 0.00000 0.07567 0.00000 0.22462 0.00000 0.47020 0.00000 0.01818 0.00000 0.00320 0.00000 0.00087 0.00000 
129	2	0.00000 0.00000 0.00004 0.00000 0.00022 0.00000 0.00070 0.00000 0.00374 0.00000 0.02095 0.00000 0.08858 0.00000 0.09779 0.00000 0.03986 0.00000 0.02289 0.00000 0.05669 0.00000 0.20799 0.00000 0.42256 0.00000 0.03165 0.00000 0.00450 0.00000 0.00183 0.00000 
130	2	0.00001 0.00000 0.00006 0.00000 0.00055 0.00000 0.00325 0.00000 0.01958 0.00000 0.06002 0.00000 0.04890 0.00000 0.03142 0.00000 0.02835 0.00000 0.02587 0.00000 0.03156 0.00000 0.47384 0.00000 0.26073 0.00000 0.01220 0.00000 0.00306 0.00000 0.00061 0.00000 
131	2	0.00002 0.00000 0.00022 0.00000 0.00166 0.00000 0.00725 0.00000 0.01749 0.00000 0.04209 0.00000 0.05863 0.00000 0.07753 0.00000 0.07388 0.00000 0.12762 0.00000 0.23388 0.00000 0.20546 0.00000 0.09577 0.00000 0.04034 0.00000 0.01450 0.00000 0.00365 0.00000 
132	2	0.00010 0.00000 0.00022 0.00000 0.00119 0.00000 0.00193 0.00000 0.00434 0.00000 0.03333 0.00000 0.07535 0.00000 0.05687 0.00000 0.08302 0.00000 0.10136 0.00000 0.08809 0.00000 0.08276 0.00000 0.26635 0.00000 0.16077 0.00000 0.03688 0.00000 0.00743 0.00000 
133	2	0.00002 0.00000 0.00012 0.00000 0.00211 0.00000 0.01136 0.00000 0.03992 0.00000 0.08049 0.00000 0.09515 0.00000 0.08540 0.00000 0.09774 0.00000 0.14299 0.00000 0.25939 0.00000 0.09477 0.00000 0.05087 0.00000 0.02608 0.00000 0.01076 0.00000 0.00282 0.00000 
134	2	0.00005 0.00000 0.00069 0.00000 0.01087 0.00000 0.04873 0.00000 0.05681 0.00000 0.04650 0.00000 0.03785 0.00000 0.03045 0.00000 0.03045 0.00000 0.08256 0.00000 0.18183 0.00000 0.40716 0.00000 0.05482 0.00000 0.00752 0.00000 0.00302 0.00000 0.00069 0.00000 
135	2	0.00021 0.00000 0.01030 0.00000 0.03576 0.00000 0.02795 0.00000 0.05277 0.00000 0.09079 0.00000 0.18960 0.00000 0.23142 0.00000 0.12769 0.00000 0.07470 0.00000 0.04992 0.00000 0.04385 0.00000 0.03447 0.00000 0.01890 0.00000 0.00985 0.00000 0.00181 0.00000 
136	2	0.00023 0.00000 0.01553 0.00000 0.03562 0.00000 0.04370 0.00000 0.04910 0.00000 0.07679 0.00000 0.13552 0.00000 0.15044 0.00000 0.15588 0.00000 0.10532 0.00000 0.05977 0.00000 0.04595 0.00000 0.03791 0.00000 0.03377 0.00000 0.05257 0.00000 0.00189 0.00000 
137	2	0.00002 0.00000 0.00022 0.00000 0.00241 0.00000 0.02042 0.00000 0.05679 0.00000 0.11534 0.00000 0.07753 0.00000 0.05682 0.00000 0.04131 0.00000 0.04356 0.00000 0.22175 0.00000 0.33381 0.00000 0.01760 0.00000 0.00779 0.00000 0.00374 0.00000 0.00089 0.00000 
138	2	0.00357 0.00000 0.03252 0.00000 0.07813 0.00000 0.02746 0.00000 0.02538 0.00000 0.04380 0.00000 0.08951 0.00000 0.12245 0.00000 0.11650 0.00000 0.08908 0.00000 0.07156 0.00000 0.08974 0.00000 0.18060 0.00000 0.02130 0.00000 0.00725 0.00000 0.00114 0.00000 
139	2	0.00228 0.00000 0.01311 0.00000 0.08942 0.00000 0.03391 0.00000 0.03122 0.00000 0.03858 0.00000 0.07305 0.00000 0.13480 0.00000 0.14812 0.00000 0.12341 0.00000 0.10027 0.00000 0.08593 0.00000 0.07173 0.00000 0.04067 0.00000 0.01110 0.00000 0.00239 0.00000 
140	3	0.00002 0.00000 0.00025 0.00000 0.01625 0.00000 0.06496 0.00000 0.15352 0.00000 0.12980 0.00000 0.12224 0.00000 0.10624 0.00000 0.06820 0.00000 0.06125 0.00000 0.05910 0.00000 0.07487 0.00000 0.07081 0.00000 0.04551 0.00000 0.02350 0.00000 0.00346 0.00000 
141	3	0.00007 0.00000 0.00712 0.00000 0.03060 0.00000 0.06602 0.00000 0.06464 0.00000 0.06952 0.00000 0.10114 0.00000 0.09385 0.00000 0.10621 0.00000 0.09575 0.00000 0.08375 0.00000 0.08123 0.00000 0.06639 0.00000 0.06042 0.00000 0.05679 0.00000 0.01647 0.00000 
142	3	0.00001 0.00000 0.00011 0.00000 0.01263 0.00000 0.13460 0.00000 0.20965 0.00000 0.12940 0.00000 0.09962 0.00000 0.05395 0.00000 0.05107 0.00000 0.06728 0.00000 0.06318 0.00000 0.05352 0.00000 0.05785 0.00000 0.04317 0.00000 0.02042 0.00000 0.00354 0.00000 
143	3	0.00033 0.00000 0.00177 0.00000 0.04802 0.00000 0.06925 0.00000 0.07656 0.00000 0.09932 0.00000 0.11229 0.00000 0.10905 0.00000 0.11130 0.00000 0.10091 0.00000 0.08025 0.00000 0.06685 0.00000 0.06941 0.00000 0.04101 0.00000 0.01185 0.00000 0.00184 0.00000 
144	3	0.00026 0.00000 0.00179 0.00000 0.03213 0.00000 0.08601 0.00000 0.13262 0.00000 0.08907 0.00000 0.07290 0.00000 0.07959 0.00000 0.08355 0.00000 0.09193 0.00000 0.09268 0.00000 0.09012 0.00000 0.08508 0.00000 0.05108 0.00000 0.01015 0.00000 0.00103 0.00000 
145	3	0.00001 0.00000 0.00054 0.00000 0.00579 0.00000 0.01941 0.00000 0.04131 0.00000 0.05629 0.00000 0.08582 0.00000 0.10337 0.00000 0.13365 0.00000 0.16482 0.00000 0.14122 0.00000 0.13590 0.00000 0.08238 0.00000 0.02229 0.00000 0.00639 0.00000 0.00080 0.00000 
146	3	0.00001 0.00000 0.00010 0.00000 0.00254 0.00000 0.01470 0.00000 0.05425 0.00000 0.06751 0.00000 0.07167 0.00000 0.09177 0.00000 0.11175 0.00000 0.12443 0.00000 0.13950 0.00000 0.11340 0.00000 0.11555 0.00000 0.07250 0.00000 0.01894 0.00000 0.00139 0.00000 
147	3	0.00002 0.00000 0.00036 0.00000 0.01047 0.00000 0.04601 0.00000 0.10286 0.00000 0.10936 0.00000 0.10274 0.00000 0.10709 0.00000 0.10577 0.00000 0.08847 0.00000 0.08490 0.00000 0.07205 0.00000 0.06917 0.00000 0.05557 0.00000 0.03506 0.00000 0.01010 0.00000 
148	3	0.00002 0.00000 0.00022 0.00000 0.00452 0.00000 0.02625 0.00000 0.08735 0.00000 0.09847 0.00000 0.07571 0.00000 0.07094 0.00000 0.07579 0.00000 0.09545 0.00000 0.11460 0.00000 0.09445 0.00000 0.09022 0.00000 0.07778 0.00000 0.06776 0.00000 0.02047 0.00000 
149	3	0.00002 0.00000 0.00013 0.00000 0.00254 0.00000 0.01107 0.00000 0.03199 0.00000 0.03924 0.00000 0.05449 0.00000 0.08412 0.00000 0.10972 0.00000 0.07185 0.00000 0.06175 0.00000 0.06267 0.00000 0.07499 0.00000 0.10852 0.00000 0.20774 0.00000 0.07916 0.00000 
150	3	0.00138 0.00000 0.00619 0.00000 0.02435 0.00000 0.02492 0.00000 0.03483 0.00000 0.04362 0.00000 0.05269 0.00000 0.05327 0.00000 0.06297 0.00000 0.05753 0.00000 0.06094 0.00000 0.06032 0.00000 0.08845 0.00000 0.18450 0.00000 0.18293 0.00000 0.06113 0.00000 
151	3	0.00144 0.00000 0.00515 0.00000 0.01840 0.00000 0.02081 0.00000 0.03000 0.00000 0.04037 0.00000 0.04827 0.00000 0.05790 0.00000 0.06737 0.00000 0.05807 0.00000 0.06439 0.00000 0.06298 0.00000 0.07878 0.00000 0.15960 0.00000 0.21095 0.00000 0.07552 0.00000 
152	3	0.00010 0.00000 0.00048 0.00000 0.00357 0.00000 0.00586 0.00000 0.01479 0.00000 0.04179 0.00000 0.09543 0.00000 0.11170 0.00000 0.10633 0.00000 0.07007 0.00000 0.06845 0.00000 0.05774 0.00000 0.07340 0.00000 0.09585 0.00000 0.16710 0.00000 0.08733 0.00000 
153	3	0.00006 0.00000 0.00055 0.00000 0.02538 0.00000 0.10327 0.00000 0.16981 0.00000 0.05001 0.00000 0.06168 0.00000 0.07761 0.00000 0.08840 0.00000 0.09129 0.00000 0.09150 0.00000 0.07043 0.00000 0.06107 0.00000 0.05099 0.00000 0.04149 0.00000 0.01645 0.00000 
154	3	0.00010 0.00000 0.00680 0.00000 0.02242 0.00000 0.04163 0.00000 0.07738 0.00000 0.09683 0.00000 0.10284 0.00000 0.11672 0.00000 0.10250 0.00000 0.09039 0.00000 0.08410 0.00000 0.07832 0.00000 0.05995 0.00000 0.05687 0.00000 0.04822 0.00000 0.01492 0.00000 
155	3	0.00145 0.00000 0.06803 0.00000 0.07666 0.00000 0.06988 0.00000 0.06849 0.00000 0.04829 0.00000 0.04388 0.00000 0.07670 0.00000 0.08541 0.00000 0.12379 0.00000 0.15502 0.00000 0.11140 0.00000 0.04562 0.00000 0.01894 0.00000 0.00604 0.00000 0.00040 0.00000 
156	3	0.00000 0.00000 0.00002 0.00000 0.00066 0.00000 0.03770 0.00000 0.21866 0.00000 0.11423 0.00000 0.06568 0.00000 0.06582 0.00000 0.06711 0.00000 0.10679 0.00000 0.08808 0.00000 0.08680 0.00000 0.09545 0.00000 0.03913 0.00000 0.01316 0.00000 0.00070 0.00000 
157	3	0.01442 0.00000 0.11360 0.00000 0.08822 0.00000 0.06495 0.00000 0.08383 0.00000 0.05049 0.00000 0.02777 0.00000 0.01636 0.00000 0.01371 0.00000 0.04795 0.00000 0.15136 0.00000 0.16962 0.00000 0.09834 0.00000 0.04395 0.00000 0.01508 0.00000 0.00037 0.00000 
158	3	0.00038 0.00000 0.00033 0.00000 0.00120 0.00000 0.00772 0.00000 0.06655 0.00000 0.06828 0.00000 0.03751 0.00000 0.03720 0.00000 0.12201 0.00000 0.20700 0.00000 0.26120 0.00000 0.13672 0.00000 0.04162 0.00000 0.01077 0.00000 0.00144 0.00000 0.00007 0.00000 
159	3	0.00250 0.00000 0.00246 0.00000 0.00201 0.00000 0.01617 0.00000 0.19413 0.00000 0.11909 0.00000 0.03342 0.00000 0.03517 0.00000 0.15322 0.00000 0.18552 0.00000 0.14701 0.00000 0.05989 0.00000 0.03003 0.00000 0.01480 0.00000 0.00446 0.00000 0.00012 0.00000 
160	3	0.00162 0.00000 0.04290 0.00000 0.03521 0.00000 0.01244 0.00000 0.00427 0.00000 0.00328 0.00000 0.01330 0.00000 0.11794 0.00000 0.35690 0.00000 0.26537 0.00000 0.08837 0.00000 0.03509 0.00000 0.01497 0.00000 0.00568 0.00000 0.00252 0.00000 0.00014 0.00000 
161	3	0.00031 0.00000 0.00297 0.00000 0.01742 0.00000 0.05509 0.00000 0.52698 0.00000 0.14806 0.00000 0.02936 0.00000 0.05289 0.00000 0.06768 0.00000 0.03449 0.00000 0.02825 0.00000 0.01795 0.00000 0.01188 0.00000 0.00499 0.00000 0.00146 0.00000 0.00020 0.00000 
162	3	0.00635 0.00000 0.05142 0.00000 0.02518 0.00000 0.01638 0.00000 0.01640 0.00000 0.02232 0.00000 0.03883 0.00000 0.07130 0.00000 0.14992 0.00000 0.29907 0.00000 0.22912 0.00000 0.06264 0.00000 0.01015 0.00000 0.00081 0.00000 0.00009 0.00000 0.00002 0.00000 
163	3	0.00119 0.00000 0.00257 0.00000 0.00287 0.00000 0.00349 0.00000 0.28390 0.00000 0.12384 0.00000 0.07943 0.00000 0.05374 0.00000 0.06390 0.00000 0.13066 0.00000 0.13576 0.00000 0.07393 0.00000 0.03070 0.00000 0.01097 0.00000 0.00214 0.00000 0.00092 0.00000 
164	3	0.00067 0.00000 0.15553 0.00000 0.15069 0.00000 0.08745 0.00000 0.05097 0.00000 0.04668 0.00000 0.02628 0.00000 0.04468 0.00000 0.10986 0.00000 0.12482 0.00000 0.11189 0.00000 0.05317 0.00000 0.02442 0.00000 0.01012 0.00000 0.00184 0.00000 0.00092 0.00000 
165	3	0.00005 0.00000 0.00557 0.00000 0.07867 0.00000 0.14259 0.00000 0.18174 0.00000 0.09452 0.00000 0.06538 0.00000 0.05645 0.00000 0.08704 0.00000 0.07880 0.00000 0.04579 0.00000 0.03125 0.00000 0.03406 0.00000 0.06449 0.00000 0.03088 0.00000 0.00270 0.00000 
166	3	0.00001 0.00000 0.00019 0.00000 0.00146 0.00000 0.01994 0.00000 0.28861 0.00000 0.20407 0.00000 0.21529 0.00000 0.05377 0.00000 0.02453 0.00000 0.02667 0.00000 0.03809 0.00000 0.05635 0.00000 0.04913 0.00000 0.02085 0.00000 0.00085 0.00000 0.00020 0.00000 
167	3	0.00002 0.00000 0.00017 0.00000 0.00385 0.00000 0.04763 0.00000 0.17808 0.00000 0.21769 0.00000 0.24368 0.00000 0.07500 0.00000 0.02934 0.00000 0.02875 0.00000 0.03042 0.00000 0.03412 0.00000 0.05055 0.00000 0.05441 0.00000 0.00600 0.00000 0.00028 0.00000 
168	3	0.00002 0.00000 0.00017 0.00000 0.01420 0.00000 0.16872 0.00000 0.21493 0.00000 0.16566 0.00000 0.06696 0.00000 0.04846 0.00000 0.02537 0.00000 0.02316 0.00000 0.04780 0.00000 0.09109 0.00000 0.10236 0.00000 0.02915 0.00000 0.00188 0.00000 0.00005 0.00000 
169	3	0.00001 0.00000 0.00015 0.00000 0.04332 0.00000 0.24393 0.00000 0.18247 0.00000 0.14920 0.00000 0.09899 0.00000 0.05448 0.00000 0.03515 0.00000 0.04215 0.00000 0.04012 0.00000 0.05107 0.00000 0.04182 0.00000 0.01474 0.00000 0.00229 0.00000 0.00011 0.00000 
170	3	0.00001 0.00000 0.00015 0.00000 0.00345 0.00000 0.02928 0.00000 0.07952 0.00000 0.17380 0.00000 0.16278 0.00000 0.12575 0.00000 0.12740 0.00000 0.09468 0.00000 0.05975 0.00000 0.03960 0.00000 0.04025 0.00000 0.04574 0.00000 0.01440 0.00000 0.00343 0.00000 
171	3	0.00001 0.00000 0.00013 0.00000 0.00556 0.00000 0.02402 0.00000 0.05178 0.00000 0.06435 0.00000 0.07138 0.00000 0.07959 0.00000 0.08232 0.00000 0.07196 0.00000 0.08435 0.00000 0.17467 0.00000 0.23024 0.00000 0.03827 0.00000 0.01516 0.00000 0.00619 0.00000 
172	3	0.00015 0.00000 0.00062 0.00000 0.00554 0.00000 0.01446 0.00000 0.04512 0.00000 0.07333 0.00000 0.08337 0.00000 0.08422 0.00000 0.07890 0.00000 0.07783 0.00000 0.13614 0.00000 0.30566 0.00000 0.05294 0.00000 0.02017 0.00000 0.01387 0.00000 0.00767 0.00000 
173	3	0.00140 0.00000 0.00392 0.00000 0.00902 0.00000 0.00926 0.00000 0.02043 0.00000 0.03740 0.00000 0.09194 0.00000 0.19082 0.00000 0.21312 0.00000 0.17532 0.00000 0.11757 0.00000 0.07124 0.00000 0.04413 0.00000 0.01287 0.00000 0.00140 0.00000 0.00017 0.00000 
174	3	0.00003 0.00000 0.00042 0.00000 0.00444 0.00000 0.00826 0.00000 0.06415 0.00000 0.36268 0.00000 0.07720 0.00000 0.05639 0.00000 0.08130 0.00000 0.08011 0.00000 0.06392 0.00000 0.04661 0.00000 0.04775 0.00000 0.05274 0.00000 0.04461 0.00000 0.00940 0.00000 
175	3	0.00001 0.00000 0.00027 0.00000 0.00064 0.00000 0.00618 0.00000 0.20326 0.00000 0.11258 0.00000 0.05311 0.00000 0.07813 0.00000 0.14202 0.00000 0.11318 0.00000 0.08891 0.00000 0.06882 0.00000 0.04688 0.00000 0.05019 0.00000 0.02944 0.00000 0.00637 0.00000 
176	3	0.00000 0.00000 0.00004 0.00000 0.00162 0.00000 0.00485 0.00000 0.03722 0.00000 0.30095 0.00000 0.06253 0.00000 0.05516 0.00000 0.12345 0.00000 0.11266 0.00000 0.09186 0.00000 0.06065 0.00000 0.05452 0.00000 0.04977 0.00000 0.03965 0.00000 0.00507 0.00000 
177	3	0.00002 0.00000 0.00031 0.00000 0.00069 0.00000 0.00283 0.00000 0.03345 0.00000 0.31886 0.00000 0.13442 0.00000 0.08374 0.00000 0.08237 0.00000 0.08065 0.00000 0.06282 0.00000 0.04736 0.00000 0.03750 0.00000 0.05114 0.00000 0.05043 0.00000 0.01341 0.00000 
178	3	0.00125 0.00000 0.00439 0.00000 0.10539 0.00000 0.15191 0.00000 0.22055 0.00000 0.09720 0.00000 0.07162 0.00000 0.06429 0.00000 0.06345 0.00000 0.06277 0.00000 0.06520 0.00000 0.05828 0.00000 0.02540 0.00000 0.00519 0.00000 0.00207 0.00000 0.00105 0.00000 
179	3	0.00178 0.00000 0.00558 0.00000 0.06955 0.00000 0.14007 0.00000 0.18366 0.00000 0.11596 0.00000 0.07567 0.00000 0.05113 0.00000 0.05556 0.00000 0.06948 0.00000 0.09508 0.00000 0.08660 0.00000 0.04066 0.00000 0.00587 0.00000 0.00283 0.00000 0.00051 0.00000 
180	3	0.00194 0.00000 0.00553 0.00000 0.06645 0.00000 0.13342 0.00000 0.15577 0.00000 0.11448 0.00000 0.06900 0.00000 0.06075 0.00000 0.07224 0.00000 0.10323 0.00000 0.12515 0.00000 0.07291 0.00000 0.01425 0.00000 0.00280 0.00000 0.00174 0.00000 0.00035 0.00000 
181	3	0.00385 0.00000 0.00847 0.00000 0.09978 0.00000 0.16973 0.00000 0.13539 0.00000 0.08584 0.00000 0.06910 0.00000 0.07022 0.00000 0.09513 0.00000 0.12860 0.00000 0.10485 0.00000 0.02157 0.00000 0.00351 0.00000 0.00208 0.00000 0.00152 0.00000 0.00037 0.00000 
182	3	0.00035 0.00000 0.00202 0.00000 0.04938 0.00000 0.06276 0.00000 0.06055 0.00000 0.05304 0.00000 0.06906 0.00000 0.08079 0.00000 0.12040 0.00000 0.11584 0.00000 0.10046 0.00000 0.07541 0.00000 0.06163 0.00000 0.06157 0.00000 0.07239 0.00000 0.01432 0.00000 
183	3	0.00044 0.00000 0.00159 0.00000 0.11873 0.00000 0.16065 0.00000 0.13805 0.00000 0.10378 0.00000 0.07913 0.00000 0.06213 0.00000 0.06885 0.00000 0.09621 0.00000 0.10623 0.00000 0.04185 0.00000 0.01064 0.00000 0.00578 0.00000 0.00411 0.00000 0.00181 0.00000 
184	3	0.00012 0.00000 0.00138 0.00000 0.00791 0.00000 0.03779 0.00000 0.07054 0.00000 0.08291 0.00000 0.11769 0.00000 0.11604 0.00000 0.11065 0.00000 0.13250 0.00000 0.13172 0.00000 0.09607 0.00000 0.06562 0.00000 0.02349 0.00000 0.00549 0.00000 0.00007 0.00000 
185	3	0.00001 0.00000 0.00001 0.00000 0.00032 0.00000 0.00458 0.00000 0.02355 0.00000 0.04595 0.00000 0.07750 0.00000 0.10939 0.00000 0.13796 0.00000 0.13802 0.00000 0.15531 0.00000 0.14105 0.00000 0.10420 0.00000 0.04650 0.00000 0.01407 0.00000 0.00157 0.00000 
186	3	0.00011 0.00000 0.00765 0.00000 0.06482 0.00000 0.12233 0.00000 0.11836 0.00000 0.08554 0.00000 0.05095 0.00000 0.05868 0.00000 0.09683 0.00000 0.10679 0.00000 0.09160 0.00000 0.06160 0.00000 0.05293 0.00000 0.04435 0.00000 0.02778 0.00000 0.00967 0.00000 
187	3	0.00010 0.00000 0.01218 0.00000 0.05000 0.00000 0.09615 0.00000 0.13517 0.00000 0.09295 0.00000 0.05207 0.00000 0.07579 0.00000 0.11226 0.00000 0.11028 0.00000 0.09138 0.00000 0.05505 0.00000 0.04614 0.00000 0.03634 0.00000 0.02609 0.00000 0.00805 0.00000 
188	3	0.00073 0.00000 0.01722 0.00000 0.05836 0.00000 0.10831 0.00000 0.10862 0.00000 0.06887 0.00000 0.04956 0.00000 0.06239 0.00000 0.08258 0.00000 0.09205 0.00000 0.07379 0.00000 0.06223 0.00000 0.06019 0.00000 0.05812 0.00000 0.04470 0.00000 0.05229 0.00000 
189	3	0.00004 0.00000 0.00309 0.00000 0.01635 0.00000 0.03614 0.00000 0.07783 0.00000 0.13422 0.00000 0.15415 0.00000 0.10567 0.00000 0.06695 0.00000 0.07079 0.00000 0.10750 0.00000 0.12275 0.00000 0.06423 0.00000 0.02815 0.00000 0.00769 0.00000 0.00444 0.00000 
190	3	0.00004 0.00000 0.00124 0.00000 0.01132 0.00000 0.04490 0.00000 0.14997 0.00000 0.13596 0.00000 0.17788 0.00000 0.12230 0.00000 0.07234 0.00000 0.05500 0.00000 0.04132 0.00000 0.04246 0.00000 0.03822 0.00000 0.03269 0.00000 0.02428 0.00000 0.05008 0.00000 
191	3	0.00002 0.00000 0.00043 0.00000 0.00601 0.00000 0.03538 0.00000 0.06372 0.00000 0.07757 0.00000 0.09780 0.00000 0.11319 0.00000 0.10427 0.00000 0.09479 0.00000 0.08211 0.00000 0.06603 0.00000 0.05475 0.00000 0.05540 0.00000 0.08257 0.00000 0.06597 0.00000 
192	3	0.00000 0.00000 0.00000 0.00000 0.00061 0.00000 0.02188 0.00000 0.06180 0.00000 0.08215 0.00000 0.10792 0.00000 0.12885 0.00000 0.12695 0.00000 0.10447 0.00000 0.07386 0.00000 0.05629 0.00000 0.04602 0.00000 0.04018 0.00000 0.07508 0.00000 0.07394 0.00000 
193	3	0.00121 0.00000 0.00321 0.00000 0.02778 0.00000 0.03961 0.00000 0.05822 0.00000 0.07074 0.00000 0.08525 0.00000 0.09667 0.00000 0.10440 0.00000 0.10613 0.00000 0.10967 0.00000 0.08968 0.00000 0.07581 0.00000 0.05967 0.00000 0.04471 0.00000 0.02722 0.00000 
194	3	0.00003 0.00000 0.00200 0.00000 0.02605 0.00000 0.11720 0.00000 0.21384 0.00000 0.17505 0.00000 0.13357 0.00000 0.08176 0.00000 0.06035 0.00000 0.02885 0.00000 0.03440 0.00000 0.03072 0.00000 0.02561 0.00000 0.01853 0.00000 0.01270 0.00000 0.03933 0.00000 
195	3	0.00046 0.00000 0.02327 0.00000 0.08695 0.00000 0.15813 0.00000 0.23374 0.00000 0.10122 0.00000 0.05959 0.00000 0.04545 0.00000 0.03235 0.00000 0.03805 0.00000 0.03516 0.00000 0.03792 0.00000 0.02192 0.00000 0.01265 0.00000 0.01749 0.00000 0.09566 0.00000 
196	3	0.00025 0.00000 0.01182 0.00000 0.05705 0.00000 0.11998 0.00000 0.20993 0.00000 0.10015 0.00000 0.04943 0.00000 0.03799 0.00000 0.02949 0.00000 0.03300 0.00000 0.04844 0.00000 0.05017 0.00000 0.03807 0.00000 0.02240 0.00000 0.02173 0.00000 0.17010 0.00000 
197	3	0.00022 0.00000 0.00312 0.00000 0.01295 0.00000 0.08870 0.00000 0.28407 0.00000 0.24885 0.00000 0.06716 0.00000 0.03337 0.00000 0.02630 0.00000 0.03610 0.00000 0.09813 0.00000 0.08192 0.00000 0.01577 0.00000 0.00257 0.00000 0.00038 0.00000 0.00038 0.00000 
198	3	0.00036 0.00000 0.01195 0.00000 0.04459 0.00000 0.07375 0.00000 0.22755 0.00000 0.23662 0.00000 0.10544 0.00000 0.05484 0.00000 0.02982 0.00000 0.02664 0.00000 0.08932 0.00000 0.08280 0.00000 0.01366 0.00000 0.00207 0.00000 0.00034 0.00000 0.00026 0.00000 
199	3	0.00006 0.00000 0.00675 0.00000 0.16898 0.00000 0.24137 0.00000 0.15713 0.00000 0.03630 0.00000 0.02618 0.00000 0.02864 0.00000 0.04539 0.00000 0.03853 0.00000 0.05147 0.00000 0.12624 0.00000 0.05743 0.00000 0.00980 0.00000 0.00471 0.00000 0.00102 0.00000 
200	3	0.00078 0.00000 0.01367 0.00000 0.07969 0.00000 0.11039 0.00000 0.09264 0.00000 0.07284 0.00000 0.07308 0.00000 0.06974 0.00000 0.06244 0.00000 0.06614 0.00000 0.09872 0.00000 0.17289 0.00000 0.03791 0.00000 0.02567 0.00000 0.02052 0.00000 0.00287 0.00000 
201	3	0.00008 0.00000 0.02165 0.00000 0.06409 0.00000 0.08706 0.00000 0.07491 0.00000 0.09817 0.00000 0.14063 0.00000 0.15062 0.00000 0.12392 0.00000 0.09405 0.00000 0.05807 0.00000 0.05292 0.00000 0.01644 0.00000 0.00751 0.00000 0.00623 0.00000 0.00362 0.00000 
202	3	0.00017 0.00000 0.00862 0.00000 0.05420 0.00000 0.10440 0.00000 0.13043 0.00000 0.13310 0.00000 0.12429 0.00000 0.09682 0.00000 0.07483 0.00000 0.07020 0.00000 0.09152 0.00000 0.08516 0.00000 0.01916 0.00000 0.00457 0.00000 0.00188 0.00000 0.00065 0.00000 
203	3	0.00020 0.00000 0.00615 0.00000 0.03629 0.00000 0.11966 0.00000 0.14143 0.00000 0.11557 0.00000 0.11783 0.00000 0.09835 0.00000 0.08349 0.00000 0.07805 0.00000 0.07777 0.00000 0.08085 0.00000 0.03198 0.00000 0.00795 0.00000 0.00272 0.00000 0.00170 0.00000 
204	3	0.00019 0.00000 0.00070 0.00000 0.00586 0.00000 0.01018 0.00000 0.03096 0.00000 0.05409 0.00000 0.07412 0.00000 0.15054 0.00000 0.17600 0.00000 0.18287 0.00000 0.17042 0.00000 0.09197 0.00000 0.03133 0.00000 0.01446 0.00000 0.00555 0.00000 0.00074 0.00000 
205	3	0.00085 0.00000 0.03340 0.00000 0.18919 0.00000 0.42467 0.00000 0.12976 0.00000 0.03954 0.00000 0.02439 0.00000 0.02708 0.00000 0.02103 0.00000 0.01955 0.00000 0.02073 0.00000 0.01861 0.00000 0.01722 0.00000 0.01507 0.00000 0.01295 0.00000 0.00595 0.00000 
206	3	0.00010 0.00000 0.01798 0.00000 0.11512 0.00000 0.39190 0.00000 0.20640 0.00000 0.05658 0.00000 0.03446 0.00000 0.03338 0.00000 0.02402 0.00000 0.02195 0.00000 0.02290 0.00000 0.02270 0.00000 0.01892 0.00000 0.01602 0.00000 0.01258 0.00000 0.00497 0.00000 
207	3	0.00032 0.00000 0.02608 0.00000 0.12215 0.00000 0.31875 0.00000 0.13417 0.00000 0.06731 0.00000 0.04880 0.00000 0.05668 0.00000 0.05330 0.00000 0.05514 0.00000 0.04825 0.00000 0.03375 0.00000 0.01904 0.00000 0.00840 0.00000 0.00537 0.00000 0.00250 0.00000 
208	3	0.00001 0.00000 0.00012 0.00000 0.00490 0.00000 0.01391 0.00000 0.01941 0.00000 0.02206 0.00000 0.03267 0.00000 0.04330 0.00000 0.06428 0.00000 0.09026 0.00000 0.13263 0.00000 0.16590 0.00000 0.24897 0.00000 0.14641 0.00000 0.01504 0.00000 0.00013 0.00000 
209	3	0.00001 0.00000 0.00103 0.00000 0.02137 0.00000 0.03396 0.00000 0.04594 0.00000 0.05428 0.00000 0.07754 0.00000 0.11217 0.00000 0.09972 0.00000 0.08558 0.00000 0.11054 0.00000 0.13307 0.00000 0.12328 0.00000 0.08945 0.00000 0.01190 0.00000 0.00016 0.00000 
210	4	0.00045 0.00000 0.00191 0.00000 0.00668 0.00000 0.01031 0.00000 0.03250 0.00000 0.05959 0.00000 0.07156 0.00000 0.05458 0.00000 0.03435 0.00000 0.01772 0.00000 0.11855 0.00000 0.17660 0.00000 0.02009 0.00000 0.33347 0.00000 0.03102 0.00000 0.03063 0.00000 
211	4	0.00068 0.00000 0.00184 0.00000 0.00502 0.00000 0.00815 0.00000 0.01479 0.00000 0.01563 0.00000 0.01624 0.00000 0.02665 0.00000 0.03717 0.00000 0.08832 0.00000 0.24522 0.00000 0.08695 0.00000 0.04258 0.00000 0.36831 0.00000 0.02555 0.00000 0.01690 0.00000 
212	4	0.00007 0.00000 0.00013 0.00000 0.00101 0.00000 0.00208 0.00000 0.00712 0.00000 0.00971 0.00000 0.01881 0.00000 0.03555 0.00000 0.04791 0.00000 0.12936 0.00000 0.20692 0.00000 0.06706 0.00000 0.05078 0.00000 0.38011 0.00000 0.02496 0.00000 0.01842 0.00000 
213	4	0.00461 0.00000 0.00500 0.00000 0.00932 0.00000 0.00544 0.00000 0.00576 0.00000 0.00722 0.00000 0.01035 0.00000 0.04330 0.00000 0.17047 0.00000 0.16105 0.00000 0.11165 0.00000 0.08025 0.00000 0.11977 0.00000 0.05768 0.00000 0.16476 0.00000 0.04334 0.00000 
214	4	0.00026 0.00000 0.00073 0.00000 0.00493 0.00000 0.00740 0.00000 0.01367 0.00000 0.01949 0.00000 0.03053 0.00000 0.05231 0.00000 0.06515 0.00000 0.06455 0.00000 0.15651 0.00000 0.10737 0.00000 0.12255 0.00000 0.27995 0.00000 0.05337 0.00000 0.02123 0.00000 
215	4	0.00020 0.00000 0.00056 0.00000 0.00379 0.00000 0.00648 0.00000 0.01276 0.00000 0.02290 0.00000 0.03817 0.00000 0.06080 0.00000 0.07395 0.00000 0.07237 0.00000 0.08277 0.00000 0.11182 0.00000 0.14108 0.00000 0.28752 0.00000 0.05747 0.00000 0.02736 0.00000 
216	4	0.00026 0.00000 0.00057 0.00000 0.00360 0.00000 0.00543 0.00000 0.01011 0.00000 0.01509 0.00000 0.02052 0.00000 0.02745 0.00000 0.03020 0.00000 0.06430 0.00000 0.10584 0.00000 0.15440 0.00000 0.23361 0.00000 0.27056 0.00000 0.04107 0.00000 0.01697 0.00000 
217	4	0.00013 0.00000 0.00034 0.00000 0.00144 0.00000 0.00136 0.00000 0.00220 0.00000 0.00292 0.00000 0.00391 0.00000 0.00525 0.00000 0.00753 0.00000 0.01197 0.00000 0.03732 0.00000 0.14355 0.00000 0.44504 0.00000 0.21365 0.00000 0.09943 0.00000 0.02396 0.00000 
218	4	0.00002 0.00000 0.00003 0.00000 0.00016 0.00000 0.00092 0.00000 0.00332 0.00000 0.00982 0.00000 0.01213 0.00000 0.02832 0.00000 0.07498 0.00000 0.19484 0.00000 0.24645 0.00000 0.28181 0.00000 0.05651 0.00000 0.06381 0.00000 0.01987 0.00000 0.00701 0.00000 
219	4	0.00002 0.00000 0.00010 0.00000 0.00134 0.00000 0.00312 0.00000 0.00724 0.00000 0.01230 0.00000 0.02136 0.00000 0.04135 0.00000 0.06926 0.00000 0.07844 0.00000 0.22427 0.00000 0.31046 0.00000 0.08292 0.00000 0.08300 0.00000 0.05075 0.00000 0.01408 0.00000 
220	4	0.00038 0.00000 0.00081 0.00000 0.00769 0.00000 0.01220 0.00000 0.01857 0.00000 0.01352 0.00000 0.00839 0.00000 0.00669 0.00000 0.02695 0.00000 0.06654 0.00000 0.08423 0.00000 0.18872 0.00000 0.28064 0.00000 0.11985 0.00000 0.13282 0.00000 0.03200 0.00000 
221	4	0.00001 0.00000 0.00002 0.00000 0.00016 0.00000 0.00054 0.00000 0.00197 0.00000 0.00673 0.00000 0.02184 0.00000 0.05939 0.00000 0.07525 0.00000 0.11731 0.00000 0.18195 0.00000 0.07555 0.00000 0.10587 0.00000 0.22937 0.00000 0.10219 0.00000 0.02183 0.00000 
222	4	0.00041 0.00000 0.00097 0.00000 0.00567 0.00000 0.00925 0.00000 0.01657 0.00000 0.01856 0.00000 0.03542 0.00000 0.06778 0.00000 0.10193 0.00000 0.13403 0.00000 0.17553 0.00000 0.07876 0.00000 0.11902 0.00000 0.14232 0.00000 0.06977 0.00000 0.02402 0.00000 
223	4	0.00000 0.00000 0.00463 0.00000 0.03075 0.00000 0.02118 0.00000 0.00773 0.00000 0.01086 0.00000 0.00484 0.00000 0.07689 0.00000 0.07674 0.00000 0.03286 0.00000 0.06848 0.00000 0.12927 0.00000 0.22318 0.00000 0.15281 0.00000 0.12776 0.00000 0.03202 0.00000 
224	4	0.00031 0.00000 0.00070 0.00000 0.00270 0.00000 0.00277 0.00000 0.00491 0.00000 0.00854 0.00000 0.01409 0.00000 0.03441 0.00000 0.07375 0.00000 0.11912 0.00000 0.13935 0.00000 0.14885 0.00000 0.15478 0.00000 0.14348 0.00000 0.11235 0.00000 0.03992 0.00000 
225	4	0.00057 0.00000 0.00134 0.00000 0.01296 0.00000 0.01691 0.00000 0.01061 0.00000 0.01403 0.00000 0.01836 0.00000 0.03727 0.00000 0.04818 0.00000 0.12375 0.00000 0.41336 0.00000 0.04363 0.00000 0.04502 0.00000 0.09166 0.00000 0.09635 0.00000 0.02598 0.00000 
226	4	0.00087 0.00000 0.00082 0.00000 0.00370 0.00000 0.00484 0.00000 0.00947 0.00000 0.01474 0.00000 0.02292 0.00000 0.04015 0.00000 0.06335 0.00000 0.09225 0.00000 0.11537 0.00000 0.08405 0.00000 0.27156 0.00000 0.21974 0.00000 0.04309 0.00000 0.01307 0.00000 
227	4	0.00005 0.00000 0.00025 0.00000 0.00314 0.00000 0.00719 0.00000 0.01538 0.00000 0.01717 0.00000 0.02975 0.00000 0.06932 0.00000 0.07832 0.00000 0.06883 0.00000 0.05388 0.00000 0.12766 0.00000 0.21792 0.00000 0.10250 0.00000 0.16816 0.00000 0.04049 0.00000 
228	4	0.00052 0.00000 0.00085 0.00000 0.00469 0.00000 0.00934 0.00000 0.02772 0.00000 0.05673 0.00000 0.07012 0.00000 0.06655 0.00000 0.07059 0.00000 0.11492 0.00000 0.09205 0.00000 0.03415 0.00000 0.09732 0.00000 0.16843 0.00000 0.04481 0.00000 0.14121 0.00000 
229	4	0.00059 0.00000 0.00162 0.00000 0.00549 0.00000 0.00881 0.00000 0.02285 0.00000 0.04156 0.00000 0.06176 0.00000 0.06552 0.00000 0.07026 0.00000 0.11567 0.00000 0.18682 0.00000 0.09002 0.00000 0.06842 0.00000 0.11277 0.00000 0.07939 0.00000 0.06844 0.00000 
230	4	0.00061 0.00000 0.00122 0.00000 0.00782 0.00000 0.01147 0.00000 0.02761 0.00000 0.04513 0.00000 0.05177 0.00000 0.03772 0.00000 0.01798 0.00000 0.04421 0.00000 0.34382 0.00000 0.07061 0.00000 0.06853 0.00000 0.23643 0.00000 0.01809 0.00000 0.01699 0.00000 
231	4	0.00106 0.00000 0.00170 0.00000 0.00542 0.00000 0.00547 0.00000 0.01106 0.00000 0.02116 0.00000 0.03787 0.00000 0.04570 0.00000 0.03550 0.00000 0.03141 0.00000 0.15059 0.00000 0.09834 0.00000 0.19210 0.00000 0.16158 0.00000 0.15047 0.00000 0.05057 0.00000 
232	4	0.00031 0.00000 0.00074 0.00000 0.00274 0.00000 0.00291 0.00000 0.00570 0.00000 0.01109 0.00000 0.02155 0.00000 0.04252 0.00000 0.07856 0.00000 0.12386 0.00000 0.17707 0.00000 0.11555 0.00000 0.04525 0.00000 0.19646 0.00000 0.04609 0.00000 0.12958 0.00000 
233	4	0.00095 0.00000 0.00115 0.00000 0.00340 0.00000 0.00455 0.00000 0.01267 0.00000 0.02641 0.00000 0.04213 0.00000 0.05714 0.00000 0.06244 0.00000 0.07557 0.00000 0.19019 0.00000 0.15167 0.00000 0.08732 0.00000 0.07461 0.00000 0.10277 0.00000 0.10701 0.00000 
234	4	0.00012 0.00000 0.00032 0.00000 0.00277 0.00000 0.00692 0.00000 0.01330 0.00000 0.02735 0.00000 0.06748 0.00000 0.12583 0.00000 0.11737 0.00000 0.09772 0.00000 0.08247 0.00000 0.07231 0.00000 0.23427 0.00000 0.08785 0.00000 0.05905 0.00000 0.00484 0.00000 
235	4	0.00074 0.00000 0.00099 0.00000 0.00628 0.00000 0.01236 0.00000 0.03172 0.00000 0.04964 0.00000 0.06055 0.00000 0.07429 0.00000 0.06702 0.00000 0.05419 0.00000 0.11898 0.00000 0.22123 0.00000 0.13669 0.00000 0.09836 0.00000 0.06228 0.00000 0.00468 0.00000 
236	4	0.00045 0.00000 0.00092 0.00000 0.00315 0.00000 0.00515 0.00000 0.01292 0.00000 0.02509 0.00000 0.03254 0.00000 0.03053 0.00000 0.03659 0.00000 0.09256 0.00000 0.26872 0.00000 0.03320 0.00000 0.24665 0.00000 0.17054 0.00000 0.02126 0.00000 0.01974 0.00000 
237	4	0.00067 0.00000 0.00099 0.00000 0.00393 0.00000 0.00504 0.00000 0.01067 0.00000 0.01709 0.00000 0.02362 0.00000 0.03067 0.00000 0.03673 0.00000 0.09192 0.00000 0.22887 0.00000 0.14296 0.00000 0.04570 0.00000 0.32962 0.00000 0.01696 0.00000 0.01457 0.00000 
238	4	0.00002 0.00000 0.00023 0.00000 0.00142 0.00000 0.00621 0.00000 0.32732 0.00000 0.28522 0.00000 0.04189 0.00000 0.04130 0.00000 0.03714 0.00000 0.03604 0.00000 0.02862 0.00000 0.02290 0.00000 0.02971 0.00000 0.05543 0.00000 0.08579 0.00000 0.00073 0.00000 
239	4	0.02511 0.00000 0.34940 0.00000 0.02508 0.00000 0.02022 0.00000 0.02281 0.00000 0.03080 0.00000 0.06860 0.00000 0.20653 0.00000 0.21885 0.00000 0.01508 0.00000 0.00767 0.00000 0.00467 0.00000 0.00292 0.00000 0.00173 0.00000 0.00047 0.00000 0.00006 0.00000 
240	4	0.00000 0.00000 0.00000 0.00000 0.00001 0.00000 0.09626 0.00000 0.16395 0.00000 0.09394 0.00000 0.05218 0.00000 0.24350 0.00000 0.30652 0.00000 0.01932 0.00000 0.00947 0.00000 0.00642 0.00000 0.00390 0.00000 0.00415 0.00000 0.00035 0.00000 0.00002 0.00000 
241	4	0.00001 0.00000 0.00016 0.00000 0.00561 0.00000 0.02949 0.00000 0.03572 0.00000 0.03648 0.00000 0.03587 0.00000 0.07796 0.00000 0.18543 0.00000 0.18082 0.00000 0.12147 0.00000 0.08732 0.00000 0.07385 0.00000 0.08980 0.00000 0.03778 0.00000 0.00222 0.00000 
242	4	0.00002 0.00000 0.00031 0.00000 0.00546 0.00000 0.01514 0.00000 0.02297 0.00000 0.02510 0.00000 0.05542 0.00000 0.17283 0.00000 0.17151 0.00000 0.16310 0.00000 0.08742 0.00000 0.06905 0.00000 0.08186 0.00000 0.09100 0.00000 0.03654 0.00000 0.00227 0.00000 
243	4	0.00002 0.00000 0.00032 0.00000 0.00117 0.00000 0.00250 0.00000 0.00338 0.00000 0.23456 0.00000 0.08431 0.00000 0.11688 0.00000 0.05265 0.00000 0.06401 0.00000 0.07406 0.00000 0.10312 0.00000 0.13277 0.00000 0.09828 0.00000 0.03030 0.00000 0.00165 0.00000 
244	4	0.00001 0.00000 0.00020 0.00000 0.00057 0.00000 0.00096 0.00000 0.00147 0.00000 0.32900 0.00000 0.09325 0.00000 0.05453 0.00000 0.10484 0.00000 0.09777 0.00000 0.07395 0.00000 0.09084 0.00000 0.07477 0.00000 0.06607 0.00000 0.01108 0.00000 0.00069 0.00000 
245	4	0.00001 0.00000 0.00086 0.00000 0.01349 0.00000 0.03378 0.00000 0.04707 0.00000 0.07965 0.00000 0.14075 0.00000 0.16493 0.00000 0.09197 0.00000 0.08794 0.00000 0.07693 0.00000 0.06895 0.00000 0.06652 0.00000 0.07341 0.00000 0.05292 0.00000 0.00081 0.00000 
246	4	0.00001 0.00000 0.00042 0.00000 0.01687 0.00000 0.06751 0.00000 0.05951 0.00000 0.05813 0.00000 0.12082 0.00000 0.19728 0.00000 0.12536 0.00000 0.07262 0.00000 0.04232 0.00000 0.06568 0.00000 0.08230 0.00000 0.06673 0.00000 0.02414 0.00000 0.00030 0.00000 
247	4	0.00001 0.00000 0.00012 0.00000 0.00305 0.00000 0.01455 0.00000 0.02255 0.00000 0.03675 0.00000 0.07785 0.00000 0.13412 0.00000 0.21292 0.00000 0.22095 0.00000 0.11716 0.00000 0.03889 0.00000 0.03476 0.00000 0.05987 0.00000 0.02631 0.00000 0.00013 0.00000 
248	4	0.00001 0.00000 0.00015 0.00000 0.00087 0.00000 0.00700 0.00000 0.02643 0.00000 0.06897 0.00000 0.09994 0.00000 0.12350 0.00000 0.17693 0.00000 0.04869 0.00000 0.03096 0.00000 0.04332 0.00000 0.11132 0.00000 0.18470 0.00000 0.07680 0.00000 0.00040 0.00000 
249	4	0.00002 0.00000 0.00057 0.00000 0.00438 0.00000 0.01449 0.00000 0.20959 0.00000 0.25568 0.00000 0.05262 0.00000 0.04578 0.00000 0.14429 0.00000 0.11551 0.00000 0.05109 0.00000 0.03871 0.00000 0.02764 0.00000 0.03144 0.00000 0.00810 0.00000 0.00008 0.00000 
250	4	0.00000 0.00000 0.00043 0.00000 0.00412 0.00000 0.03867 0.00000 0.12229 0.00000 0.08370 0.00000 0.05647 0.00000 0.07912 0.00000 0.03555 0.00000 0.01373 0.00000 0.01006 0.00000 0.01245 0.00000 0.39427 0.00000 0.04949 0.00000 0.07997 0.00000 0.01969 0.00000 
251	4	0.00000 0.00000 0.00005 0.00000 0.00073 0.00000 0.00998 0.00000 0.07799 0.00000 0.05883 0.00000 0.05804 0.00000 0.06289 0.00000 0.07371 0.00000 0.05805 0.00000 0.21651 0.00000 0.22581 0.00000 0.10621 0.00000 0.03872 0.00000 0.01240 0.00000 0.00008 0.00000 
252	4	0.00002 0.00000 0.00067 0.00000 0.04478 0.00000 0.08441 0.00000 0.01710 0.00000 0.00175 0.00000 0.00135 0.00000 0.00152 0.00000 0.00575 0.00000 0.35620 0.00000 0.04391 0.00000 0.12829 0.00000 0.14594 0.00000 0.11911 0.00000 0.04880 0.00000 0.00039 0.00000 
253	4	0.00002 0.00000 0.00018 0.00000 0.00062 0.00000 0.00256 0.00000 0.10996 0.00000 0.31508 0.00000 0.02240 0.00000 0.03083 0.00000 0.08335 0.00000 0.12613 0.00000 0.10610 0.00000 0.08866 0.00000 0.09527 0.00000 0.01729 0.00000 0.00155 0.00000 0.00001 0.00000 
254	4	0.00001 0.00000 0.00036 0.00000 0.01664 0.00000 0.03232 0.00000 0.00132 0.00000 0.00055 0.00000 0.00240 0.00000 0.00710 0.00000 0.01401 0.00000 0.41779 0.00000 0.09891 0.00000 0.09346 0.00000 0.13443 0.00000 0.13977 0.00000 0.04035 0.00000 0.00057 0.00000 
255	4	0.00000 0.00000 0.00000 0.00000 0.00002 0.00000 0.00026 0.00000 0.06249 0.00000 0.08400 0.00000 0.00326 0.00000 0.00245 0.00000 0.00654 0.00000 0.11285 0.00000 0.31355 0.00000 0.07642 0.00000 0.14080 0.00000 0.14630 0.00000 0.05062 0.00000 0.00045 0.00000 
256	4	0.00001 0.00000 0.00003 0.00000 0.00027 0.00000 0.00117 0.00000 0.00326 0.00000 0.41478 0.00000 0.04799 0.00000 0.02558 0.00000 0.05116 0.00000 0.10374 0.00000 0.10680 0.00000 0.09704 0.00000 0.10305 0.00000 0.04145 0.00000 0.00353 0.00000 0.00012 0.00000 
257	4	0.00001 0.00000 0.00015 0.00000 0.00169 0.00000 0.02303 0.00000 0.09408 0.00000 0.09507 0.00000 0.06300 0.00000 0.06143 0.00000 0.06557 0.00000 0.06980 0.00000 0.15899 0.00000 0.18191 0.00000 0.05242 0.00000 0.07596 0.00000 0.05587 0.00000 0.00102 0.00000 
258	4	0.00001 0.00000 0.00003 0.00000 0.00051 0.00000 0.00719 0.00000 0.03176 0.00000 0.03487 0.00000 0.04179 0.00000 0.07231 0.00000 0.08750 0.00000 0.07338 0.00000 0.32559 0.00000 0.20397 0.00000 0.05206 0.00000 0.05191 0.00000 0.01693 0.00000 0.00019 0.00000 
259	4	0.00000 0.00000 0.00009 0.00000 0.00167 0.00000 0.02050 0.00000 0.03939 0.00000 0.03763 0.00000 0.04270 0.00000 0.06692 0.00000 0.06552 0.00000 0.06423 0.00000 0.26227 0.00000 0.23272 0.00000 0.07000 0.00000 0.05407 0.00000 0.03999 0.00000 0.00230 0.00000 
260	4	0.00001 0.00000 0.00014 0.00000 0.00100 0.00000 0.00750 0.00000 0.02825 0.00000 0.02972 0.00000 0.03168 0.00000 0.05057 0.00000 0.07005 0.00000 0.07043 0.00000 0.24175 0.00000 0.28102 0.00000 0.08040 0.00000 0.05115 0.00000 0.05298 0.00000 0.00335 0.00000 
261	4	0.00001 0.00000 0.00291 0.00000 0.04921 0.00000 0.09495 0.00000 0.08380 0.00000 0.04475 0.00000 0.03825 0.00000 0.03225 0.00000 0.03469 0.00000 0.04721 0.00000 0.41278 0.00000 0.04031 0.00000 0.03319 0.00000 0.03580 0.00000 0.04015 0.00000 0.00975 0.00000 
262	4	0.00003 0.00000 0.00444 0.00000 0.02836 0.00000 0.04687 0.00000 0.03972 0.00000 0.03972 0.00000 0.04787 0.00000 0.07806 0.00000 0.08759 0.00000 0.08147 0.00000 0.12064 0.00000 0.34569 0.00000 0.03070 0.00000 0.03190 0.00000 0.01466 0.00000 0.00227 0.00000 
263	4	0.00000 0.00000 0.00024 0.00000 0.00841 0.00000 0.03426 0.00000 0.06035 0.00000 0.07218 0.00000 0.09893 0.00000 0.08845 0.00000 0.07730 0.00000 0.04785 0.00000 0.07506 0.00000 0.20157 0.00000 0.21092 0.00000 0.01509 0.00000 0.00765 0.00000 0.00174 0.00000 
264	4	0.00001 0.00000 0.00044 0.00000 0.00554 0.00000 0.01917 0.00000 0.00627 0.00000 0.00074 0.00000 0.00082 0.00000 0.00229 0.00000 0.00547 0.00000 0.47051 0.00000 0.07943 0.00000 0.11397 0.00000 0.14943 0.00000 0.10308 0.00000 0.04237 0.00000 0.00044 0.00000 
265	4	0.00001 0.00000 0.00005 0.00000 0.00040 0.00000 0.00160 0.00000 0.01589 0.00000 0.43163 0.00000 0.05988 0.00000 0.02371 0.00000 0.06975 0.00000 0.10801 0.00000 0.07281 0.00000 0.09408 0.00000 0.08660 0.00000 0.03347 0.00000 0.00195 0.00000 0.00015 0.00000 
266	4	0.00001 0.00000 0.00001 0.00000 0.00011 0.00000 0.00042 0.00000 0.00151 0.00000 0.04148 0.00000 0.43400 0.00000 0.02423 0.00000 0.02332 0.00000 0.10561 0.00000 0.15383 0.00000 0.07865 0.00000 0.08625 0.00000 0.04738 0.00000 0.00295 0.00000 0.00024 0.00000 
267	4	0.00003 0.00000 0.00013 0.00000 0.00046 0.00000 0.00176 0.00000 0.01137 0.00000 0.40617 0.00000 0.04240 0.00000 0.02349 0.00000 0.07515 0.00000 0.13278 0.00000 0.07749 0.00000 0.08632 0.00000 0.08190 0.00000 0.05255 0.00000 0.00736 0.00000 0.00062 0.00000 
268	4	0.00000 0.00000 0.00004 0.00000 0.00028 0.00000 0.00200 0.00000 0.02010 0.00000 0.09306 0.00000 0.17686 0.00000 0.07773 0.00000 0.06485 0.00000 0.08210 0.00000 0.11411 0.00000 0.17377 0.00000 0.07610 0.00000 0.06883 0.00000 0.04868 0.00000 0.00148 0.00000 
269	4	0.00001 0.00000 0.00015 0.00000 0.00113 0.00000 0.00888 0.00000 0.04228 0.00000 0.18154 0.00000 0.13450 0.00000 0.06144 0.00000 0.08305 0.00000 0.09197 0.00000 0.13202 0.00000 0.11846 0.00000 0.05309 0.00000 0.06335 0.00000 0.02722 0.00000 0.00088 0.00000 
270	4	0.00001 0.00000 0.00018 0.00000 0.00821 0.00000 0.03753 0.00000 0.05560 0.00000 0.06030 0.00000 0.06845 0.00000 0.10216 0.00000 0.12095 0.00000 0.14232 0.00000 0.07533 0.00000 0.08427 0.00000 0.11882 0.00000 0.07815 0.00000 0.04635 0.00000 0.00137 0.00000 
271	4	0.00004 0.00000 0.00145 0.00000 0.02383 0.00000 0.03777 0.00000 0.04895 0.00000 0.05328 0.00000 0.06209 0.00000 0.10632 0.00000 0.13016 0.00000 0.14262 0.00000 0.07734 0.00000 0.07255 0.00000 0.11401 0.00000 0.07930 0.00000 0.04900 0.00000 0.00129 0.00000 
272	4	0.00005 0.00000 0.00216 0.00000 0.02267 0.00000 0.03788 0.00000 0.03756 0.00000 0.03739 0.00000 0.13551 0.00000 0.14675 0.00000 0.20197 0.00000 0.08562 0.00000 0.06038 0.00000 0.06766 0.00000 0.08170 0.00000 0.06439 0.00000 0.01805 0.00000 0.00025 0.00000 
273	4	0.00001 0.00000 0.00005 0.00000 0.00184 0.00000 0.03126 0.00000 0.04761 0.00000 0.05228 0.00000 0.05046 0.00000 0.14241 0.00000 0.13231 0.00000 0.15272 0.00000 0.09977 0.00000 0.06693 0.00000 0.10258 0.00000 0.07905 0.00000 0.03897 0.00000 0.00175 0.00000 
274	4	0.00002 0.00000 0.00010 0.00000 0.00067 0.00000 0.14067 0.00000 0.28310 0.00000 0.08302 0.00000 0.04334 0.00000 0.04332 0.00000 0.05668 0.00000 0.07111 0.00000 0.14928 0.00000 0.03437 0.00000 0.02348 0.00000 0.03112 0.00000 0.03660 0.00000 0.00310 0.00000 
275	4	0.00000 0.00000 0.00002 0.00000 0.00012 0.00000 0.00260 0.00000 0.03054 0.00000 0.10022 0.00000 0.04202 0.00000 0.02158 0.00000 0.03368 0.00000 0.05353 0.00000 0.07791 0.00000 0.26354 0.00000 0.21061 0.00000 0.06971 0.00000 0.09131 0.00000 0.00259 0.00000 
276	4	0.00002 0.00000 0.00004 0.00000 0.00067 0.00000 0.01069 0.00000 0.01037 0.00000 0.00863 0.00000 0.01733 0.00000 0.01552 0.00000 0.01501 0.00000 0.01760 0.00000 0.01955 0.00000 0.05177 0.00000 0.53517 0.00000 0.26172 0.00000 0.03586 0.00000 0.00003 0.00000 
277	4	0.00001 0.00000 0.00000 0.00000 0.00005 0.00000 0.00042 0.00000 0.02595 0.00000 0.07983 0.00000 0.00756 0.00000 0.02459 0.00000 0.05219 0.00000 0.07500 0.00000 0.34150 0.00000 0.14928 0.00000 0.06950 0.00000 0.12607 0.00000 0.04784 0.00000 0.00021 0.00000 
278	4	0.00001 0.00000 0.00012 0.00000 0.00039 0.00000 0.07802 0.00000 0.06370 0.00000 0.00839 0.00000 0.02402 0.00000 0.04322 0.00000 0.07757 0.00000 0.25230 0.00000 0.16908 0.00000 0.05900 0.00000 0.07605 0.00000 0.11694 0.00000 0.03108 0.00000 0.00010 0.00000 
279	4	0.00002 0.00000 0.00008 0.00000 0.00040 0.00000 0.00851 0.00000 0.22512 0.00000 0.14137 0.00000 0.00652 0.00000 0.00819 0.00000 0.01572 0.00000 0.14027 0.00000 0.25663 0.00000 0.09035 0.00000 0.05352 0.00000 0.04072 0.00000 0.01237 0.00000 0.00021 0.00000 
280	5	0.00006 0.00000 0.00047 0.00000 0.00188 0.00000 0.01051 0.00000 0.02960 0.00000 0.05493 0.00000 0.06370 0.00000 0.05418 0.00000 0.04359 0.00000 0.05700 0.00000 0.07947 0.00000 0.13025 0.00000 0.20460 0.00000 0.16957 0.00000 0.08262 0.00000 0.01755 0.00000 
281	5	0.00109 0.00000 0.01995 0.00000 0.04659 0.00000 0.11869 0.00000 0.13245 0.00000 0.12043 0.00000 0.08490 0.00000 0.06720 0.00000 0.06355 0.00000 0.07550 0.00000 0.07942 0.00000 0.04990 0.00000 0.04609 0.00000 0.04283 0.00000 0.04488 0.00000 0.00652 0.00000 
282	5	0.00002 0.00000 0.00035 0.00000 0.00428 0.00000 0.01749 0.00000 0.03142 0.00000 0.06198 0.00000 0.11325 0.00000 0.10940 0.00000 0.10173 0.00000 0.07509 0.00000 0.07384 0.00000 0.08846 0.00000 0.10437 0.00000 0.09392 0.00000 0.10285 0.00000 0.02155 0.00000 
283	5	0.00000 0.00000 0.00167 0.00000 0.01184 0.00000 0.01072 0.00000 0.01046 0.00000 0.01301 0.00000 0.02737 0.00000 0.05210 0.00000 0.07427 0.00000 0.07881 0.00000 0.09532 0.00000 0.16955 0.00000 0.19690 0.00000 0.18914 0.00000 0.06812 0.00000 0.00070 0.00000 
284	5	0.00007 0.00000 0.00470 0.00000 0.01579 0.00000 0.01573 0.00000 0.02700 0.00000 0.03720 0.00000 0.03923 0.00000 0.04662 0.00000 0.05561 0.00000 0.08262 0.00000 0.10045 0.00000 0.12731 0.00000 0.15125 0.00000 0.17625 0.00000 0.11585 0.00000 0.00432 0.00000 
285	5	0.00006 0.00000 0.00306 0.00000 0.01590 0.00000 0.01902 0.00000 0.01545 0.00000 0.02243 0.00000 0.02314 0.00000 0.02548 0.00000 0.02143 0.00000 0.02675 0.00000 0.19692 0.00000 0.12979 0.00000 0.10507 0.00000 0.16684 0.00000 0.22738 0.00000 0.00126 0.00000 
286	5	0.00007 0.00000 0.00332 0.00000 0.02833 0.00000 0.07046 0.00000 0.14268 0.00000 0.11319 0.00000 0.09541 0.00000 0.05277 0.00000 0.03645 0.00000 0.02574 0.00000 0.01932 0.00000 0.02011 0.00000 0.02828 0.00000 0.10480 0.00000 0.23294 0.00000 0.02612 0.00000 
287	5	0.00010 0.00000 0.00103 0.00000 0.00466 0.00000 0.01788 0.00000 0.02643 0.00000 0.06227 0.00000 0.09952 0.00000 0.09097 0.00000 0.10602 0.00000 0.13248 0.00000 0.12963 0.00000 0.09638 0.00000 0.09060 0.00000 0.07112 0.00000 0.05579 0.00000 0.01515 0.00000 
288	5	0.00015 0.00000 0.00023 0.00000 0.00150 0.00000 0.00316 0.00000 0.00805 0.00000 0.01457 0.00000 0.02487 0.00000 0.04603 0.00000 0.08336 0.00000 0.11084 0.00000 0.15933 0.00000 0.19225 0.00000 0.18820 0.00000 0.10506 0.00000 0.05330 0.00000 0.00910 0.00000 
289	5	0.00006 0.00000 0.00085 0.00000 0.00218 0.00000 0.00579 0.00000 0.01249 0.00000 0.00739 0.00000 0.00588 0.00000 0.00603 0.00000 0.02512 0.00000 0.04968 0.00000 0.12396 0.00000 0.12309 0.00000 0.19891 0.00000 0.24504 0.00000 0.17323 0.00000 0.02030 0.00000 
290	5	0.00006 0.00000 0.00060 0.00000 0.00187 0.00000 0.00687 0.00000 0.01195 0.00000 0.00812 0.00000 0.00491 0.00000 0.00622 0.00000 0.02610 0.00000 0.06945 0.00000 0.12442 0.00000 0.13197 0.00000 0.19445 0.00000 0.26973 0.00000 0.12748 0.00000 0.01578 0.00000 
291	5	0.00052 0.00000 0.00309 0.00000 0.00761 0.00000 0.01802 0.00000 0.02937 0.00000 0.08449 0.00000 0.13344 0.00000 0.11262 0.00000 0.12539 0.00000 0.10725 0.00000 0.10895 0.00000 0.09100 0.00000 0.08333 0.00000 0.06138 0.00000 0.02856 0.00000 0.00498 0.00000 
292	5	0.00002 0.00000 0.00036 0.00000 0.00215 0.00000 0.00807 0.00000 0.01505 0.00000 0.03134 0.00000 0.03018 0.00000 0.03433 0.00000 0.04280 0.00000 0.05990 0.00000 0.07591 0.00000 0.08580 0.00000 0.13321 0.00000 0.21601 0.00000 0.18943 0.00000 0.07543 0.00000 
293	5	0.00031 0.00000 0.00324 0.00000 0.00881 0.00000 0.02248 0.00000 0.02258 0.00000 0.09035 0.00000 0.18672 0.00000 0.12315 0.00000 0.09760 0.00000 0.10976 0.00000 0.07976 0.00000 0.09163 0.00000 0.07269 0.00000 0.05685 0.00000 0.03092 0.00000 0.00314 0.00000 
294	5	0.00001 0.00000 0.00198 0.00000 0.00236 0.00000 0.02554 0.00000 0.04267 0.00000 0.10150 0.00000 0.10402 0.00000 0.08709 0.00000 0.11834 0.00000 0.11340 0.00000 0.12341 0.00000 0.09151 0.00000 0.09443 0.00000 0.06365 0.00000 0.02912 0.00000 0.00096 0.00000 
295	5	0.00015 0.00000 0.00222 0.00000 0.00633 0.00000 0.01792 0.00000 0.03727 0.00000 0.08435 0.00000 0.11012 0.00000 0.14048 0.00000 0.12940 0.00000 0.13680 0.00000 0.11173 0.00000 0.06492 0.00000 0.07424 0.00000 0.05930 0.00000 0.02157 0.00000 0.00320 0.00000 
296	5	0.00002 0.00000 0.00006 0.00000 0.00041 0.00000 0.00107 0.00000 0.00435 0.00000 0.00851 0.00000 0.01498 0.00000 0.02612 0.00000 0.03935 0.00000 0.08455 0.00000 0.19693 0.00000 0.24307 0.00000 0.17085 0.00000 0.11098 0.00000 0.07410 0.00000 0.02463 0.00000 
297	5	0.00007 0.00000 0.00209 0.00000 0.00600 0.00000 0.01382 0.00000 0.01633 0.00000 0.01395 0.00000 0.02182 0.00000 0.04107 0.00000 0.06181 0.00000 0.09509 0.00000 0.17502 0.00000 0.16812 0.00000 0.22882 0.00000 0.11328 0.00000 0.03749 0.00000 0.00522 0.00000 
298	5	0.00004 0.00000 0.00136 0.00000 0.00973 0.00000 0.01959 0.00000 0.03130 0.00000 0.05717 0.00000 0.08920 0.00000 0.11863 0.00000 0.10655 0.00000 0.11570 0.00000 0.12568 0.00000 0.09579 0.00000 0.09754 0.00000 0.07822 0.00000 0.04392 0.00000 0.00957 0.00000 
299	5	0.00000 0.00000 0.00010 0.00000 0.00432 0.00000 0.00817 0.00000 0.01254 0.00000 0.02961 0.00000 0.03522 0.00000 0.04661 0.00000 0.05122 0.00000 0.06677 0.00000 0.11598 0.00000 0.17717 0.00000 0.20669 0.00000 0.18143 0.00000 0.06345 0.00000 0.00071 0.00000 
300	5	0.00001 0.00000 0.00014 0.00000 0.00139 0.00000 0.00869 0.00000 0.02422 0.00000 0.05253 0.00000 0.05244 0.00000 0.06616 0.00000 0.07448 0.00000 0.08317 0.00000 0.12075 0.00000 0.15347 0.00000 0.15762 0.00000 0.14410 0.00000 0.05990 0.00000 0.00093 0.00000 
301	5	0.00000 0.00000 0.00007 0.00000 0.00187 0.00000 0.00595 0.00000 0.01363 0.00000 0.02813 0.00000 0.06852 0.00000 0.12485 0.00000 0.12559 0.00000 0.10527 0.00000 0.07927 0.00000 0.07713 0.00000 0.08635 0.00000 0.10506 0.00000 0.11592 0.00000 0.06238 0.00000 
302	5	0.00003 0.00000 0.00097 0.00000 0.00295 0.00000 0.00508 0.00000 0.01165 0.00000 0.02299 0.00000 0.01922 0.00000 0.03220 0.00000 0.07072 0.00000 0.10356 0.00000 0.13294 0.00000 0.15108 0.00000 0.14318 0.00000 0.15647 0.00000 0.12458 0.00000 0.02238 0.00000 
303	5	0.00002 0.00000 0.00041 0.00000 0.00095 0.00000 0.00188 0.00000 0.00469 0.00000 0.01030 0.00000 0.03242 0.00000 0.07812 0.00000 0.12970 0.00000 0.15223 0.00000 0.12384 0.00000 0.11706 0.00000 0.10485 0.00000 0.13190 0.00000 0.09019 0.00000 0.02142 0.00000 
304	5	0.00042 0.00000 0.00118 0.00000 0.00301 0.00000 0.00682 0.00000 0.02350 0.00000 0.02260 0.00000 0.03637 0.00000 0.03862 0.00000 0.08753 0.00000 0.16805 0.00000 0.11917 0.00000 0.11446 0.00000 0.10765 0.00000 0.11535 0.00000 0.12831 0.00000 0.02696 0.00000 
305	5	0.00000 0.00000 0.00000 0.00000 0.00009 0.00000 0.00077 0.00000 0.00541 0.00000 0.01758 0.00000 0.04741 0.00000 0.11653 0.00000 0.21552 0.00000 0.24812 0.00000 0.14485 0.00000 0.04936 0.00000 0.04473 0.00000 0.05285 0.00000 0.05036 0.00000 0.00642 0.00000 
306	5	0.00001 0.00000 0.00024 0.00000 0.00408 0.00000 0.03694 0.00000 0.11179 0.00000 0.12255 0.00000 0.09361 0.00000 0.08978 0.00000 0.08399 0.00000 0.08706 0.00000 0.08358 0.00000 0.06960 0.00000 0.05831 0.00000 0.06814 0.00000 0.06219 0.00000 0.02812 0.00000 
307	5	0.00001 0.00000 0.00004 0.00000 0.00034 0.00000 0.00130 0.00000 0.00792 0.00000 0.03014 0.00000 0.05085 0.00000 0.07358 0.00000 0.09852 0.00000 0.13165 0.00000 0.17915 0.00000 0.17347 0.00000 0.11752 0.00000 0.05765 0.00000 0.04351 0.00000 0.03434 0.00000 
308	5	0.00001 0.00000 0.00028 0.00000 0.01289 0.00000 0.07700 0.00000 0.08692 0.00000 0.10906 0.00000 0.10843 0.00000 0.09437 0.00000 0.10820 0.00000 0.10953 0.00000 0.10394 0.00000 0.07693 0.00000 0.05122 0.00000 0.03137 0.00000 0.02117 0.00000 0.00868 0.00000 
309	5	0.00001 0.00000 0.00002 0.00000 0.00110 0.00000 0.00612 0.00000 0.03560 0.00000 0.09825 0.00000 0.13703 0.00000 0.15157 0.00000 0.15144 0.00000 0.13355 0.00000 0.11001 0.00000 0.06312 0.00000 0.03918 0.00000 0.03655 0.00000 0.02936 0.00000 0.00707 0.00000 
310	5	0.00001 0.00000 0.00017 0.00000 0.00117 0.00000 0.00999 0.00000 0.03923 0.00000 0.07782 0.00000 0.08278 0.00000 0.08635 0.00000 0.09334 0.00000 0.10650 0.00000 0.12606 0.00000 0.13411 0.00000 0.10512 0.00000 0.08843 0.00000 0.04385 0.00000 0.00505 0.00000 
311	5	0.00000 0.00000 0.00001 0.00000 0.00018 0.00000 0.00144 0.00000 0.00885 0.00000 0.03534 0.00000 0.06838 0.00000 0.09618 0.00000 0.10260 0.00000 0.12043 0.00000 0.14793 0.00000 0.15865 0.00000 0.11703 0.00000 0.08769 0.00000 0.04477 0.00000 0.01049 0.00000 
312	5	0.00000 0.00000 0.00002 0.00000 0.00019 0.00000 0.00131 0.00000 0.01197 0.00000 0.04502 0.00000 0.06775 0.00000 0.08806 0.00000 0.11414 0.00000 0.14420 0.00000 0.17742 0.00000 0.15689 0.00000 0.07312 0.00000 0.04755 0.00000 0.03871 0.00000 0.03364 0.00000 
313	5	0.00001 0.00000 0.00010 0.00000 0.00108 0.00000 0.00694 0.00000 0.02722 0.00000 0.04716 0.00000 0.06586 0.00000 0.07542 0.00000 0.09523 0.00000 0.11554 0.00000 0.10867 0.00000 0.11112 0.00000 0.10757 0.00000 0.10467 0.00000 0.08102 0.00000 0.05240 0.00000 
314	5	0.00002 0.00000 0.00010 0.00000 0.00056 0.00000 0.00171 0.00000 0.00224 0.00000 0.00663 0.00000 0.01631 0.00000 0.02745 0.00000 0.03860 0.00000 0.11074 0.00000 0.41963 0.00000 0.27609 0.00000 0.03838 0.00000 0.02162 0.00000 0.01484 0.00000 0.02507 0.00000 
315	5	0.00001 0.00000 0.00002 0.00000 0.00045 0.00000 0.00279 0.00000 0.01502 0.00000 0.03901 0.00000 0.06727 0.00000 0.09087 0.00000 0.12735 0.00000 0.16460 0.00000 0.16686 0.00000 0.13289 0.00000 0.06302 0.00000 0.05593 0.00000 0.05480 0.00000 0.01910 0.00000 
316	5	0.00005 0.00000 0.00018 0.00000 0.00092 0.00000 0.00161 0.00000 0.00476 0.00000 0.01030 0.00000 0.02185 0.00000 0.04688 0.00000 0.10138 0.00000 0.17270 0.00000 0.22948 0.00000 0.18540 0.00000 0.10906 0.00000 0.05134 0.00000 0.03343 0.00000 0.03067 0.00000 
317	5	0.00001 0.00000 0.00101 0.00000 0.01430 0.00000 0.05912 0.00000 0.10408 0.00000 0.12817 0.00000 0.14430 0.00000 0.11667 0.00000 0.09059 0.00000 0.07087 0.00000 0.04419 0.00000 0.02752 0.00000 0.02945 0.00000 0.07247 0.00000 0.08492 0.00000 0.01233 0.00000 
318	5	0.00002 0.00000 0.00012 0.00000 0.00052 0.00000 0.00131 0.00000 0.00420 0.00000 0.00988 0.00000 0.01931 0.00000 0.03636 0.00000 0.06752 0.00000 0.11382 0.00000 0.18990 0.00000 0.19223 0.00000 0.16695 0.00000 0.11484 0.00000 0.05769 0.00000 0.02534 0.00000 
319	5	0.00001 0.00000 0.00030 0.00000 0.00253 0.00000 0.01518 0.00000 0.05553 0.00000 0.12723 0.00000 0.12199 0.00000 0.09571 0.00000 0.08686 0.00000 0.08751 0.00000 0.08609 0.00000 0.08179 0.00000 0.07390 0.00000 0.09178 0.00000 0.05628 0.00000 0.01731 0.00000 
320	5	0.00000 0.00000 0.00009 0.00000 0.00078 0.00000 0.00770 0.00000 0.03381 0.00000 0.08744 0.00000 0.14836 0.00000 0.15443 0.00000 0.12549 0.00000 0.09132 0.00000 0.08595 0.00000 0.07945 0.00000 0.05435 0.00000 0.05755 0.00000 0.04862 0.00000 0.02467 0.00000 
321	5	0.00010 0.00000 0.00042 0.00000 0.00109 0.00000 0.00400 0.00000 0.00748 0.00000 0.01268 0.00000 0.06067 0.00000 0.21847 0.00000 0.29026 0.00000 0.26405 0.00000 0.09133 0.00000 0.02040 0.00000 0.01914 0.00000 0.00752 0.00000 0.00217 0.00000 0.00022 0.00000 
322	5	0.00002 0.00000 0.00007 0.00000 0.00015 0.00000 0.00141 0.00000 0.00369 0.00000 0.01158 0.00000 0.02640 0.00000 0.07185 0.00000 0.11392 0.00000 0.16379 0.00000 0.24952 0.00000 0.26643 0.00000 0.07781 0.00000 0.01011 0.00000 0.00310 0.00000 0.00012 0.00000 
323	5	0.00005 0.00000 0.00076 0.00000 0.00908 0.00000 0.03027 0.00000 0.08327 0.00000 0.13747 0.00000 0.21333 0.00000 0.17462 0.00000 0.12186 0.00000 0.06104 0.00000 0.03482 0.00000 0.03317 0.00000 0.03031 0.00000 0.02200 0.00000 0.03730 0.00000 0.01062 0.00000 
324	5	0.00005 0.00000 0.00092 0.00000 0.00915 0.00000 0.02583 0.00000 0.05006 0.00000 0.11946 0.00000 0.18715 0.00000 0.16880 0.00000 0.15128 0.00000 0.08613 0.00000 0.04441 0.00000 0.02812 0.00000 0.04944 0.00000 0.05907 0.00000 0.01901 0.00000 0.00110 0.00000 
325	5	0.00043 0.00000 0.00103 0.00000 0.00370 0.00000 0.01070 0.00000 0.03310 0.00000 0.08501 0.00000 0.14772 0.00000 0.16530 0.00000 0.14170 0.00000 0.10587 0.00000 0.06173 0.00000 0.03507 0.00000 0.03526 0.00000 0.04397 0.00000 0.09746 0.00000 0.03194 0.00000 
326	5	0.00004 0.00000 0.00076 0.00000 0.00467 0.00000 0.02539 0.00000 0.05595 0.00000 0.18020 0.00000 0.18737 0.00000 0.17212 0.00000 0.09641 0.00000 0.09378 0.00000 0.07163 0.00000 0.03085 0.00000 0.02042 0.00000 0.02337 0.00000 0.02178 0.00000 0.01526 0.00000 
327	5	0.00000 0.00000 0.00021 0.00000 0.01363 0.00000 0.03832 0.00000 0.09322 0.00000 0.14370 0.00000 0.12202 0.00000 0.09472 0.00000 0.04518 0.00000 0.04464 0.00000 0.04475 0.00000 0.04072 0.00000 0.05420 0.00000 0.12530 0.00000 0.11045 0.00000 0.02892 0.00000 
328	5	0.00000 0.00000 0.00005 0.00000 0.00713 0.00000 0.06170 0.00000 0.12523 0.00000 0.12628 0.00000 0.10760 0.00000 0.06188 0.00000 0.04599 0.00000 0.04241 0.00000 0.03737 0.00000 0.03186 0.00000 0.03437 0.00000 0.04544 0.00000 0.14700 0.00000 0.12568 0.00000 
329	5	0.00006 0.00000 0.00011 0.00000 0.00072 0.00000 0.00167 0.00000 0.00561 0.00000 0.01757 0.00000 0.05999 0.00000 0.15723 0.00000 0.19875 0.00000 0.19274 0.00000 0.12638 0.00000 0.06538 0.00000 0.07259 0.00000 0.03697 0.00000 0.04743 0.00000 0.01680 0.00000 
330	5	0.00002 0.00000 0.00011 0.00000 0.00080 0.00000 0.00509 0.00000 0.01927 0.00000 0.02539 0.00000 0.03020 0.00000 0.03439 0.00000 0.05087 0.00000 0.06447 0.00000 0.07255 0.00000 0.09717 0.00000 0.15419 0.00000 0.17309 0.00000 0.22948 0.00000 0.04290 0.00000 
331	5	0.00000 0.00000 0.00013 0.00000 0.00063 0.00000 0.00164 0.00000 0.00296 0.00000 0.00504 0.00000 0.01070 0.00000 0.01992 0.00000 0.02195 0.00000 0.02245 0.00000 0.02860 0.00000 0.05244 0.00000 0.10197 0.00000 0.24885 0.00000 0.34234 0.00000 0.14037 0.00000 
332	5	0.00001 0.00000 0.00012 0.00000 0.00055 0.00000 0.00133 0.00000 0.00374 0.00000 0.00796 0.00000 0.01649 0.00000 0.02003 0.00000 0.02955 0.00000 0.03800 0.00000 0.06326 0.00000 0.10543 0.00000 0.21501 0.00000 0.27026 0.00000 0.20090 0.00000 0.02735 0.00000 
333	5	0.00002 0.00000 0.00002 0.00000 0.00050 0.00000 0.00151 0.00000 0.00449 0.00000 0.01537 0.00000 0.04078 0.00000 0.07147 0.00000 0.12427 0.00000 0.18161 0.00000 0.16674 0.00000 0.10141 0.00000 0.08272 0.00000 0.10037 0.00000 0.09975 0.00000 0.00894 0.00000 
334	5	0.00001 0.00000 0.00054 0.00000 0.00543 0.00000 0.02695 0.00000 0.04143 0.00000 0.04942 0.00000 0.06014 0.00000 0.07180 0.00000 0.09942 0.00000 0.09632 0.00000 0.07035 0.00000 0.07315 0.00000 0.11032 0.00000 0.12965 0.00000 0.14573 0.00000 0.01935 0.00000 
335	5	0.00003 0.00000 0.00032 0.00000 0.00212 0.00000 0.00510 0.00000 0.01276 0.00000 0.02836 0.00000 0.03991 0.00000 0.06491 0.00000 0.11801 0.00000 0.11747 0.00000 0.09847 0.00000 0.07807 0.00000 0.10174 0.00000 0.13997 0.00000 0.16445 0.00000 0.02831 0.00000 
336	5	0.00000 0.00000 0.00000 0.00000 0.00005 0.00000 0.00021 0.00000 0.00147 0.00000 0.00690 0.00000 0.02440 0.00000 0.05311 0.00000 0.07974 0.00000 0.11317 0.00000 0.18485 0.00000 0.17582 0.00000 0.12032 0.00000 0.10696 0.00000 0.09662 0.00000 0.03637 0.00000 
337	5	0.00004 0.00000 0.00050 0.00000 0.00435 0.00000 0.01867 0.00000 0.03030 0.00000 0.04447 0.00000 0.05117 0.00000 0.06666 0.00000 0.08888 0.00000 0.13707 0.00000 0.21616 0.00000 0.09676 0.00000 0.01604 0.00000 0.00709 0.00000 0.10360 0.00000 0.11823 0.00000 
338	5	0.00005 0.00000 0.00033 0.00000 0.00190 0.00000 0.00868 0.00000 0.02725 0.00000 0.05865 0.00000 0.08919 0.00000 0.11623 0.00000 0.15514 0.00000 0.10445 0.00000 0.10486 0.00000 0.09551 0.00000 0.07945 0.00000 0.14465 0.00000 0.01307 0.00000 0.00059 0.00000 
339	5	0.00001 0.00000 0.00001 0.00000 0.00062 0.00000 0.00357 0.00000 0.01702 0.00000 0.03770 0.00000 0.05554 0.00000 0.06835 0.00000 0.10275 0.00000 0.15625 0.00000 0.14984 0.00000 0.12796 0.00000 0.11423 0.00000 0.10756 0.00000 0.05489 0.00000 0.00371 0.00000 
340	5	0.00017 0.00000 0.00008 0.00000 0.00042 0.00000 0.00142 0.00000 0.00730 0.00000 0.02617 0.00000 0.08691 0.00000 0.23742 0.00000 0.28287 0.00000 0.14638 0.00000 0.06496 0.00000 0.04575 0.00000 0.04133 0.00000 0.03199 0.00000 0.02182 0.00000 0.00501 0.00000 
341	5	0.00001 0.00000 0.00005 0.00000 0.00067 0.00000 0.00312 0.00000 0.03439 0.00000 0.05168 0.00000 0.11515 0.00000 0.16448 0.00000 0.20808 0.00000 0.15080 0.00000 0.06817 0.00000 0.06033 0.00000 0.06109 0.00000 0.05192 0.00000 0.02607 0.00000 0.00398 0.00000 
342	5	0.00000 0.00000 0.00007 0.00000 0.00095 0.00000 0.00305 0.00000 0.01323 0.00000 0.04015 0.00000 0.09949 0.00000 0.19400 0.00000 0.23265 0.00000 0.14619 0.00000 0.11242 0.00000 0.07103 0.00000 0.03871 0.00000 0.02446 0.00000 0.01640 0.00000 0.00718 0.00000 
343	5	0.00002 0.00000 0.00035 0.00000 0.00106 0.00000 0.00294 0.00000 0.00929 0.00000 0.02967 0.00000 0.07977 0.00000 0.18658 0.00000 0.23610 0.00000 0.16431 0.00000 0.12311 0.00000 0.07856 0.00000 0.03315 0.00000 0.02579 0.00000 0.01925 0.00000 0.01004 0.00000 
344	5	0.00001 0.00000 0.00006 0.00000 0.00162 0.00000 0.01119 0.00000 0.02682 0.00000 0.04790 0.00000 0.05276 0.00000 0.05492 0.00000 0.07974 0.00000 0.09048 0.00000 0.09927 0.00000 0.21299 0.00000 0.13287 0.00000 0.03608 0.00000 0.04457 0.00000 0.10872 0.00000 
345	5	0.00052 0.00000 0.00112 0.00000 0.00528 0.00000 0.01037 0.00000 0.03095 0.00000 0.03737 0.00000 0.03545 0.00000 0.03285 0.00000 0.04466 0.00000 0.05720 0.00000 0.08218 0.00000 0.11764 0.00000 0.08672 0.00000 0.09282 0.00000 0.23226 0.00000 0.13259 0.00000 
346	5	0.00075 0.00000 0.00559 0.00000 0.01599 0.00000 0.04499 0.00000 0.08738 0.00000 0.12265 0.00000 0.07517 0.00000 0.06577 0.00000 0.05297 0.00000 0.04683 0.00000 0.05057 0.00000 0.06977 0.00000 0.06545 0.00000 0.05240 0.00000 0.02574 0.00000 0.21797 0.00000 
347	5	0.00005 0.00000 0.00016 0.00000 0.00262 0.00000 0.01179 0.00000 0.04577 0.00000 0.07631 0.00000 0.09596 0.00000 0.10327 0.00000 0.10775 0.00000 0.09676 0.00000 0.09107 0.00000 0.08925 0.00000 0.11829 0.00000 0.11873 0.00000 0.03180 0.00000 0.01040 0.00000 
348	5	0.00004 0.00000 0.00507 0.00000 0.02776 0.00000 0.05284 0.00000 0.10476 0.00000 0.14785 0.00000 0.13330 0.00000 0.09946 0.00000 0.07412 0.00000 0.06492 0.00000 0.06386 0.00000 0.06143 0.00000 0.05538 0.00000 0.04590 0.00000 0.03749 0.00000 0.02582 0.00000 
349	5	0.00002 0.00000 0.00020 0.00000 0.00195 0.00000 0.00696 0.00000 0.02609 0.00000 0.04439 0.00000 0.09065 0.00000 0.13701 0.00000 0.19105 0.00000 0.11121 0.00000 0.03123 0.00000 0.04064 0.00000 0.14194 0.00000 0.11989 0.00000 0.04523 0.00000 0.01151 0.00000 
