350	5	6
0	1	0.29199 0.87001 0.08469 0.17374 0.75834 0.40967 
1	1	0.62986 0.71076 0.20318 0.45584 0.80895 0.25769 
2	1	0.23270 0.76745 0.21519 0.14761 0.70438 0.49783 
3	1	0.16974 0.66527 0.54624 0.09220 0.54325 0.67625 
4	1	0.32654 0.72832 0.54507 0.13748 0.50097 0.64210 
5	1	0.37183 0.72831 0.36054 0.27442 0.63159 0.45514 
6	1	0.42747 0.70792 0.40980 0.26429 0.61301 0.47718 
7	1	0.38823 0.74283 0.44709 0.19058 0.55000 0.58834 
8	1	0.10477 0.58107 0.48522 0.04971 0.39227 0.75582 
9	1	0.30352 0.70114 0.46947 0.15124 0.53356 0.62447 
10	1	0.20743 0.88729 0.10876 0.13428 0.68803 0.50363 
11	1	0.29725 0.72186 0.40158 0.15390 0.59601 0.59393 
12	1	0.27900 0.69109 0.39480 0.14484 0.60852 0.58658 
13	1	0.18807 0.92257 0.06753 0.14062 0.83532 0.44707 
14	1	0.13321 0.87399 0.14032 0.09785 0.74847 0.56954 
15	1	0.60053 0.88411 0.26424 0.39150 0.69673 0.40019 
16	1	0.42511 0.91273 0.11608 0.33511 0.82715 0.28812 
17	1	0.82926 0.89897 0.22994 0.69165 0.77043 0.22868 
18	1	0.68652 0.86938 0.28184 0.49104 0.70553 0.34184 
19	1	0.20320 0.79315 0.26924 0.12509 0.59311 0.58571 
20	1	0.29489 0.76155 0.44155 0.10124 0.35687 0.71832 
21	1	0.26920 0.81189 0.35116 0.09931 0.48042 0.69724 
22	1	0.43736 0.81436 0.15473 0.33371 0.74765 0.34867 
23	1	0.34296 0.88497 0.14969 0.24293 0.77590 0.40856 
24	1	0.29565 0.91521 0.09891 0.21675 0.83759 0.39099 
25	1	0.15098 0.63457 0.75336 0.09735 0.52881 0.69398 
26	1	0.20624 0.83135 0.15819 0.12385 0.64725 0.53001 
27	1	0.20364 0.74648 0.41644 0.09470 0.59939 0.66403 
28	1	0.31182 0.72653 0.17360 0.24565 0.75318 0.38183 
29	1	0.39315 0.73856 0.14383 0.25006 0.75605 0.37318 
30	1	0.65628 0.80234 0.17876 0.46455 0.74354 0.30363 
31	1	0.52884 0.84342 0.12851 0.35296 0.80708 0.31794 
32	1	0.56746 0.80198 0.21693 0.39923 0.77776 0.32309 
33	1	0.17876 0.92508 0.15266 0.06116 0.51696 0.67600 
34	1	0.28399 0.93840 0.07100 0.17975 0.77703 0.44475 
35	1	0.29933 0.74065 0.20080 0.20059 0.71799 0.44242 
36	1	0.37531 0.72950 0.21777 0.25535 0.75460 0.38829 
37	1	0.21364 0.80856 0.55101 0.12124 0.63302 0.63068 
38	1	0.29185 0.55600 0.49822 0.13299 0.47487 0.63705 
39	1	0.10032 0.66574 0.45327 0.03643 0.29748 0.78872 
40	1	0.17391 0.78147 0.21715 0.09277 0.55173 0.60925 
41	1	0.31494 0.84613 0.14365 0.15417 0.66536 0.50294 
42	1	0.27842 0.91325 0.07738 0.18886 0.80255 0.41920 
43	1	0.37619 0.70729 0.30177 0.23508 0.71574 0.42890 
44	1	0.45774 0.72333 0.11773 0.30418 0.78636 0.29226 
45	1	0.18210 0.79070 0.57042 0.08212 0.45227 0.71192 
46	1	0.40569 0.78912 0.21067 0.23220 0.71993 0.43399 
47	1	0.38185 0.80441 0.13016 0.24710 0.81622 0.36977 
48	1	0.20139 0.74112 0.41711 0.09925 0.60901 0.65140 
49	1	0.33246 0.85166 0.08016 0.22414 0.85302 0.35537 
50	1	0.30916 0.80116 0.10032 0.21878 0.81981 0.35893 
51	1	0.46460 0.76952 0.29203 0.28151 0.69866 0.42574 
52	1	0.27784 0.70236 0.31889 0.20612 0.61977 0.44193 
53	1	0.38254 0.70835 0.27741 0.25218 0.72828 0.42175 
54	1	0.70700 0.61519 0.27172 0.54299 0.79322 0.23535 
55	1	0.72068 0.75039 0.20184 0.60695 0.94432 0.10504 
56	1	0.52179 0.77172 0.19799 0.45533 0.94016 0.13269 
57	1	0.40255 0.92598 0.13504 0.25363 0.79303 0.35197 
58	1	0.33418 0.89742 0.22069 0.22528 0.71177 0.42880 
59	1	0.17499 0.72632 0.46695 0.08080 0.55653 0.69546 
60	1	0.59437 0.89568 0.24909 0.37663 0.67197 0.39335 
61	1	0.38850 0.90294 0.21239 0.27241 0.73331 0.37467 
62	1	0.24076 0.96433 0.02824 0.17909 0.98266 0.33945 
63	1	0.22683 0.94683 0.05114 0.18266 0.94864 0.34946 
64	1	0.30078 0.94597 0.16907 0.14947 0.57654 0.50288 
65	1	0.24706 0.97267 0.10727 0.16770 0.69378 0.42525 
66	1	0.44407 0.97790 0.08391 0.27204 0.79207 0.34710 
67	1	0.44707 0.94260 0.20776 0.22237 0.58109 0.51632 
68	1	0.22288 0.71461 0.34185 0.12662 0.60111 0.58817 
69	1	0.24300 0.81668 0.17769 0.15202 0.70000 0.48592 
70	2	0.09163 0.78026 0.37272 0.02944 0.32374 0.81408 
71	2	0.15313 0.83330 0.34280 0.04278 0.36794 0.78731 
72	2	0.10479 0.82531 0.32610 0.03289 0.37337 0.79283 
73	2	0.08263 0.78120 0.42946 0.02525 0.32289 0.84291 
74	2	0.07527 0.85420 0.33833 0.02796 0.35654 0.80897 
75	2	0.15279 0.53409 0.20131 0.09004 0.42026 0.55851 
76	2	0.14200 0.71392 0.16600 0.06980 0.43492 0.61313 
77	2	0.28220 0.84963 0.07841 0.17198 0.78694 0.42685 
78	2	0.51747 0.94589 0.09576 0.28975 0.72139 0.45651 
79	2	0.50421 0.92796 0.09821 0.28350 0.73365 0.44659 
80	2	0.53598 0.47683 0.69732 0.29382 0.40832 0.58503 
81	2	0.30802 0.93638 0.04904 0.19702 0.82884 0.39399 
82	2	0.22990 0.92489 0.13343 0.09410 0.64126 0.62643 
83	2	0.23001 0.96366 0.08832 0.09674 0.71437 0.58613 
84	2	0.30444 0.88961 0.09389 0.18988 0.75987 0.41506 
85	2	0.28744 0.93610 0.09566 0.13241 0.69723 0.54183 
86	2	0.23505 0.92775 0.10884 0.08953 0.64571 0.62377 
87	2	0.19225 0.91389 0.13456 0.06996 0.60095 0.65536 
88	2	0.18646 0.91617 0.12021 0.08345 0.62842 0.62418 
89	2	0.18275 0.95871 0.09552 0.10725 0.70154 0.54227 
90	2	0.31399 0.92920 0.06684 0.15687 0.71285 0.49448 
91	2	1.00000 0.05706 0.17022 1.00000 0.88464 0.00000 
92	2	0.19462 0.87847 0.13838 0.08067 0.61081 0.61383 
93	2	0.07785 0.77751 0.19588 0.04244 0.39672 0.67103 
94	2	0.05762 0.71204 0.35030 0.02881 0.34154 0.76279 
95	2	0.15967 0.78147 0.17483 0.06627 0.45550 0.62240 
96	2	0.09894 0.89670 0.15542 0.04489 0.47730 0.68055 
97	2	0.14283 0.83066 0.14996 0.07142 0.51739 0.60793 
98	2	0.17415 0.91339 0.10340 0.07809 0.58755 0.57886 
99	2	0.30425 0.90647 0.09317 0.13296 0.60644 0.50964 
100	2	0.13176 0.93256 0.08354 0.08371 0.61203 0.52583 
101	2	0.24511 0.95500 0.04256 0.16525 0.75694 0.39396 
102	2	0.39462 0.01215 0.69199 0.18756 0.37709 0.62131 
103	2	0.07551 0.80803 0.18428 0.04455 0.44432 0.67806 
104	2	0.10998 0.85210 0.12493 0.06214 0.50849 0.60779 
105	2	0.17266 0.89500 0.22149 0.04827 0.43184 0.73541 
106	2	0.09659 0.76213 0.25500 0.03811 0.35310 0.71868 
107	2	0.18645 0.88575 0.10182 0.07676 0.56240 0.57996 
108	2	0.13011 0.90224 0.17194 0.04977 0.48905 0.68508 
109	2	0.19971 0.91148 0.21098 0.06293 0.44789 0.69908 
110	2	0.11516 0.85090 0.11091 0.07802 0.59039 0.54868 
111	2	0.07944 0.69452 0.27078 0.03865 0.30894 0.70467 
112	2	0.23826 0.86114 0.11799 0.11393 0.65420 0.55186 
113	2	0.59071 0.02139 0.46513 0.36233 0.50006 0.45666 
114	2	0.29105 0.13584 0.84732 0.09516 0.20257 0.76606 
115	2	0.24472 0.19793 0.82070 0.07230 0.18390 0.77758 
116	2	0.17507 0.61100 0.43923 0.05078 0.29576 0.76451 
117	2	0.15388 0.93020 0.11623 0.06323 0.55230 0.65706 
118	2	0.22804 0.87715 0.04036 0.18712 0.83487 0.34269 
119	2	0.43487 0.96640 0.05073 0.23061 0.78444 0.39983 
120	2	0.62788 0.81789 0.14024 0.41408 0.75160 0.34860 
121	2	0.56194 0.78451 0.14927 0.35955 0.77519 0.36061 
122	2	0.24608 0.84952 0.19030 0.09915 0.52296 0.60809 
123	2	0.94773 0.04502 0.20643 0.89922 0.82871 0.07256 
124	2	0.19573 0.84811 0.16886 0.08484 0.51844 0.61179 
125	2	0.11098 0.87097 0.17633 0.05002 0.42619 0.67753 
126	2	0.18037 0.52830 0.44844 0.06450 0.30496 0.72080 
127	2	0.19283 0.05058 0.82211 0.06775 0.19591 0.76553 
128	2	0.58222 0.89003 0.07672 0.42776 0.87822 0.22872 
129	2	0.51701 0.89324 0.09785 0.34502 0.80835 0.31221 
130	2	0.57329 0.86206 0.12520 0.42634 0.79738 0.27685 
131	2	0.16433 0.12948 0.77427 0.05764 0.21747 0.77963 
132	2	0.23588 0.68530 0.36197 0.08487 0.39304 0.68142 
133	2	0.19206 0.00000 1.00000 0.04610 0.07924 0.83572 
134	2	0.47765 0.83836 0.21463 0.28423 0.73465 0.43605 
135	2	0.16928 0.88854 0.12307 0.08399 0.59737 0.61717 
136	2	0.11496 0.93864 0.10729 0.05398 0.59826 0.65814 
137	2	0.37884 0.75639 0.29493 0.21545 0.61944 0.50145 
138	2	0.16479 0.82232 0.37314 0.04670 0.37138 0.78154 
139	2	0.06968 0.73675 0.47560 0.01879 0.21277 0.85879 
140	3	0.12199 0.94039 0.11608 0.06006 0.67812 0.63630 
141	3	0.06523 0.91827 0.18127 0.04039 0.63964 0.71668 
142	3	0.19520 0.94605 0.11390 0.09033 0.71709 0.58946 
143	3	0.06359 0.89499 0.18290 0.04201 0.60716 0.69772 
144	3	0.04541 0.52583 0.90067 0.00701 0.08017 0.94134 
145	3	0.03560 0.49224 0.53279 0.01736 0.14649 0.83757 
146	3	0.02858 0.45448 0.71354 0.00891 0.07060 0.89506 
147	3	0.05777 0.78423 0.37989 0.02650 0.43360 0.79922 
148	3	0.04997 0.89876 0.20430 0.03167 0.51662 0.74460 
149	3	0.14730 0.89874 0.21346 0.04893 0.48003 0.71487 
150	3	0.12381 0.88865 0.28525 0.04590 0.42297 0.76451 
151	3	0.16739 0.92792 0.18267 0.06073 0.51894 0.70297 
152	3	0.13289 0.93535 0.13876 0.05701 0.59795 0.65911 
153	3	0.15707 0.85685 0.32422 0.04694 0.48065 0.76334 
154	3	0.04168 0.82286 0.34139 0.02114 0.41524 0.82101 
155	3	0.07246 0.94448 0.13661 0.05223 0.62939 0.64564 
156	3	0.25799 0.95563 0.08706 0.11263 0.70872 0.54250 
157	3	0.11125 0.98768 0.07576 0.06920 0.68869 0.58237 
158	3	0.16482 0.87687 0.10871 0.08940 0.59803 0.52812 
159	3	0.22625 0.90999 0.11555 0.12257 0.68964 0.49639 
160	3	0.25606 0.84733 0.14376 0.13544 0.54817 0.47169 
161	3	0.66104 0.94467 0.04056 0.47722 0.89930 0.23762 
162	3	0.22486 0.95647 0.05628 0.12469 0.68442 0.47162 
163	3	0.34986 0.93974 0.08499 0.17344 0.72888 0.46121 
164	3	0.17493 0.94532 0.15080 0.08837 0.62639 0.60033 
165	3	0.13271 0.81675 0.40740 0.05058 0.46196 0.75512 
166	3	0.31142 0.69763 0.34791 0.17554 0.62289 0.51594 
167	3	0.19636 0.77680 0.30085 0.12344 0.62555 0.56785 
168	3	0.20846 0.92926 0.15021 0.12640 0.71728 0.52189 
169	3	0.27928 0.93879 0.09556 0.17485 0.84065 0.44286 
170	3	0.11543 0.75321 0.30710 0.04625 0.42481 0.73032 
171	3	0.18753 0.71976 0.41365 0.06411 0.41186 0.73793 
172	3	0.30756 0.72025 0.34026 0.11705 0.49988 0.66542 
173	3	0.16863 0.89134 0.07544 0.10424 0.68443 0.52710 
174	3	0.38808 0.68968 0.52610 0.16432 0.47517 0.66205 
175	3	0.20518 0.88825 0.18515 0.07648 0.54992 0.64813 
176	3	0.31525 0.76425 0.35333 0.11848 0.45964 0.67025 
177	3	0.35668 0.79814 0.32530 0.15783 0.61772 0.59337 
178	3	0.17764 0.82189 0.27457 0.07357 0.58305 0.65870 
179	3	0.12427 0.80958 0.33191 0.04822 0.48718 0.72530 
180	3	0.09868 0.82759 0.27099 0.05220 0.54532 0.68695 
181	3	0.13826 0.84682 0.22277 0.07008 0.62028 0.63047 
182	3	0.03938 0.72375 0.59428 0.01134 0.22984 0.90552 
183	3	0.14742 0.92635 0.12323 0.08616 0.72544 0.56769 
184	3	0.07359 0.90711 0.11546 0.05159 0.59317 0.64145 
185	3	0.08507 0.86879 0.12199 0.05727 0.56314 0.62180 
186	3	0.05974 0.72131 0.62098 0.01678 0.24438 0.88589 
187	3	0.06946 0.74439 0.51651 0.01908 0.27660 0.86725 
188	3	0.04072 0.75172 0.70253 0.00993 0.20753 0.93565 
189	3	0.09563 0.83177 0.25177 0.04992 0.55034 0.70570 
190	3	0.08742 0.68169 0.60849 0.03297 0.28963 0.82668 
191	3	0.03402 0.64927 0.73409 0.00875 0.16839 0.92349 
192	3	0.04403 0.62217 0.72695 0.01321 0.17145 0.89126 
193	3	0.00000 0.51041 0.93467 0.00000 0.00000 1.00000 
194	3	0.20638 0.91912 0.15449 0.11764 0.76909 0.54374 
195	3	0.23810 0.96030 0.14792 0.12305 0.77817 0.55199 
196	3	0.21963 0.97747 0.12774 0.12855 0.77677 0.55065 
197	3	0.25612 0.87366 0.16037 0.14719 0.67580 0.50558 
198	3	0.20362 0.85613 0.18380 0.11489 0.65814 0.56258 
199	3	0.20823 0.95635 0.11915 0.11852 0.71295 0.52934 
200	3	0.15024 0.97102 0.08229 0.06958 0.74684 0.60395 
201	3	0.11238 0.88631 0.15697 0.06490 0.66522 0.64734 
202	3	0.07643 0.86907 0.18956 0.04885 0.57349 0.67964 
203	3	0.08923 0.86444 0.20192 0.05050 0.57987 0.68515 
204	3	0.15337 0.89588 0.07624 0.11099 0.73855 0.51566 
205	3	0.36865 0.67104 0.49466 0.18581 0.51220 0.53331 
206	3	0.34866 0.73687 0.38445 0.17430 0.54484 0.53530 
207	3	0.26528 0.76038 0.38073 0.10824 0.58938 0.60951 
208	3	0.19828 0.83031 0.18529 0.09092 0.58934 0.60021 
209	3	0.07580 0.89194 0.17927 0.04689 0.59028 0.68708 
210	4	0.40866 0.97003 0.06208 0.23534 0.81738 0.42212 
211	4	0.43933 0.95254 0.04976 0.28107 0.83891 0.36422 
212	4	0.45731 0.93419 0.05465 0.27968 0.83457 0.35750 
213	4	0.18879 0.95059 0.07590 0.11049 0.75758 0.51054 
214	4	0.31682 0.87087 0.15844 0.15643 0.70855 0.52294 
215	4	0.32652 0.83279 0.21511 0.15437 0.65178 0.55153 
216	4	0.29914 0.88527 0.10415 0.20558 0.80756 0.41810 
217	4	0.50379 0.85775 0.04498 0.34259 0.87551 0.25272 
218	4	0.30609 0.92613 0.02821 0.23780 0.91699 0.32170 
219	4	0.34088 0.88605 0.07809 0.20519 0.78632 0.43218 
220	4	0.29179 0.94133 0.06696 0.15470 0.73651 0.48412 
221	4	0.24275 0.92616 0.06841 0.14130 0.80019 0.45985 
222	4	0.16118 0.86480 0.16923 0.08992 0.68936 0.60612 
223	4	0.22094 0.98953 0.03024 0.12924 0.86511 0.46564 
224	4	0.14567 0.82613 0.17247 0.08830 0.62374 0.57983 
225	4	0.48857 0.91626 0.10217 0.27417 0.77503 0.44197 
226	4	0.31102 0.94874 0.04974 0.18927 0.80861 0.43534 
227	4	0.20353 0.83929 0.22466 0.09174 0.59146 0.63855 
228	4	0.17545 0.92760 0.15953 0.08789 0.62113 0.62634 
229	4	0.11040 0.86028 0.23188 0.04959 0.48410 0.71788 
230	4	0.37819 0.95624 0.06239 0.24469 0.80416 0.40710 
231	4	0.16529 0.93956 0.08534 0.10402 0.68612 0.55296 
232	4	0.22107 0.91758 0.10329 0.11514 0.68588 0.52307 
233	4	0.12208 0.79425 0.29925 0.06698 0.51522 0.67867 
234	4	0.22228 0.76778 0.29473 0.07344 0.43394 0.69824 
235	4	0.20270 0.87097 0.19151 0.08480 0.58936 0.65321 
236	4	0.29097 0.92046 0.07556 0.22350 0.82968 0.39144 
237	4	0.39933 0.94016 0.05554 0.24833 0.82965 0.37790 
238	4	0.39778 0.85698 0.30984 0.27805 0.71189 0.43430 
239	4	0.43742 0.99838 0.01532 0.33936 1.00000 0.21162 
240	4	0.35348 0.96687 0.01400 0.28142 0.98617 0.22064 
241	4	0.15632 0.78784 0.26804 0.07829 0.59216 0.66587 
242	4	0.15948 0.84613 0.17878 0.09429 0.65877 0.60690 
243	4	0.27544 0.90945 0.15314 0.12912 0.72770 0.52567 
244	4	0.41071 0.96227 0.05695 0.22321 0.88559 0.38153 
245	4	0.13610 0.89782 0.17136 0.05758 0.59186 0.68718 
246	4	0.16789 0.77293 0.36688 0.05846 0.49264 0.73990 
247	4	0.20085 0.77280 0.20903 0.10367 0.60580 0.59996 
248	4	0.15497 0.72491 0.46141 0.06950 0.47846 0.69281 
249	4	0.27913 0.91416 0.10745 0.18292 0.81972 0.44881 
250	4	0.48611 0.94482 0.15488 0.26431 0.71078 0.46181 
251	4	0.21295 0.80483 0.24450 0.11303 0.57181 0.61384 
252	4	0.43562 0.97382 0.06105 0.24350 0.81891 0.37128 
253	4	0.36481 0.87325 0.17793 0.18462 0.71822 0.47711 
254	4	0.50977 0.92900 0.07298 0.30706 0.82633 0.33335 
255	4	0.35801 0.95803 0.05775 0.19746 0.83594 0.37795 
256	4	0.51031 0.89155 0.15782 0.29008 0.72247 0.41313 
257	4	0.17464 0.89352 0.19105 0.09426 0.75530 0.58624 
258	4	0.33758 0.61654 0.33606 0.16536 0.53680 0.58379 
259	4	0.26063 0.74255 0.29569 0.13499 0.55423 0.62315 
260	4	0.29068 0.62419 0.35323 0.15274 0.54636 0.60293 
261	4	0.49509 0.88128 0.25447 0.26177 0.63819 0.53908 
262	4	0.39391 0.79909 0.30706 0.17587 0.55380 0.61776 
263	4	0.22250 0.83769 0.25510 0.11494 0.55980 0.62463 
264	4	0.58513 0.93630 0.04554 0.38718 0.86448 0.26200 
265	4	0.52742 0.88267 0.15960 0.30659 0.74437 0.40630 
266	4	0.53123 0.91274 0.09225 0.32824 0.82272 0.33122 
267	4	0.49609 0.87148 0.18413 0.28024 0.72802 0.43168 
268	4	0.16929 0.85981 0.19898 0.09708 0.72103 0.58222 
269	4	0.18679 0.85313 0.21674 0.09633 0.71666 0.59430 
270	4	0.10395 0.79559 0.33064 0.04095 0.50252 0.75491 
271	4	0.10295 0.79220 0.35683 0.04063 0.49069 0.76942 
272	4	0.16858 0.82937 0.24065 0.07115 0.55170 0.68837 
273	4	0.10868 0.77320 0.31815 0.05487 0.53382 0.71781 
274	4	0.32836 0.91659 0.17216 0.18357 0.81028 0.47535 
275	4	0.26509 0.88676 0.16569 0.14335 0.69892 0.52465 
276	4	0.64002 0.80211 0.13517 0.50389 0.87792 0.20020 
277	4	0.35999 0.84960 0.15738 0.17672 0.70156 0.48532 
278	4	0.24797 0.89644 0.16688 0.12013 0.68947 0.54903 
279	4	0.26694 0.96561 0.06539 0.19765 0.83753 0.38405 
280	5	0.21954 0.97631 0.04669 0.13185 0.83052 0.48607 
281	5	0.07056 0.87121 0.30259 0.03241 0.49784 0.78239 
282	5	0.06959 0.87882 0.22502 0.02980 0.43683 0.76255 
283	5	0.18696 0.95865 0.04905 0.13355 0.83434 0.46230 
284	5	0.15806 0.96898 0.06034 0.09077 0.75758 0.55347 
285	5	0.26343 0.96286 0.06376 0.19621 0.88077 0.39715 
286	5	0.26724 0.98377 0.09441 0.11533 0.69001 0.56822 
287	5	0.06568 0.91208 0.13226 0.04166 0.56066 0.69260 
288	5	0.13711 0.82609 0.14283 0.07993 0.59759 0.59078 
289	5	0.26876 0.98355 0.00994 0.19804 0.92309 0.33662 
290	5	0.30642 0.98283 0.00986 0.20081 0.91879 0.33859 
291	5	0.11257 0.98009 0.03236 0.07844 0.79230 0.54746 
292	5	0.22055 0.97398 0.04392 0.13561 0.81004 0.48362 
293	5	0.18478 0.98791 0.02249 0.09711 0.83006 0.51187 
294	5	0.09458 0.99518 0.01300 0.08379 0.84898 0.50254 
295	5	0.10972 0.98097 0.02765 0.08408 0.80800 0.52684 
296	5	0.20453 0.88766 0.06898 0.12737 0.74151 0.47028 
297	5	0.23385 0.98690 0.01274 0.15013 0.87598 0.41846 
298	5	0.09578 0.97750 0.03905 0.07052 0.76536 0.56910 
299	5	0.11518 0.85322 0.16138 0.06154 0.47349 0.64085 
300	5	0.07818 0.82746 0.23067 0.03636 0.40109 0.72605 
301	5	0.10007 0.94721 0.09227 0.06087 0.66203 0.61402 
302	5	0.15716 0.99444 0.00710 0.13702 0.92075 0.41380 
303	5	0.15144 1.00000 0.00000 0.13771 0.96678 0.38448 
304	5	0.13224 0.96092 0.05784 0.09104 0.76420 0.54394 
305	5	0.18337 0.92212 0.05634 0.10290 0.65594 0.50118 
306	5	0.04435 0.77221 0.46942 0.01612 0.29209 0.85741 
307	5	0.04541 0.58020 0.41802 0.02175 0.18755 0.79797 
308	5	0.01953 0.72197 0.44311 0.01078 0.17990 0.87343 
309	5	0.02587 0.59284 0.43924 0.01832 0.18398 0.81138 
310	5	0.06067 0.90629 0.13749 0.03479 0.46930 0.70134 
311	5	0.07225 0.81680 0.19122 0.03625 0.40802 0.70667 
312	5	0.04127 0.59095 0.43604 0.01939 0.17683 0.81067 
313	5	0.07223 0.82334 0.27664 0.03566 0.45854 0.74766 
314	5	0.44179 0.90941 0.02997 0.30364 0.81930 0.29928 
315	5	0.04044 0.65436 0.36288 0.02153 0.21267 0.79000 
316	5	0.08371 0.55271 0.32110 0.03965 0.24796 0.71860 
317	5	0.08017 0.94054 0.13937 0.04106 0.53048 0.68759 
318	5	0.05793 0.49803 0.37827 0.03065 0.20091 0.74957 
319	5	0.05895 0.90952 0.16898 0.03164 0.46764 0.72685 
320	5	0.05684 0.83561 0.24115 0.02913 0.39864 0.74894 
321	5	0.29745 0.93248 0.01325 0.24176 0.88173 0.29304 
322	5	0.25572 0.74840 0.10973 0.13912 0.60711 0.47647 
323	5	0.13152 0.93382 0.08875 0.06569 0.59902 0.60401 
324	5	0.10941 0.92991 0.08858 0.06714 0.63968 0.58882 
325	5	0.08670 0.92066 0.13930 0.04519 0.51109 0.67098 
326	5	0.10119 0.89168 0.12781 0.05415 0.48634 0.65292 
327	5	0.12533 0.97156 0.09595 0.06296 0.65734 0.62090 
328	5	0.15517 0.98635 0.08059 0.07967 0.70627 0.58951 
329	5	0.16700 0.96878 0.02580 0.11539 0.80819 0.45702 
330	5	0.27108 0.99497 0.01152 0.16618 0.89606 0.40963 
331	5	0.40545 0.98581 0.00531 0.29563 0.94685 0.25718 
332	5	0.30303 0.98542 0.00529 0.23085 0.93232 0.30950 
333	5	0.08247 0.88025 0.11579 0.05694 0.52514 0.61783 
334	5	0.13047 0.94630 0.11650 0.05409 0.56959 0.67627 
335	5	0.15220 0.92987 0.10466 0.06796 0.59786 0.62319 
336	5	0.09572 0.87115 0.10806 0.06282 0.54983 0.59857 
337	5	0.12173 0.91025 0.17076 0.06761 0.49476 0.64581 
338	5	0.12398 0.72005 0.35150 0.04305 0.40765 0.74040 
339	5	0.06370 0.71469 0.31059 0.03510 0.38341 0.74528 
340	5	0.15058 0.72344 0.19325 0.07450 0.38813 0.61662 
341	5	0.08803 0.68648 0.31212 0.03599 0.29474 0.74402 
342	5	0.09930 0.51973 0.36704 0.03951 0.22602 0.73942 
343	5	0.10188 0.49404 0.37330 0.04258 0.24422 0.72848 
344	5	0.13936 0.88170 0.19088 0.06021 0.48734 0.68022 
345	5	0.24667 0.93464 0.13474 0.10734 0.64955 0.60128 
346	5	0.25874 0.94832 0.19738 0.08916 0.55527 0.68223 
347	5	0.06024 0.80879 0.29832 0.02246 0.31632 0.79395 
348	5	0.05715 0.82837 0.35443 0.01815 0.28239 0.85308 
349	5	0.13885 0.90765 0.13359 0.07411 0.60434 0.60833 
