350	5	6
0	1	0.48846 0.93329 0.08948 0.32936 0.84369 0.51432 
1	1	0.76166 0.72060 0.19454 0.60909 0.79323 0.36516 
2	1	0.39999 0.84780 0.21639 0.23335 0.74208 0.64369 
3	1	0.31439 0.68553 0.41483 0.17530 0.59362 0.73707 
4	1	0.38853 0.76317 0.48442 0.20619 0.56427 0.72755 
5	1	0.66163 0.73037 0.34603 0.46838 0.64488 0.51315 
6	1	0.63943 0.70967 0.38636 0.43974 0.61924 0.54248 
7	1	0.42432 0.77085 0.38246 0.22466 0.59026 0.70992 
8	1	0.22619 0.60386 0.47755 0.09220 0.43537 0.84396 
9	1	0.47002 0.71140 0.45134 0.25765 0.55523 0.69741 
10	1	0.48836 0.79780 0.26062 0.31923 0.74184 0.54691 
11	1	0.34844 0.74824 0.36454 0.18245 0.61813 0.72868 
12	1	0.46298 0.69869 0.40352 0.26031 0.61391 0.67445 
13	1	0.35224 0.92089 0.10449 0.25718 0.84011 0.56144 
14	1	0.32429 0.90527 0.09008 0.29608 0.84565 0.50675 
15	1	0.38032 0.90484 0.17327 0.21204 0.75243 0.65274 
16	1	0.43113 0.87542 0.09589 0.27613 0.84427 0.55721 
17	1	0.62175 0.94451 0.12004 0.44671 0.86016 0.43385 
18	1	0.52502 0.91714 0.17191 0.35120 0.80759 0.50908 
19	1	0.30407 0.83167 0.15704 0.17808 0.69978 0.66872 
20	1	0.04972 0.82359 0.26442 0.06520 0.50530 0.81087 
21	1	0.16049 0.76814 0.40744 0.08234 0.54431 0.82834 
22	1	0.63752 0.77534 0.10940 0.46121 0.79545 0.43592 
23	1	0.57843 0.86116 0.10828 0.38317 0.78141 0.51127 
24	1	0.53126 0.91024 0.08249 0.34339 0.83583 0.52205 
25	1	0.60278 0.68129 0.58226 0.40987 0.65021 0.47587 
26	1	0.42162 0.78357 0.30741 0.26040 0.67846 0.61382 
27	1	0.30723 0.83089 0.28808 0.17105 0.73045 0.69243 
28	1	0.43473 0.64623 0.31953 0.27283 0.66786 0.61358 
29	1	0.63798 0.60665 0.33455 0.44456 0.67929 0.50060 
30	1	0.88167 0.66186 0.22367 0.79282 0.83212 0.19785 
31	1	0.84586 0.68777 0.20136 0.73393 0.79931 0.26156 
32	1	0.53279 0.82371 0.22377 0.33751 0.76151 0.56805 
33	1	0.22667 0.86653 0.23691 0.16465 0.67588 0.67304 
34	1	0.28828 0.89530 0.13116 0.18433 0.82189 0.63477 
35	1	0.25369 0.79442 0.25755 0.17429 0.71187 0.68469 
36	1	0.40619 0.67424 0.35981 0.23260 0.66504 0.65885 
37	1	0.36068 0.85960 0.36855 0.28774 0.79622 0.51724 
38	1	0.48567 0.55308 0.73406 0.27686 0.47787 0.65514 
39	1	0.11087 0.65719 0.58926 0.06949 0.38142 0.84592 
40	1	0.45792 0.67714 0.47498 0.28441 0.58898 0.59339 
41	1	0.18877 0.76748 0.29716 0.14089 0.67344 0.70905 
42	1	0.38690 0.91183 0.08007 0.24349 0.84638 0.57744 
43	1	0.51942 0.71175 0.29133 0.32098 0.63652 0.60692 
44	1	0.47781 0.61408 0.22501 0.30867 0.59971 0.55014 
45	1	0.31309 0.80795 0.43861 0.18583 0.59499 0.72234 
46	1	0.46037 0.87431 0.16050 0.28568 0.80064 0.58057 
47	1	0.39294 0.87648 0.12126 0.27099 0.84228 0.55229 
48	1	0.32616 0.81521 0.30260 0.17599 0.71178 0.69707 
49	1	0.41072 0.90318 0.08299 0.28979 0.86215 0.52022 
50	1	0.38013 0.87381 0.09974 0.28830 0.84793 0.52427 
51	1	0.66688 0.75604 0.27409 0.47580 0.67193 0.49843 
52	1	0.67891 0.70857 0.29423 0.49110 0.64461 0.48616 
53	1	0.71087 0.68317 0.35758 0.53404 0.71197 0.44728 
54	1	0.87686 0.60997 0.29741 0.78377 0.81238 0.22354 
55	1	0.36856 0.83391 0.12847 0.34382 0.89754 0.45938 
56	1	0.45386 0.85127 0.09964 0.39745 0.90987 0.38850 
57	1	0.49593 0.88641 0.11848 0.30775 0.78280 0.55175 
58	1	0.21879 0.91018 0.14348 0.15373 0.79960 0.66459 
59	1	0.35622 0.79364 0.37218 0.20088 0.65630 0.68934 
60	1	0.26700 0.92903 0.13246 0.17617 0.82806 0.64339 
61	1	0.43338 0.85155 0.14991 0.25564 0.73418 0.60386 
62	1	0.47299 0.94584 0.02709 0.34818 0.94309 0.44371 
63	1	0.38370 0.92211 0.03918 0.33148 0.91860 0.45428 
64	1	0.44889 0.96860 0.11236 0.35607 0.83423 0.44778 
65	1	0.44353 0.99213 0.04904 0.32162 0.93125 0.45688 
66	1	0.35698 0.98556 0.04001 0.30564 0.92799 0.46081 
67	1	0.28942 0.95673 0.12798 0.22782 0.76730 0.59558 
68	1	0.26524 0.71471 0.33703 0.17578 0.62972 0.71832 
69	1	0.39157 0.87661 0.17228 0.23127 0.76777 0.63117 
70	2	0.26834 0.71090 0.32171 0.17303 0.56677 0.71458 
71	2	0.28716 0.79683 0.23825 0.20526 0.67103 0.66039 
72	2	0.23277 0.80527 0.25792 0.16893 0.62484 0.70139 
73	2	0.38952 0.73462 0.36460 0.20221 0.51290 0.71857 
74	2	0.23165 0.83149 0.24795 0.16401 0.63837 0.69917 
75	2	0.88880 0.37964 0.14922 0.80478 0.83581 0.17328 
76	2	1.00000 0.70063 0.01600 1.00000 0.98661 0.00000 
77	2	0.52658 0.84689 0.04148 0.43443 0.89119 0.33061 
78	2	0.62634 0.93724 0.07192 0.45600 0.89017 0.41632 
79	2	0.58301 0.92184 0.07024 0.41262 0.88686 0.43618 
80	2	0.31283 0.44976 0.51985 0.13365 0.39323 0.81824 
81	2	0.70975 0.89657 0.08324 0.54571 0.88692 0.36721 
82	2	0.32217 0.83316 0.09455 0.22950 0.76547 0.53398 
83	2	0.28066 0.91703 0.04828 0.25949 0.87067 0.48024 
84	2	0.63951 0.85027 0.03994 0.47554 0.89146 0.35555 
85	2	0.40404 0.81280 0.08533 0.28147 0.77901 0.48815 
86	2	0.35935 0.86965 0.06892 0.26035 0.82325 0.49708 
87	2	0.28229 0.86768 0.08132 0.22423 0.79655 0.53029 
88	2	0.32731 0.84783 0.08687 0.23252 0.78118 0.53030 
89	2	0.34264 0.95640 0.06573 0.22528 0.84431 0.57843 
90	2	0.38772 0.91927 0.05316 0.28658 0.86340 0.48191 
91	2	0.90604 0.00000 0.13522 0.83242 0.83822 0.17484 
92	2	0.36643 0.85469 0.19119 0.21921 0.75849 0.63950 
93	2	0.21537 0.77779 0.28934 0.11652 0.49150 0.77061 
94	2	0.29695 0.76981 0.30893 0.16156 0.50497 0.72940 
95	2	0.24656 0.71429 0.27859 0.14488 0.52031 0.71345 
96	2	0.18425 0.87302 0.20831 0.14018 0.63362 0.71477 
97	2	0.33746 0.80221 0.24651 0.20631 0.65529 0.64100 
98	2	0.24056 0.88298 0.15606 0.14110 0.70189 0.71159 
99	2	0.19464 0.84844 0.25865 0.12339 0.60404 0.74562 
100	2	0.36010 0.90905 0.12734 0.24549 0.80727 0.57284 
101	2	0.31515 0.92609 0.12406 0.22845 0.82714 0.57089 
102	2	0.52427 0.00176 0.60417 0.30710 0.36308 0.66758 
103	2	0.37030 0.83103 0.19736 0.22834 0.63371 0.64261 
104	2	0.42778 0.82370 0.18346 0.24320 0.63513 0.64457 
105	2	0.25008 0.88073 0.18899 0.18558 0.71640 0.64257 
106	2	0.49851 0.83226 0.18521 0.33093 0.67877 0.53972 
107	2	0.32114 0.84438 0.18732 0.16258 0.60311 0.71628 
108	2	0.20394 0.87329 0.21062 0.14793 0.66731 0.70038 
109	2	0.21089 0.89003 0.22062 0.14670 0.65060 0.70956 
110	2	0.31296 0.82370 0.24667 0.25741 0.67215 0.59063 
111	2	0.21820 0.62840 0.47523 0.08846 0.34975 0.83813 
112	2	0.39455 0.83847 0.19197 0.22793 0.76020 0.63595 
113	2	0.61569 0.02177 0.49015 0.41054 0.46936 0.56841 
114	2	0.33321 0.05845 0.76809 0.14444 0.18838 0.81641 
115	2	0.23838 0.13507 0.68626 0.10324 0.17937 0.83245 
116	2	0.13895 0.49062 0.45551 0.08495 0.38348 0.81932 
117	2	0.27769 0.81648 0.23561 0.15867 0.72730 0.69420 
118	2	0.27758 0.83900 0.12092 0.23949 0.84076 0.54092 
119	2	0.47470 0.95193 0.05453 0.30339 0.86169 0.52403 
120	2	0.25345 0.79930 0.14964 0.19670 0.71536 0.64615 
121	2	0.48627 0.81467 0.11688 0.32364 0.80630 0.53526 
122	2	0.31523 0.87242 0.19309 0.22624 0.69159 0.62385 
123	2	0.58211 0.40999 0.21268 0.41990 0.72884 0.45182 
124	2	0.13449 0.80770 0.25675 0.08315 0.54416 0.79629 
125	2	0.23356 0.80920 0.23817 0.14262 0.53292 0.71337 
126	2	0.13627 0.49930 0.55113 0.05441 0.32374 0.89617 
127	2	0.33545 0.01063 0.76490 0.14334 0.16305 0.82052 
128	2	0.66469 0.87942 0.08388 0.49245 0.87614 0.40584 
129	2	0.57702 0.89137 0.10080 0.39965 0.84408 0.47298 
130	2	0.67446 0.84908 0.10751 0.49994 0.83534 0.42095 
131	2	0.10027 0.25137 0.76719 0.03139 0.16135 0.94566 
132	2	0.15404 0.71462 0.42944 0.06873 0.45952 0.84919 
133	2	0.18830 0.00412 1.00000 0.04874 0.00000 0.94543 
134	2	0.56502 0.80834 0.15271 0.37498 0.77714 0.52414 
135	2	0.34754 0.84656 0.08471 0.24206 0.78655 0.52016 
136	2	0.19378 0.87758 0.08728 0.20518 0.77870 0.54066 
137	2	0.44518 0.73017 0.25015 0.26002 0.64879 0.63458 
138	2	0.22930 0.69182 0.34648 0.11490 0.48412 0.78647 
139	2	0.18913 0.57502 0.47006 0.09759 0.32218 0.83204 
140	3	0.35845 0.92755 0.13829 0.24312 0.81878 0.57243 
141	3	0.21448 0.89212 0.18115 0.16622 0.77270 0.67204 
142	3	0.48343 0.93431 0.10967 0.30830 0.82750 0.54794 
143	3	0.25518 0.86533 0.21234 0.15638 0.71037 0.70613 
144	3	0.19232 0.54843 0.71962 0.05550 0.21629 0.93133 
145	3	0.12186 0.51910 0.52872 0.03137 0.19440 0.93020 
146	3	0.01342 0.47899 0.75149 0.00207 0.09065 0.99500 
147	3	0.18982 0.76705 0.39226 0.11854 0.57278 0.77681 
148	3	0.20974 0.88558 0.24549 0.14908 0.69862 0.71626 
149	3	0.42631 0.87956 0.28552 0.27498 0.73602 0.56781 
150	3	0.46794 0.85863 0.32116 0.29945 0.71786 0.56630 
151	3	0.49757 0.90238 0.22615 0.32777 0.78228 0.53292 
152	3	0.35954 0.91736 0.21481 0.25784 0.79449 0.55569 
153	3	0.25846 0.82018 0.31446 0.14268 0.62266 0.74679 
154	3	0.13796 0.78435 0.34633 0.09470 0.56802 0.80396 
155	3	0.23467 0.84045 0.33168 0.21729 0.78257 0.52371 
156	3	0.46792 0.85729 0.26218 0.31917 0.82194 0.46209 
157	3	0.40598 0.76814 0.36948 0.28606 0.77336 0.46612 
158	3	0.51642 0.50329 0.36650 0.36652 0.71420 0.44147 
159	3	0.37917 0.60941 0.34057 0.31510 0.73433 0.46652 
160	3	0.75423 0.37241 0.30768 0.61057 0.79329 0.27539 
161	3	0.83076 0.79147 0.04551 0.73974 0.97868 0.13427 
162	3	0.30159 0.91290 0.11404 0.18779 0.72833 0.62394 
163	3	0.52814 0.69956 0.26429 0.39620 0.80796 0.40131 
164	3	0.45520 0.71138 0.35460 0.32406 0.75860 0.46041 
165	3	0.18863 0.82653 0.29502 0.11174 0.61544 0.77401 
166	3	0.58058 0.75695 0.36563 0.38299 0.67206 0.54735 
167	3	0.57205 0.79868 0.30527 0.37884 0.71740 0.53428 
168	3	0.31398 0.95673 0.10399 0.25687 0.90798 0.51191 
169	3	0.31889 0.97502 0.05484 0.27881 0.93438 0.47977 
170	3	0.33306 0.74915 0.27509 0.15946 0.57337 0.74464 
171	3	0.33014 0.77529 0.38538 0.16202 0.53952 0.75870 
172	3	0.26738 0.77496 0.35722 0.12641 0.53112 0.78948 
173	3	0.40949 0.87495 0.14046 0.23388 0.74919 0.63194 
174	3	0.44714 0.74564 0.46238 0.25587 0.61729 0.66061 
175	3	0.22429 0.87957 0.22180 0.14068 0.67198 0.72349 
176	3	0.28863 0.78718 0.37535 0.14851 0.57555 0.75469 
177	3	0.40232 0.84455 0.30016 0.23431 0.70420 0.64864 
178	3	0.56166 0.84651 0.20520 0.36474 0.76428 0.54941 
179	3	0.49233 0.85273 0.24720 0.29071 0.69651 0.62675 
180	3	0.44028 0.85905 0.21496 0.24839 0.70541 0.65158 
181	3	0.47725 0.85599 0.15872 0.29675 0.76368 0.57776 
182	3	0.06138 0.71335 0.46422 0.04351 0.39509 0.89979 
183	3	0.52410 0.90831 0.12096 0.33591 0.81171 0.54226 
184	3	0.24933 0.88260 0.15314 0.19914 0.76786 0.63160 
185	3	0.24233 0.84742 0.19577 0.17772 0.71514 0.66724 
186	3	0.16284 0.73871 0.54427 0.10401 0.45970 0.82914 
187	3	0.15878 0.74591 0.47837 0.07794 0.45233 0.85457 
188	3	0.20265 0.73471 0.57138 0.12092 0.45590 0.81374 
189	3	0.24488 0.83053 0.17376 0.17600 0.70906 0.65562 
190	3	0.25455 0.63003 0.45473 0.10177 0.40200 0.83775 
191	3	0.11590 0.56295 0.65885 0.05077 0.28237 0.90930 
192	3	0.09053 0.54336 0.73599 0.04885 0.23995 0.90223 
193	3	0.00000 0.51061 0.73846 0.00000 0.10762 1.00000 
194	3	0.48986 0.91290 0.07305 0.34974 0.90257 0.43506 
195	3	0.44256 0.92675 0.09570 0.30048 0.87714 0.52434 
196	3	0.32364 0.95601 0.08037 0.29159 0.89921 0.50150 
197	3	0.23413 0.90101 0.16559 0.18835 0.76539 0.63831 
198	3	0.26886 0.86502 0.19405 0.16368 0.71967 0.68943 
199	3	0.57636 0.94195 0.14582 0.42625 0.89246 0.41381 
200	3	0.23801 0.95209 0.12031 0.20619 0.88731 0.58594 
201	3	0.23672 0.86750 0.14674 0.17909 0.76587 0.65923 
202	3	0.26426 0.85403 0.20603 0.15042 0.68288 0.71722 
203	3	0.17053 0.85797 0.21285 0.12740 0.67759 0.74011 
204	3	0.33191 0.91335 0.12380 0.20145 0.80174 0.63492 
205	3	0.72899 0.72850 0.29267 0.56035 0.73986 0.42146 
206	3	0.70169 0.77289 0.25049 0.52573 0.75810 0.43996 
207	3	0.47603 0.81240 0.22623 0.29360 0.76759 0.59509 
208	3	0.38439 0.81805 0.20788 0.21665 0.67380 0.66219 
209	3	0.21067 0.87808 0.16893 0.13605 0.71220 0.71432 
210	4	0.28266 0.97976 0.06300 0.21211 0.88026 0.57595 
211	4	0.30626 0.96780 0.06234 0.28770 0.90618 0.50285 
212	4	0.29323 0.96026 0.07498 0.26390 0.89682 0.52691 
213	4	0.29238 0.94367 0.07461 0.18999 0.82323 0.61463 
214	4	0.19072 0.93758 0.10564 0.14050 0.75600 0.68225 
215	4	0.14716 0.91257 0.13707 0.11540 0.69114 0.71338 
216	4	0.33445 0.93132 0.07127 0.21019 0.83560 0.60177 
217	4	0.47903 0.83314 0.08697 0.35109 0.85776 0.46918 
218	4	0.50703 0.92075 0.09001 0.37526 0.93100 0.39013 
219	4	0.53917 0.90265 0.11911 0.37988 0.83774 0.44559 
220	4	0.35292 0.88145 0.15340 0.21967 0.82305 0.60731 
221	4	0.37351 0.94610 0.10845 0.30020 0.84625 0.48720 
222	4	0.25731 0.86649 0.23034 0.19901 0.75611 0.62409 
223	4	0.54712 0.96216 0.07886 0.38379 0.88269 0.45580 
224	4	0.23733 0.88242 0.16616 0.17209 0.67170 0.67657 
225	4	0.49979 0.89186 0.14711 0.35588 0.86474 0.45032 
226	4	0.14772 0.94395 0.08432 0.15824 0.86224 0.63588 
227	4	0.42898 0.80812 0.38553 0.25712 0.69048 0.60159 
228	4	0.16991 0.89620 0.19962 0.13500 0.77799 0.68785 
229	4	0.16340 0.75719 0.41795 0.12707 0.59606 0.74151 
230	4	0.35475 0.96434 0.06459 0.25094 0.92081 0.53467 
231	4	0.23461 0.90636 0.14479 0.15047 0.76974 0.68038 
232	4	0.24796 0.85661 0.20036 0.18218 0.75718 0.63846 
233	4	0.23337 0.66804 0.57748 0.15088 0.54642 0.69883 
234	4	0.07457 0.69032 0.48842 0.07376 0.53466 0.78488 
235	4	0.15058 0.81306 0.30741 0.12865 0.72512 0.69560 
236	4	0.28768 0.95751 0.05402 0.20742 0.92711 0.56363 
237	4	0.32219 0.94915 0.07870 0.24260 0.87409 0.56234 
238	4	0.47533 0.87221 0.23069 0.30656 0.77078 0.54789 
239	4	0.24517 0.97633 0.01785 0.26539 0.95932 0.46410 
240	4	0.77790 0.92175 0.00653 0.67117 0.98964 0.18787 
241	4	0.39038 0.76667 0.27635 0.21277 0.67373 0.68340 
242	4	0.44142 0.83786 0.18820 0.26121 0.73511 0.62020 
243	4	0.17475 0.90876 0.16593 0.15239 0.74246 0.68323 
244	4	0.31651 0.95272 0.07343 0.20343 0.85848 0.60133 
245	4	0.28648 0.87853 0.18037 0.17581 0.70417 0.67570 
246	4	0.23739 0.75136 0.33571 0.15232 0.58443 0.73369 
247	4	0.52905 0.70419 0.24959 0.33687 0.68368 0.55962 
248	4	0.24665 0.74020 0.40592 0.18552 0.56351 0.69263 
249	4	0.53202 0.88967 0.06352 0.38307 0.88800 0.41549 
250	4	0.29974 0.94524 0.09572 0.22548 0.84295 0.57663 
251	4	0.20326 0.77946 0.36936 0.14502 0.65623 0.69953 
252	4	0.30278 0.94254 0.11347 0.29511 0.91565 0.46166 
253	4	0.39601 0.84630 0.18430 0.38743 0.84945 0.38234 
254	4	0.46563 0.89908 0.14086 0.37997 0.88781 0.41127 
255	4	0.36089 0.92068 0.14039 0.29756 0.90042 0.46514 
256	4	0.43219 0.85114 0.17809 0.39964 0.85642 0.36804 
257	4	0.29411 0.90535 0.14980 0.19864 0.82301 0.62498 
258	4	0.39196 0.52743 0.56447 0.21740 0.56016 0.64723 
259	4	0.19334 0.73532 0.40801 0.14746 0.64744 0.70570 
260	4	0.23153 0.68476 0.49609 0.17619 0.61929 0.67727 
261	4	0.20373 0.83287 0.23381 0.15010 0.76686 0.68656 
262	4	0.30902 0.66540 0.33076 0.16582 0.66485 0.70449 
263	4	0.31672 0.67420 0.29145 0.19532 0.69786 0.65081 
264	4	0.47844 0.92805 0.09850 0.41009 0.92636 0.36921 
265	4	0.49104 0.85713 0.16818 0.42490 0.86943 0.34613 
266	4	0.45042 0.91133 0.11094 0.43856 0.91256 0.31395 
267	4	0.40460 0.87320 0.15361 0.40370 0.88248 0.35733 
268	4	0.10626 0.86926 0.22046 0.11875 0.74911 0.72545 
269	4	0.16870 0.86347 0.22107 0.13601 0.75329 0.70873 
270	4	0.24227 0.79371 0.32042 0.14377 0.62023 0.73657 
271	4	0.26060 0.78774 0.32140 0.14885 0.61991 0.73362 
272	4	0.37779 0.79827 0.23817 0.21093 0.65912 0.67354 
273	4	0.33449 0.76648 0.31583 0.18135 0.63301 0.70890 
274	4	0.26594 0.90943 0.14328 0.17930 0.82090 0.64121 
275	4	0.09149 0.80640 0.29457 0.12222 0.77343 0.69601 
276	4	0.54475 0.81890 0.23304 0.35906 0.84051 0.50996 
277	4	0.44780 0.78882 0.29517 0.30499 0.79075 0.49035 
278	4	0.38528 0.81538 0.27821 0.26399 0.79183 0.51270 
279	4	0.39084 0.84288 0.14573 0.36036 0.90523 0.38912 
280	5	0.49878 0.97710 0.05415 0.32260 0.87691 0.51062 
281	5	0.21256 0.84339 0.22992 0.12556 0.65480 0.74180 
282	5	0.17665 0.84441 0.25127 0.12954 0.57261 0.75259 
283	5	0.51884 0.94585 0.03982 0.36685 0.90711 0.44068 
284	5	0.35468 0.94682 0.06280 0.23436 0.85208 0.56935 
285	5	0.28108 0.96688 0.03781 0.25969 0.91093 0.52444 
286	5	0.31961 0.98923 0.06008 0.26667 0.85664 0.52286 
287	5	0.22707 0.86410 0.15229 0.12459 0.66310 0.72801 
288	5	0.31728 0.79246 0.32805 0.20720 0.63078 0.66631 
289	5	0.45685 0.96143 0.02470 0.34842 0.92525 0.43424 
290	5	0.35540 0.96396 0.02580 0.29520 0.92209 0.47157 
291	5	0.32408 0.94011 0.02980 0.29196 0.91110 0.44886 
292	5	0.43847 0.96442 0.05166 0.27946 0.87589 0.53946 
293	5	0.44145 0.94873 0.02141 0.35366 0.93107 0.41275 
294	5	0.45832 0.95132 0.01663 0.33855 0.94253 0.40418 
295	5	0.50921 0.93838 0.08702 0.39556 0.90937 0.40450 
296	5	0.34623 0.83416 0.22266 0.22793 0.70162 0.63462 
297	5	0.53358 0.94555 0.08516 0.41934 0.91985 0.38468 
298	5	0.36131 0.93652 0.10324 0.35733 0.88944 0.42490 
299	5	0.31223 0.74836 0.34813 0.14865 0.51850 0.75563 
300	5	0.28032 0.74052 0.41097 0.13585 0.50011 0.77179 
301	5	0.21719 0.94749 0.12152 0.16578 0.76939 0.64649 
302	5	0.26529 0.99463 0.02094 0.21961 0.93522 0.54507 
303	5	0.40342 1.00000 0.00679 0.29378 0.96624 0.47102 
304	5	0.31406 0.95899 0.07998 0.28754 0.86159 0.50657 
305	5	0.49021 0.90502 0.09853 0.32128 0.77749 0.49960 
306	5	0.18047 0.70990 0.56135 0.12198 0.48045 0.73906 
307	5	0.11048 0.45468 0.84531 0.06435 0.20817 0.86935 
308	5	0.12418 0.64338 0.55183 0.06855 0.34507 0.85332 
309	5	0.16620 0.58385 0.50082 0.10477 0.33250 0.78557 
310	5	0.16459 0.86581 0.25191 0.14373 0.62690 0.70642 
311	5	0.19665 0.74602 0.40426 0.12411 0.47556 0.77366 
312	5	0.13731 0.42544 0.86544 0.07145 0.21116 0.85284 
313	5	0.33514 0.73206 0.48677 0.20391 0.58193 0.63742 
314	5	0.71041 0.83562 0.10045 0.54233 0.83250 0.38944 
315	5	0.17671 0.47398 0.76429 0.10142 0.27973 0.80585 
316	5	0.27066 0.43418 0.76074 0.13793 0.30786 0.75623 
317	5	0.32096 0.92817 0.13976 0.21200 0.73020 0.59167 
318	5	0.22225 0.41469 0.88565 0.13477 0.29077 0.74224 
319	5	0.19179 0.89508 0.21579 0.16269 0.66747 0.66349 
320	5	0.13703 0.78069 0.39044 0.12174 0.52255 0.72966 
321	5	0.94376 0.89359 0.01018 0.89906 0.97739 0.09287 
322	5	0.28488 0.67434 0.28130 0.18234 0.66255 0.67234 
323	5	0.56676 0.89627 0.09669 0.38689 0.79783 0.45711 
324	5	0.53580 0.91432 0.08513 0.36459 0.81360 0.44962 
325	5	0.32534 0.93145 0.12964 0.21232 0.72036 0.58462 
326	5	0.22582 0.81742 0.20316 0.18502 0.61042 0.65409 
327	5	0.42486 0.99925 0.03319 0.31293 0.91066 0.45905 
328	5	0.39796 0.99177 0.05215 0.30851 0.90404 0.46343 
329	5	0.43464 0.95635 0.06270 0.29887 0.86267 0.48331 
330	5	0.87395 0.95795 0.01269 0.79311 0.97777 0.13017 
331	5	0.96052 0.96348 0.00000 0.93169 1.00000 0.04383 
332	5	0.79287 0.97616 0.01724 0.66736 0.95665 0.24695 
333	5	0.34794 0.79928 0.29267 0.24302 0.67266 0.59727 
334	5	0.37300 0.89369 0.19779 0.25211 0.75635 0.58057 
335	5	0.47406 0.82414 0.23595 0.33379 0.74568 0.51777 
336	5	0.39117 0.74538 0.38106 0.25222 0.62744 0.60683 
337	5	0.22631 0.67957 0.48850 0.15077 0.50038 0.72582 
338	5	0.24323 0.63867 0.37844 0.10218 0.47478 0.82129 
339	5	0.22256 0.61532 0.41160 0.08871 0.44343 0.84344 
340	5	0.23460 0.69745 0.33188 0.15817 0.45271 0.67629 
341	5	0.24103 0.65236 0.46057 0.13559 0.40217 0.73160 
342	5	0.21193 0.47093 0.55153 0.10717 0.28250 0.80324 
343	5	0.39595 0.44632 0.49964 0.18922 0.35581 0.75653 
344	5	0.54099 0.79984 0.25344 0.33623 0.64643 0.59291 
345	5	0.55078 0.86530 0.24878 0.36165 0.75025 0.52854 
346	5	0.31321 0.88393 0.27761 0.20907 0.68267 0.63491 
347	5	0.18027 0.78041 0.42997 0.12105 0.50588 0.74760 
348	5	0.32425 0.75688 0.41470 0.17365 0.53196 0.69982 
349	5	0.28531 0.84120 0.23743 0.19258 0.70255 0.66050 
