350	5	6
0	1	0.36820 0.87129 0.08093 0.19857 0.77296 0.39781 
1	1	0.61103 0.70205 0.16719 0.43898 0.81647 0.25132 
2	1	0.25665 0.76198 0.20753 0.14675 0.71355 0.49568 
3	1	0.19354 0.66433 0.43077 0.10151 0.57874 0.63062 
4	1	0.33437 0.71916 0.49866 0.14118 0.52347 0.62432 
5	1	0.39648 0.71985 0.29671 0.28165 0.66007 0.42651 
6	1	0.48766 0.70177 0.35264 0.29869 0.64036 0.44216 
7	1	0.40708 0.73310 0.38235 0.20236 0.57892 0.55693 
8	1	0.11339 0.57187 0.40810 0.05389 0.43368 0.71575 
9	1	0.29526 0.69216 0.38397 0.15236 0.56954 0.58831 
10	1	0.20150 0.88165 0.09934 0.13517 0.70067 0.48954 
11	1	0.35262 0.71319 0.33144 0.17889 0.62439 0.55045 
12	1	0.31793 0.68463 0.31950 0.16325 0.63716 0.54367 
13	1	0.17990 0.92151 0.06383 0.13503 0.83464 0.44598 
14	1	0.13733 0.86809 0.13130 0.09808 0.75473 0.55362 
15	1	0.62621 0.87279 0.23061 0.41645 0.71116 0.37578 
16	1	0.36116 0.90472 0.11472 0.28366 0.81191 0.32723 
17	1	0.80708 0.88825 0.23011 0.65640 0.76337 0.24966 
18	1	0.66950 0.85870 0.29802 0.46409 0.69581 0.36207 
19	1	0.22358 0.77107 0.24667 0.12772 0.61096 0.56385 
20	1	0.29757 0.74035 0.44600 0.10137 0.36695 0.71250 
21	1	0.26856 0.80050 0.34990 0.09869 0.48257 0.69180 
22	1	0.40254 0.80021 0.15220 0.29247 0.74752 0.37051 
23	1	0.32403 0.87202 0.15919 0.23702 0.77313 0.41616 
24	1	0.34577 0.90122 0.10794 0.23021 0.82786 0.38928 
25	1	0.15429 0.63579 0.65082 0.09935 0.55555 0.66569 
26	1	0.21388 0.82028 0.14458 0.13029 0.66318 0.50643 
27	1	0.20984 0.74017 0.37547 0.09723 0.61982 0.64008 
28	1	0.42425 0.71427 0.16763 0.26912 0.75113 0.37444 
29	1	0.48139 0.72598 0.13792 0.29467 0.75945 0.35577 
30	1	0.69733 0.79995 0.14329 0.50808 0.75896 0.27495 
31	1	0.57244 0.84052 0.10751 0.38664 0.81547 0.29258 
32	1	0.57667 0.79842 0.19570 0.40428 0.78470 0.31334 
33	1	0.17857 0.90839 0.14962 0.06445 0.53220 0.65119 
34	1	0.25598 0.92751 0.07974 0.16739 0.76563 0.45693 
35	1	0.29446 0.74729 0.20328 0.18930 0.71213 0.45992 
36	1	0.37559 0.72868 0.20356 0.24762 0.75605 0.39020 
37	1	0.20992 0.79940 0.50738 0.11993 0.64333 0.61766 
38	1	0.29733 0.55970 0.45739 0.13418 0.49322 0.62347 
39	1	0.12474 0.64994 0.46212 0.03583 0.30910 0.78935 
40	1	0.20545 0.76865 0.19579 0.10071 0.57285 0.58191 
41	1	0.34656 0.83674 0.14878 0.16427 0.66295 0.49817 
42	1	0.25889 0.90142 0.07797 0.17321 0.79623 0.42857 
43	1	0.41301 0.69761 0.25006 0.25893 0.74570 0.38978 
44	1	0.38772 0.71178 0.09896 0.27838 0.78794 0.28459 
45	1	0.19120 0.78498 0.48535 0.08804 0.49413 0.67150 
46	1	0.45637 0.78451 0.17580 0.26848 0.75430 0.39707 
47	1	0.38738 0.80237 0.11096 0.24435 0.82249 0.35952 
48	1	0.21058 0.73491 0.37523 0.10179 0.62717 0.62886 
49	1	0.34698 0.84891 0.06429 0.22679 0.85815 0.33599 
50	1	0.29867 0.79765 0.08751 0.21568 0.82905 0.34641 
51	1	0.47369 0.75824 0.24823 0.29450 0.71974 0.39654 
52	1	0.33363 0.69334 0.25797 0.23001 0.65174 0.40353 
53	1	0.36074 0.70385 0.26469 0.23620 0.73676 0.42272 
54	1	0.71073 0.61260 0.25761 0.54405 0.79967 0.23467 
55	1	0.72710 0.73509 0.19429 0.60863 0.93879 0.10964 
56	1	0.47143 0.75717 0.20275 0.46383 0.94331 0.12558 
57	1	0.33736 0.91297 0.14607 0.23143 0.77889 0.36956 
58	1	0.34789 0.88552 0.22122 0.21057 0.70310 0.43936 
59	1	0.17475 0.71844 0.42581 0.08174 0.57660 0.67190 
60	1	0.56577 0.88365 0.25071 0.34486 0.66646 0.40990 
61	1	0.36760 0.89007 0.21773 0.25695 0.71921 0.39132 
62	1	0.23384 0.96139 0.02311 0.18088 0.97480 0.32491 
63	1	0.21630 0.94187 0.04434 0.18025 0.94450 0.34106 
64	1	0.24586 0.94074 0.15428 0.12957 0.58743 0.49612 
65	1	0.28051 0.96384 0.12677 0.16118 0.65933 0.45537 
66	1	0.35471 0.96952 0.09120 0.22636 0.76431 0.38438 
67	1	0.43414 0.93281 0.19303 0.21285 0.59709 0.50268 
68	1	0.21738 0.71047 0.28888 0.12781 0.62642 0.56056 
69	1	0.24616 0.81414 0.17052 0.14353 0.70578 0.48712 
70	2	0.08991 0.77018 0.34206 0.03083 0.35160 0.79194 
71	2	0.13836 0.82171 0.31743 0.03973 0.38418 0.77497 
72	2	0.11693 0.81514 0.30087 0.03378 0.39372 0.77551 
73	2	0.07541 0.77062 0.39636 0.02430 0.34276 0.82561 
74	2	0.07683 0.84472 0.31121 0.02851 0.37864 0.78837 
75	2	0.18539 0.54381 0.15028 0.11198 0.49122 0.49674 
76	2	0.14028 0.71529 0.13251 0.07793 0.48783 0.56861 
77	2	0.29830 0.83626 0.04660 0.21846 0.83179 0.33452 
78	2	0.50194 0.94276 0.08081 0.27361 0.72466 0.44605 
79	2	0.48935 0.92527 0.08504 0.26970 0.74139 0.43957 
80	2	0.53847 0.45105 0.59869 0.29675 0.43974 0.56136 
81	2	0.29708 0.93340 0.04027 0.19924 0.83684 0.37272 
82	2	0.22641 0.91851 0.09875 0.10623 0.67839 0.56634 
83	2	0.18780 0.96044 0.05289 0.11043 0.77902 0.50092 
84	2	0.32193 0.88707 0.05652 0.24196 0.81940 0.33152 
85	2	0.26480 0.93494 0.08441 0.12763 0.71185 0.52775 
86	2	0.26117 0.92380 0.07920 0.11020 0.68803 0.55286 
87	2	0.21213 0.90523 0.09619 0.08807 0.65054 0.57788 
88	2	0.23569 0.91277 0.07945 0.10448 0.68236 0.54731 
89	2	0.23279 0.95623 0.06716 0.14235 0.74154 0.47159 
90	2	0.22968 0.91976 0.04954 0.14035 0.72848 0.45724 
91	2	1.00000 0.03280 0.13001 1.00000 0.88590 0.00000 
92	2	0.23892 0.87597 0.10846 0.10327 0.65332 0.55499 
93	2	0.08124 0.77219 0.15082 0.05103 0.45600 0.61281 
94	2	0.06065 0.70843 0.30024 0.03253 0.38296 0.72691 
95	2	0.16901 0.78124 0.14115 0.07438 0.50431 0.57808 
96	2	0.08484 0.89098 0.12079 0.04804 0.51763 0.63303 
97	2	0.13343 0.82406 0.12770 0.06524 0.53383 0.58536 
98	2	0.15708 0.90920 0.08093 0.09398 0.64002 0.51758 
99	2	0.23574 0.91016 0.07142 0.11310 0.64376 0.47730 
100	2	0.26908 0.93231 0.06183 0.14682 0.69448 0.42482 
101	2	0.25446 0.95082 0.04097 0.15297 0.74439 0.40852 
102	2	0.52254 0.06004 0.58004 0.28358 0.43240 0.54404 
103	2	0.08529 0.80787 0.15718 0.04839 0.48174 0.64550 
104	2	0.11081 0.84813 0.10979 0.06728 0.53720 0.58103 
105	2	0.16874 0.89087 0.19520 0.04860 0.45870 0.70821 
106	2	0.09781 0.75453 0.18956 0.04880 0.42276 0.64856 
107	2	0.17452 0.88279 0.08653 0.07874 0.58719 0.55124 
108	2	0.11415 0.90053 0.15103 0.04865 0.51073 0.66495 
109	2	0.15664 0.90984 0.16685 0.05831 0.49123 0.65156 
110	2	0.14140 0.84708 0.08364 0.10000 0.64745 0.48651 
111	2	0.08415 0.69328 0.23653 0.04092 0.34753 0.68026 
112	2	0.18905 0.85740 0.09752 0.10780 0.68044 0.52578 
113	2	0.41179 0.00018 0.45344 0.23090 0.50279 0.50859 
114	2	0.34266 0.12385 0.68817 0.12724 0.26306 0.70030 
115	2	0.25564 0.18054 0.66865 0.07917 0.23965 0.73392 
116	2	0.18657 0.60263 0.39825 0.05540 0.32712 0.73848 
117	2	0.15319 0.92494 0.11117 0.06298 0.56043 0.64306 
118	2	0.17325 0.88348 0.04218 0.15267 0.81601 0.37409 
119	2	0.36888 0.95891 0.04556 0.19652 0.79459 0.39897 
120	2	0.63860 0.80167 0.11682 0.42850 0.76531 0.32444 
121	2	0.53045 0.77067 0.12703 0.33152 0.77935 0.35755 
122	2	0.27242 0.84038 0.16101 0.11123 0.54867 0.57333 
123	2	0.94204 0.03522 0.18267 0.89101 0.83450 0.07383 
124	2	0.19907 0.84522 0.15955 0.08128 0.52518 0.60752 
125	2	0.08886 0.86258 0.16259 0.04614 0.43287 0.66864 
126	2	0.19206 0.52255 0.40553 0.06684 0.33801 0.69933 
127	2	0.29208 0.05837 0.68753 0.09937 0.25270 0.71210 
128	2	0.50866 0.88177 0.07294 0.36461 0.87163 0.25793 
129	2	0.46974 0.88491 0.09245 0.30532 0.80869 0.32791 
130	2	0.56418 0.84695 0.10620 0.40452 0.80542 0.28053 
131	2	0.23773 0.15400 0.63898 0.08421 0.28240 0.71351 
132	2	0.23444 0.68052 0.32637 0.08463 0.41900 0.66366 
133	2	0.21795 0.00000 0.81903 0.05778 0.14573 0.78294 
134	2	0.46729 0.82679 0.17577 0.26923 0.74718 0.42496 
135	2	0.24655 0.88633 0.07962 0.11595 0.66933 0.52406 
136	2	0.13127 0.93451 0.07208 0.07445 0.65834 0.57381 
137	2	0.41852 0.74408 0.24650 0.22871 0.63950 0.47916 
138	2	0.14865 0.80955 0.34639 0.04312 0.39349 0.76601 
139	2	0.06471 0.72207 0.44053 0.01839 0.24155 0.84109 
140	3	0.11299 0.92509 0.12458 0.05657 0.64766 0.63635 
141	3	0.06860 0.90549 0.16161 0.04510 0.64490 0.68201 
142	3	0.15983 0.93095 0.12899 0.07454 0.66323 0.61521 
143	3	0.06271 0.87180 0.19942 0.03672 0.55987 0.71102 
144	3	0.03520 0.47683 0.90954 0.00708 0.09898 0.93461 
145	3	0.03870 0.46637 0.47223 0.02161 0.19822 0.79709 
146	3	0.03700 0.42068 0.75280 0.00867 0.08723 0.90202 
147	3	0.05524 0.76120 0.40561 0.02242 0.40717 0.81342 
148	3	0.04148 0.88840 0.21236 0.02695 0.50250 0.75800 
149	3	0.15167 0.89479 0.19643 0.05061 0.50057 0.69715 
150	3	0.12703 0.88026 0.27247 0.04658 0.44344 0.74600 
151	3	0.17001 0.92182 0.17400 0.06163 0.53454 0.68507 
152	3	0.13485 0.92955 0.12975 0.05806 0.60867 0.64155 
153	3	0.13733 0.83563 0.32450 0.04410 0.48036 0.75824 
154	3	0.04674 0.80508 0.31813 0.02228 0.42229 0.79875 
155	3	0.08198 0.91093 0.15849 0.04786 0.60110 0.65554 
156	3	0.21556 0.91865 0.12643 0.10561 0.64842 0.56316 
157	3	0.13723 0.96474 0.10734 0.05912 0.62735 0.62055 
158	3	0.09715 0.77243 0.15793 0.06034 0.50643 0.58512 
159	3	0.22497 0.84034 0.14442 0.11175 0.62777 0.51320 
160	3	0.17432 0.77683 0.17249 0.09487 0.49344 0.54154 
161	3	0.62528 0.88239 0.06044 0.44547 0.85749 0.24921 
162	3	0.12378 0.78731 0.14995 0.06428 0.44085 0.57326 
163	3	0.34172 0.87759 0.11518 0.16599 0.68201 0.47048 
164	3	0.16877 0.88874 0.19333 0.08624 0.58428 0.59955 
165	3	0.14330 0.79154 0.31945 0.06019 0.50190 0.69426 
166	3	0.25113 0.64147 0.33129 0.13784 0.60064 0.53700 
167	3	0.20559 0.72465 0.33008 0.10948 0.58479 0.58415 
168	3	0.25594 0.91119 0.12623 0.15565 0.72526 0.47143 
169	3	0.29111 0.90009 0.09515 0.17957 0.82258 0.43306 
170	3	0.12447 0.72794 0.24468 0.05473 0.46920 0.67186 
171	3	0.22165 0.68016 0.49669 0.06519 0.36079 0.76853 
172	3	0.23212 0.69242 0.39915 0.08437 0.43396 0.70989 
173	3	0.14805 0.85784 0.09063 0.08624 0.63018 0.55317 
174	3	0.27814 0.63296 0.56417 0.10866 0.45392 0.70001 
175	3	0.17756 0.86532 0.17189 0.06935 0.56179 0.63579 
176	3	0.23645 0.71018 0.39584 0.07588 0.43206 0.72068 
177	3	0.28723 0.77008 0.29877 0.13564 0.62765 0.58200 
178	3	0.14408 0.75413 0.30390 0.06251 0.49723 0.67514 
179	3	0.11483 0.74370 0.36654 0.04192 0.41801 0.73877 
180	3	0.09826 0.75712 0.30906 0.04302 0.46492 0.71132 
181	3	0.13597 0.76977 0.25195 0.05647 0.52465 0.65903 
182	3	0.03289 0.65757 0.67363 0.00922 0.20469 0.91825 
183	3	0.14732 0.87903 0.14526 0.07415 0.64207 0.59719 
184	3	0.07929 0.88800 0.11543 0.05067 0.58113 0.62824 
185	3	0.08323 0.84345 0.12483 0.05535 0.55332 0.61287 
186	3	0.06806 0.62640 0.54376 0.02134 0.23559 0.83855 
187	3	0.06622 0.64808 0.48049 0.02270 0.24626 0.82034 
188	3	0.04189 0.70254 0.61350 0.01252 0.21080 0.89133 
189	3	0.06354 0.79209 0.25988 0.03625 0.44700 0.72633 
190	3	0.06083 0.66616 0.61841 0.02246 0.22163 0.84176 
191	3	0.03812 0.64004 0.70523 0.00870 0.16570 0.91445 
192	3	0.04709 0.60500 0.75976 0.01167 0.16710 0.90189 
193	3	0.00000 0.45667 1.00000 0.00000 0.00000 1.00000 
194	3	0.22232 0.88158 0.16913 0.13102 0.74059 0.52210 
195	3	0.20586 0.94589 0.14871 0.11313 0.73664 0.55218 
196	3	0.19927 0.96232 0.13677 0.12544 0.73852 0.54257 
197	3	0.23151 0.75550 0.13685 0.11305 0.57961 0.51702 
198	3	0.17925 0.75345 0.15394 0.08994 0.55605 0.56749 
199	3	0.16674 0.92145 0.11848 0.07938 0.55837 0.57728 
200	3	0.11357 0.95025 0.08374 0.05238 0.64263 0.62857 
201	3	0.09628 0.86301 0.16156 0.05398 0.57839 0.65914 
202	3	0.08369 0.80802 0.17621 0.04536 0.46698 0.66575 
203	3	0.06677 0.81174 0.19669 0.03920 0.45525 0.69421 
204	3	0.12343 0.84432 0.10530 0.07931 0.63205 0.57215 
205	3	0.13229 0.60095 0.51098 0.07287 0.29966 0.65305 
206	3	0.13183 0.67080 0.43416 0.07080 0.31264 0.65768 
207	3	0.10285 0.71402 0.39721 0.05124 0.42342 0.68859 
208	3	0.16499 0.80585 0.21368 0.07373 0.55386 0.63161 
209	3	0.08182 0.86918 0.17698 0.04754 0.58573 0.67119 
210	4	0.40583 0.96741 0.05648 0.22968 0.81740 0.41727 
211	4	0.40288 0.94951 0.04529 0.24923 0.84102 0.37303 
212	4	0.41467 0.93053 0.05270 0.24574 0.83164 0.36999 
213	4	0.18815 0.94457 0.07626 0.09903 0.73924 0.52351 
214	4	0.27781 0.86097 0.15162 0.13692 0.70505 0.52633 
215	4	0.29549 0.81830 0.20491 0.14505 0.66397 0.54063 
216	4	0.27700 0.87691 0.09885 0.19596 0.80878 0.41513 
217	4	0.53350 0.85077 0.04147 0.36145 0.87451 0.24155 
218	4	0.23931 0.93287 0.02938 0.20119 0.91059 0.35009 
219	4	0.44064 0.87849 0.07466 0.23557 0.78257 0.41939 
220	4	0.23570 0.93847 0.05979 0.14870 0.74646 0.47211 
221	4	0.23639 0.92458 0.06563 0.13479 0.79636 0.45912 
222	4	0.13946 0.86346 0.15028 0.08740 0.69931 0.58966 
223	4	0.24072 0.98701 0.02579 0.13591 0.86814 0.44505 
224	4	0.14401 0.81601 0.16205 0.08880 0.63740 0.56379 
225	4	0.38333 0.91263 0.09367 0.20964 0.76869 0.46072 
226	4	0.33538 0.94505 0.04623 0.19226 0.80967 0.42404 
227	4	0.20147 0.83853 0.19934 0.09068 0.60853 0.62174 
228	4	0.15630 0.92342 0.14251 0.08629 0.63719 0.60688 
229	4	0.10639 0.85691 0.20459 0.04866 0.50878 0.69613 
230	4	0.33037 0.95006 0.05956 0.19330 0.78657 0.43531 
231	4	0.23133 0.93497 0.07766 0.11519 0.69793 0.52993 
232	4	0.20946 0.91268 0.09589 0.11058 0.69653 0.51335 
233	4	0.12301 0.79243 0.26263 0.06856 0.54206 0.65364 
234	4	0.12568 0.75558 0.26170 0.05295 0.46170 0.69521 
235	4	0.15522 0.86677 0.16738 0.08048 0.61035 0.63267 
236	4	0.35024 0.91439 0.07010 0.22719 0.82448 0.38179 
237	4	0.38215 0.93589 0.05149 0.23252 0.82612 0.38074 
238	4	0.51937 0.87843 0.25056 0.30554 0.72332 0.43028 
239	4	0.36732 1.00000 0.01026 0.29896 1.00000 0.22988 
240	4	0.46711 0.97510 0.01282 0.30979 0.98054 0.22884 
241	4	0.12537 0.78649 0.23371 0.06905 0.60936 0.65040 
242	4	0.16556 0.84767 0.14544 0.09334 0.67809 0.57851 
243	4	0.23096 0.91890 0.11495 0.11417 0.74950 0.50394 
244	4	0.29717 0.96761 0.04157 0.17041 0.89942 0.38379 
245	4	0.11047 0.89538 0.13794 0.05702 0.62401 0.64700 
246	4	0.15425 0.77203 0.29799 0.05902 0.52620 0.69854 
247	4	0.23968 0.77495 0.17736 0.10988 0.62723 0.57031 
248	4	0.13665 0.73760 0.34775 0.07517 0.52253 0.64113 
249	4	0.41574 0.93125 0.09046 0.23507 0.83660 0.41013 
250	4	0.49085 0.93723 0.13867 0.26916 0.72395 0.44040 
251	4	0.20466 0.80097 0.19594 0.10486 0.59785 0.58629 
252	4	0.39963 0.97084 0.04731 0.21783 0.83503 0.36879 
253	4	0.32443 0.89527 0.14834 0.16958 0.73094 0.46456 
254	4	0.50011 0.93197 0.05527 0.30188 0.84217 0.31199 
255	4	0.41690 0.95609 0.05563 0.23243 0.83154 0.35526 
256	4	0.26680 0.90730 0.13789 0.16449 0.73615 0.46387 
257	4	0.16847 0.90665 0.16849 0.09157 0.75725 0.57777 
258	4	0.32615 0.61015 0.30699 0.15580 0.55064 0.57948 
259	4	0.23363 0.73986 0.24464 0.12728 0.58196 0.59763 
260	4	0.25992 0.62553 0.29854 0.13137 0.56915 0.59154 
261	4	0.51249 0.87674 0.20455 0.27924 0.66377 0.49898 
262	4	0.40194 0.79252 0.23051 0.18505 0.59335 0.56997 
263	4	0.41835 0.81268 0.21311 0.19326 0.58580 0.55962 
264	4	0.59845 0.93793 0.03680 0.40318 0.87785 0.24299 
265	4	0.32702 0.90617 0.13373 0.19131 0.75847 0.43619 
266	4	0.34288 0.93031 0.07645 0.21790 0.83176 0.35894 
267	4	0.26045 0.89551 0.15540 0.16436 0.74276 0.47012 
268	4	0.16706 0.87365 0.16325 0.10108 0.73613 0.55097 
269	4	0.19497 0.86878 0.17924 0.09732 0.72915 0.56618 
270	4	0.09952 0.79551 0.27106 0.04464 0.53486 0.71192 
271	4	0.09491 0.79160 0.29558 0.04223 0.51986 0.73323 
272	4	0.15469 0.82927 0.19287 0.06755 0.58572 0.65387 
273	4	0.12469 0.77390 0.26505 0.05851 0.56304 0.68094 
274	4	0.32282 0.93094 0.14317 0.18936 0.82070 0.45780 
275	4	0.31963 0.87366 0.16340 0.14350 0.69519 0.52554 
276	4	0.64594 0.79535 0.12251 0.51327 0.88124 0.18919 
277	4	0.37409 0.83137 0.16459 0.18115 0.70529 0.48228 
278	4	0.20831 0.87422 0.15028 0.13881 0.71971 0.48994 
279	4	0.37477 0.95302 0.07346 0.25258 0.83681 0.34837 
280	5	0.22868 0.97369 0.03565 0.14147 0.84742 0.44771 
281	5	0.09090 0.86697 0.23592 0.03954 0.53847 0.72710 
282	5	0.07132 0.87505 0.18597 0.03441 0.48045 0.71933 
283	5	0.21942 0.95720 0.04236 0.13234 0.83784 0.44667 
284	5	0.14748 0.96630 0.05039 0.09797 0.77656 0.51854 
285	5	0.29020 0.95601 0.05577 0.19897 0.88036 0.38321 
286	5	0.27061 0.97763 0.08684 0.11949 0.69700 0.54320 
287	5	0.07533 0.89945 0.11578 0.04764 0.58122 0.65289 
288	5	0.13674 0.82441 0.12650 0.08163 0.61727 0.57024 
289	5	0.24908 0.97951 0.00989 0.20214 0.92075 0.32163 
290	5	0.30870 0.97889 0.01023 0.20096 0.91695 0.32956 
291	5	0.11576 0.97613 0.02315 0.09009 0.81947 0.49125 
292	5	0.22021 0.96783 0.03705 0.14469 0.82463 0.44862 
293	5	0.14737 0.98329 0.01972 0.09546 0.82936 0.48984 
294	5	0.08395 0.99422 0.01291 0.07677 0.84160 0.50688 
295	5	0.12242 0.97903 0.02416 0.08566 0.81485 0.50696 
296	5	0.21766 0.88603 0.06077 0.12940 0.75229 0.45388 
297	5	0.22845 0.98435 0.01080 0.15359 0.88001 0.39846 
298	5	0.09854 0.97535 0.03340 0.07389 0.77754 0.54355 
299	5	0.13042 0.84961 0.12773 0.07012 0.52087 0.59307 
300	5	0.09908 0.82410 0.18193 0.04388 0.45280 0.67351 
301	5	0.10322 0.94426 0.08259 0.06211 0.67563 0.59417 
302	5	0.16061 0.99136 0.00770 0.13739 0.91580 0.40358 
303	5	0.16794 0.99674 0.00000 0.14674 0.96445 0.35835 
304	5	0.12910 0.95726 0.05478 0.08990 0.76856 0.53263 
305	5	0.18214 0.92030 0.05368 0.10085 0.66412 0.49462 
306	5	0.05502 0.76866 0.35936 0.02247 0.35658 0.78856 
307	5	0.05110 0.57694 0.39098 0.02231 0.22115 0.78328 
308	5	0.03442 0.71640 0.31578 0.01945 0.27140 0.78321 
309	5	0.02876 0.58779 0.42235 0.01843 0.21424 0.80286 
310	5	0.06687 0.90276 0.10991 0.04215 0.51895 0.64989 
311	5	0.07791 0.80959 0.15901 0.04231 0.45512 0.66208 
312	5	0.04959 0.59015 0.35218 0.02501 0.24216 0.75799 
313	5	0.07771 0.81889 0.23810 0.03979 0.49255 0.71074 
314	5	0.44506 0.90660 0.02838 0.30110 0.82249 0.29654 
315	5	0.06292 0.64910 0.28742 0.02881 0.28188 0.72982 
316	5	0.07949 0.55129 0.28379 0.04124 0.28887 0.69374 
317	5	0.09363 0.93639 0.11524 0.04691 0.56359 0.64452 
318	5	0.06103 0.49561 0.33498 0.03267 0.24493 0.72323 
319	5	0.06279 0.90552 0.13997 0.03629 0.50726 0.68350 
320	5	0.05920 0.82878 0.20205 0.03336 0.43950 0.70640 
321	5	0.31608 0.93058 0.01013 0.27084 0.89877 0.25750 
322	5	0.28944 0.74896 0.09563 0.14781 0.63276 0.45004 
323	5	0.13090 0.93104 0.07610 0.07048 0.62380 0.57445 
324	5	0.11796 0.92824 0.07589 0.07047 0.66039 0.56343 
325	5	0.09200 0.91373 0.13034 0.04547 0.52823 0.65450 
326	5	0.11467 0.88798 0.10761 0.05646 0.51906 0.62135 
327	5	0.12146 0.96757 0.08694 0.06474 0.67254 0.59822 
328	5	0.16339 0.98268 0.06362 0.08723 0.72722 0.54640 
329	5	0.17098 0.96493 0.02519 0.11393 0.81005 0.44896 
330	5	0.27645 0.99285 0.00963 0.17129 0.89993 0.38925 
331	5	0.40980 0.98265 0.00432 0.30175 0.94663 0.24502 
332	5	0.30184 0.98239 0.00338 0.23882 0.93902 0.28490 
333	5	0.08881 0.87334 0.11989 0.05245 0.52443 0.62527 
334	5	0.14671 0.93879 0.10607 0.06083 0.59519 0.64211 
335	5	0.16051 0.92562 0.09059 0.07235 0.62375 0.59260 
336	5	0.08923 0.86701 0.11574 0.05532 0.54253 0.61572 
337	5	0.22847 0.89286 0.14125 0.09356 0.52844 0.58725 
338	5	0.12271 0.69893 0.28958 0.04857 0.45645 0.68965 
339	5	0.06751 0.69465 0.30481 0.03540 0.39939 0.73608 
340	5	0.13820 0.72058 0.17516 0.07369 0.41329 0.60073 
341	5	0.09481 0.68503 0.27682 0.03796 0.33089 0.71829 
342	5	0.08576 0.50372 0.35343 0.03786 0.25048 0.73161 
343	5	0.12263 0.47800 0.30798 0.05020 0.30138 0.68066 
344	5	0.13301 0.87994 0.16005 0.06374 0.51928 0.64477 
345	5	0.24458 0.93184 0.12117 0.10678 0.66517 0.58367 
346	5	0.25974 0.94743 0.16243 0.09096 0.58538 0.64910 
347	5	0.06447 0.79921 0.29143 0.02332 0.32740 0.77891 
348	5	0.06614 0.82996 0.27778 0.02331 0.34225 0.79816 
349	5	0.14117 0.90605 0.11149 0.07779 0.63220 0.57718 
