350	5	6
0	1	0.09024 0.88672 0.07658 0.06660 0.55534 0.45992 
1	1	0.35410 0.71329 0.20510 0.25817 0.72849 0.29976 
2	1	0.09486 0.77443 0.20997 0.06429 0.55623 0.53023 
3	1	0.11037 0.67171 0.54086 0.05306 0.47720 0.65915 
4	1	0.19488 0.73609 0.53631 0.08900 0.40809 0.66324 
5	1	0.23158 0.73276 0.35798 0.18370 0.56588 0.48324 
6	1	0.36062 0.71367 0.40780 0.26086 0.60363 0.46352 
7	1	0.24277 0.74527 0.44538 0.15115 0.52641 0.57531 
8	1	0.06033 0.58770 0.47831 0.02265 0.30895 0.78357 
9	1	0.17036 0.70277 0.46670 0.11206 0.51870 0.61568 
10	1	0.13609 0.89360 0.10511 0.06742 0.51984 0.54993 
11	1	0.19204 0.72447 0.39931 0.12406 0.57919 0.57356 
12	1	0.22245 0.69434 0.39339 0.10859 0.59203 0.57519 
13	1	0.27500 0.92700 0.06581 0.08456 0.63715 0.48396 
14	1	0.05005 0.87884 0.13703 0.03300 0.54962 0.60093 
15	1	0.29147 0.88092 0.26475 0.24416 0.64801 0.41486 
16	1	0.28241 0.91126 0.11884 0.21533 0.70339 0.33096 
17	1	0.64412 0.89683 0.23325 0.67807 0.74330 0.24338 
18	1	0.49561 0.86837 0.28309 0.38819 0.60477 0.37541 
19	1	0.22304 0.80042 0.26566 0.12454 0.57675 0.53175 
20	1	0.24902 0.76998 0.43388 0.10651 0.32701 0.69056 
21	1	0.10195 0.81469 0.34847 0.04336 0.36138 0.72087 
22	1	0.40058 0.82266 0.15632 0.29988 0.71206 0.35098 
23	1	0.30843 0.88755 0.15112 0.24602 0.74691 0.36154 
24	1	0.31857 0.91327 0.10061 0.24545 0.82196 0.30805 
25	1	0.27049 0.63824 0.75250 0.08026 0.46843 0.65537 
26	1	0.16480 0.83540 0.15506 0.07034 0.49983 0.56696 
27	1	0.11939 0.75110 0.41026 0.05026 0.50310 0.64546 
28	1	0.36839 0.71991 0.17496 0.34761 0.74322 0.32780 
29	1	0.56639 0.73858 0.14189 0.41677 0.74008 0.30702 
30	1	0.65964 0.80975 0.18115 0.51484 0.74457 0.29350 
31	1	0.51546 0.84108 0.13208 0.50666 0.82367 0.23193 
32	1	0.36917 0.80372 0.21705 0.34719 0.78118 0.31418 
33	1	0.06959 0.92621 0.14468 0.02745 0.33420 0.70532 
34	1	0.13361 0.93993 0.06906 0.10667 0.65956 0.46318 
35	1	0.23941 0.75727 0.20111 0.13736 0.59804 0.47606 
36	1	0.59363 0.73789 0.22136 0.36641 0.66308 0.38308 
37	1	0.14323 0.80767 0.54629 0.08964 0.57563 0.56455 
38	1	0.23788 0.56806 0.49024 0.08858 0.40792 0.63120 
39	1	0.05504 0.67354 0.44316 0.01282 0.18438 0.83175 
40	1	0.15646 0.78783 0.21211 0.05885 0.40602 0.64126 
41	1	0.19966 0.85259 0.14145 0.11232 0.54362 0.53386 
42	1	0.14530 0.91634 0.07784 0.12462 0.72383 0.42528 
43	1	0.21118 0.70845 0.30075 0.14420 0.62119 0.44489 
44	1	0.13766 0.73224 0.11649 0.09376 0.55545 0.39330 
45	1	0.16328 0.79127 0.56603 0.05456 0.34432 0.71211 
46	1	0.10904 0.79495 0.20739 0.08396 0.52330 0.49227 
47	1	0.12313 0.81441 0.13022 0.08351 0.60991 0.44491 
48	1	0.11297 0.74658 0.41413 0.05497 0.50149 0.64269 
49	1	0.10650 0.86437 0.07771 0.07532 0.61822 0.42321 
50	1	0.09957 0.81498 0.09714 0.08516 0.62579 0.41843 
51	1	0.31365 0.77513 0.29160 0.25377 0.67507 0.40321 
52	1	0.26689 0.71541 0.30941 0.12848 0.50893 0.47194 
53	1	0.27019 0.71002 0.27984 0.18496 0.70845 0.42007 
54	1	1.00000 0.62600 0.27322 0.73669 0.78358 0.24027 
55	1	0.50977 0.75026 0.20598 0.50924 0.95598 0.10895 
56	1	0.60997 0.77114 0.19795 0.63792 0.98197 0.04571 
57	1	0.26424 0.92350 0.13195 0.19656 0.69526 0.33545 
58	1	0.19596 0.89678 0.21546 0.14128 0.60051 0.43494 
59	1	0.09018 0.73161 0.46173 0.02849 0.41518 0.70249 
60	1	0.58418 0.88985 0.25022 0.48171 0.61390 0.36593 
61	1	0.33357 0.89942 0.21253 0.23558 0.62194 0.37419 
62	1	0.17031 0.96286 0.03176 0.12831 0.91132 0.29473 
63	1	0.18772 0.94484 0.05427 0.14998 0.89269 0.29274 
64	1	0.43454 0.94566 0.16103 0.18336 0.42414 0.50354 
65	1	0.23430 0.96779 0.10682 0.13697 0.49987 0.43270 
66	1	0.35012 0.97331 0.08325 0.16608 0.61454 0.37032 
67	1	0.44749 0.93880 0.20571 0.25437 0.49694 0.50037 
68	1	0.16262 0.71900 0.34078 0.08952 0.54239 0.58828 
69	1	0.10405 0.82700 0.17047 0.06896 0.56115 0.51353 
70	2	0.02048 0.78805 0.35532 0.00598 0.14016 0.84079 
71	2	0.03459 0.83579 0.33363 0.00956 0.16736 0.80970 
72	2	0.03792 0.82900 0.31771 0.00746 0.16158 0.82420 
73	2	0.05026 0.78634 0.41549 0.01218 0.16020 0.78965 
74	2	0.02436 0.85689 0.32359 0.00763 0.15959 0.81280 
75	2	0.03803 0.56871 0.18913 0.01918 0.21039 0.65823 
76	2	0.02080 0.74029 0.15680 0.01111 0.17320 0.72312 
77	2	0.07232 0.86339 0.07554 0.06148 0.54629 0.47405 
78	2	0.61617 0.94717 0.09185 0.26798 0.51270 0.49914 
79	2	0.50830 0.93046 0.09373 0.22665 0.54442 0.49521 
80	2	0.87673 0.48868 0.69313 0.70498 0.48545 0.48973 
81	2	0.11528 0.94391 0.04604 0.06871 0.58986 0.46275 
82	2	0.23928 0.92512 0.12969 0.07284 0.44710 0.64686 
83	2	0.22191 0.96307 0.08214 0.06081 0.48613 0.60724 
84	2	0.29672 0.90128 0.08515 0.13117 0.54956 0.44341 
85	2	0.12384 0.93898 0.09043 0.04668 0.43298 0.58804 
86	2	0.13893 0.93069 0.10244 0.04693 0.43214 0.66156 
87	2	0.10436 0.91695 0.12805 0.02630 0.35899 0.71362 
88	2	0.09830 0.92010 0.11371 0.02882 0.36293 0.69485 
89	2	0.21347 0.95825 0.08869 0.06226 0.45628 0.57928 
90	2	0.13761 0.93625 0.06257 0.04813 0.43172 0.58973 
91	2	0.77934 0.06807 0.17559 1.00000 0.94170 0.00000 
92	2	0.21788 0.88519 0.13063 0.05241 0.36533 0.64439 
93	2	0.00751 0.79182 0.18433 0.00739 0.15480 0.75983 
94	2	0.01190 0.72193 0.34049 0.00651 0.15435 0.80658 
95	2	0.02441 0.79961 0.16480 0.01253 0.20073 0.71418 
96	2	0.03079 0.90225 0.14713 0.00882 0.20912 0.75966 
97	2	0.04886 0.84333 0.14084 0.01621 0.23818 0.69085 
98	2	0.05599 0.91970 0.09442 0.02099 0.28931 0.64577 
99	2	0.13183 0.91958 0.08283 0.03781 0.31806 0.60189 
100	2	0.22163 0.94061 0.07364 0.06081 0.34997 0.55777 
101	2	0.09009 0.96201 0.03689 0.04052 0.39664 0.51720 
102	2	0.84538 0.03667 0.69298 0.61558 0.47150 0.49705 
103	2	0.02384 0.82207 0.17504 0.00862 0.18836 0.75479 
104	2	0.04195 0.86532 0.11589 0.01381 0.22253 0.69019 
105	2	0.07717 0.89613 0.21395 0.01535 0.19039 0.77107 
106	2	0.01419 0.77196 0.24689 0.00696 0.14507 0.79344 
107	2	0.03517 0.89947 0.09099 0.01648 0.26046 0.66292 
108	2	0.04690 0.90686 0.16417 0.01603 0.22474 0.72495 
109	2	0.11912 0.91238 0.20063 0.02404 0.22026 0.74120 
110	2	0.03964 0.86786 0.10201 0.02012 0.29988 0.63143 
111	2	0.02073 0.71302 0.25590 0.00600 0.11733 0.79652 
112	2	0.21038 0.87221 0.11319 0.06581 0.40514 0.60410 
113	2	0.71571 0.00000 0.46814 0.68744 0.55810 0.39909 
114	2	0.56125 0.12779 0.83552 0.24771 0.27211 0.71546 
115	2	0.28731 0.20387 0.80573 0.09912 0.20979 0.77470 
116	2	0.30285 0.63210 0.42504 0.07606 0.21827 0.76461 
117	2	0.04474 0.93434 0.10797 0.01432 0.26378 0.72613 
118	2	0.08334 0.89926 0.03659 0.05930 0.57073 0.44205 
119	2	0.20806 0.96835 0.04744 0.11378 0.59651 0.43629 
120	2	0.47985 0.82372 0.13935 0.30956 0.60726 0.39211 
121	2	0.36300 0.79601 0.14950 0.25613 0.69408 0.37799 
122	2	0.40256 0.85842 0.18448 0.19004 0.39860 0.58801 
123	2	0.74924 0.03044 0.21105 0.97921 0.88119 0.05981 
124	2	0.27097 0.85511 0.15949 0.08501 0.31857 0.61695 
125	2	0.00946 0.87738 0.16675 0.00809 0.16328 0.76443 
126	2	0.36153 0.54013 0.43855 0.15353 0.27853 0.66587 
127	2	0.36424 0.05063 0.81171 0.16783 0.25412 0.73164 
128	2	0.45269 0.89055 0.07984 0.41726 0.88053 0.21275 
129	2	0.50434 0.89586 0.09835 0.38094 0.80066 0.25952 
130	2	0.48640 0.86450 0.12791 0.47067 0.79531 0.24857 
131	2	0.46263 0.14477 0.76442 0.17391 0.28055 0.71496 
132	2	0.24655 0.69495 0.34989 0.09637 0.32162 0.69340 
133	2	0.30131 0.01298 1.00000 0.07089 0.13458 0.83955 
134	2	0.32845 0.84002 0.21648 0.21654 0.71124 0.41565 
135	2	0.08797 0.89712 0.11740 0.03007 0.33743 0.66666 
136	2	0.06780 0.94235 0.09827 0.01499 0.29829 0.72311 
137	2	0.41657 0.75789 0.29451 0.25013 0.58012 0.48417 
138	2	0.13049 0.82185 0.36719 0.05608 0.29400 0.74042 
139	2	0.17078 0.74368 0.46361 0.02467 0.12270 0.80672 
140	3	0.06411 0.94209 0.10696 0.02265 0.38834 0.62647 
141	3	0.03312 0.91886 0.17253 0.01112 0.36667 0.74974 
142	3	0.07884 0.94612 0.10858 0.03175 0.43918 0.62688 
143	3	0.06273 0.89785 0.17351 0.01490 0.34572 0.73204 
144	3	0.02583 0.53476 0.88063 0.00383 0.04344 0.88937 
145	3	0.00714 0.50854 0.52234 0.00255 0.04769 0.89225 
146	3	0.00499 0.46885 0.70797 0.00104 0.02363 0.94533 
147	3	0.01975 0.79008 0.37181 0.00544 0.21333 0.84401 
148	3	0.02247 0.90145 0.19629 0.00569 0.24241 0.80739 
149	3	0.02207 0.90198 0.20324 0.00930 0.21311 0.78218 
150	3	0.01661 0.88956 0.27652 0.00813 0.18552 0.81158 
151	3	0.03546 0.92827 0.17422 0.01177 0.23648 0.76163 
152	3	0.05645 0.93708 0.13032 0.01492 0.30595 0.72311 
153	3	0.06327 0.85831 0.31701 0.02125 0.28977 0.77941 
154	3	0.00898 0.82733 0.33145 0.00374 0.19269 0.86478 
155	3	0.04891 0.94374 0.12960 0.02309 0.41146 0.66981 
156	3	0.18564 0.95605 0.08165 0.08213 0.52239 0.56190 
157	3	0.52704 0.98352 0.06891 0.18465 0.48399 0.50141 
158	3	0.05725 0.88765 0.10046 0.02160 0.34055 0.62282 
159	3	0.15027 0.91564 0.10936 0.07122 0.50080 0.53526 
160	3	0.06611 0.86230 0.13299 0.03236 0.29240 0.56845 
161	3	0.34381 0.94459 0.04309 0.37818 0.83774 0.21081 
162	3	0.10869 0.96351 0.04721 0.03667 0.37688 0.54559 
163	3	0.35978 0.94032 0.08428 0.16788 0.55944 0.48899 
164	3	0.24646 0.94284 0.14575 0.09121 0.45377 0.58700 
165	3	0.02986 0.82017 0.39452 0.01150 0.24414 0.79051 
166	3	0.17097 0.71023 0.34511 0.08326 0.49552 0.57938 
167	3	0.08336 0.78280 0.29658 0.04138 0.42300 0.62679 
168	3	0.19458 0.92911 0.14356 0.08802 0.53636 0.53110 
169	3	0.21137 0.93743 0.09606 0.13704 0.74888 0.41315 
170	3	0.01803 0.76358 0.29608 0.00991 0.20266 0.78230 
171	3	0.06159 0.72629 0.40620 0.01728 0.21652 0.79530 
172	3	0.08951 0.72837 0.33649 0.03508 0.31265 0.73014 
173	3	0.06390 0.90750 0.06598 0.03219 0.36403 0.57271 
174	3	0.37614 0.69747 0.52319 0.14831 0.38746 0.67636 
175	3	0.16770 0.89056 0.17693 0.04469 0.33835 0.70321 
176	3	0.18930 0.76991 0.34915 0.06487 0.32171 0.72707 
177	3	0.19488 0.80304 0.31984 0.10193 0.50314 0.61755 
178	3	0.14321 0.82854 0.26784 0.03668 0.34406 0.66361 
179	3	0.05565 0.81460 0.32245 0.01614 0.25306 0.73879 
180	3	0.03834 0.83337 0.26041 0.01616 0.28872 0.70970 
181	3	0.11079 0.85298 0.21318 0.03385 0.36663 0.63143 
182	3	0.03328 0.72724 0.58679 0.00450 0.11704 0.91276 
183	3	0.15258 0.92914 0.11757 0.06309 0.45865 0.57249 
184	3	0.01388 0.91528 0.10592 0.01056 0.26568 0.71129 
185	3	0.01394 0.88180 0.11094 0.01132 0.24895 0.70817 
186	3	0.01483 0.72539 0.60897 0.00382 0.10012 0.90313 
187	3	0.01472 0.74998 0.50424 0.00531 0.11958 0.86694 
188	3	0.10180 0.75328 0.69554 0.00957 0.11222 0.91717 
189	3	0.01552 0.83778 0.24023 0.01085 0.27252 0.75735 
190	3	0.04982 0.68848 0.59399 0.00820 0.13786 0.86000 
191	3	0.04961 0.65759 0.71971 0.00636 0.11232 0.92872 
192	3	0.07847 0.62730 0.72202 0.00830 0.12016 0.90557 
193	3	0.00000 0.51976 0.92652 0.00000 0.00000 1.00000 
194	3	0.13999 0.91869 0.15167 0.05694 0.53756 0.56249 
195	3	0.27546 0.95604 0.14504 0.10068 0.56977 0.52552 
196	3	0.63399 0.97191 0.12373 0.25969 0.59009 0.48993 
197	3	0.07624 0.88120 0.15237 0.04353 0.37741 0.55902 
198	3	0.05824 0.86289 0.17689 0.03229 0.36139 0.60678 
199	3	0.05807 0.95542 0.11095 0.03707 0.40161 0.56672 
200	3	0.02504 0.96986 0.07514 0.01702 0.41937 0.64796 
201	3	0.03116 0.89237 0.14912 0.01667 0.38108 0.68298 
202	3	0.02710 0.87515 0.17870 0.01163 0.29371 0.72834 
203	3	0.01649 0.87022 0.19194 0.01038 0.29473 0.74376 
204	3	0.06386 0.90747 0.06968 0.03919 0.45841 0.55161 
205	3	0.13420 0.68027 0.48480 0.06292 0.25047 0.55297 
206	3	0.14871 0.74460 0.37422 0.06765 0.28826 0.54237 
207	3	0.07788 0.76616 0.37307 0.03479 0.30864 0.62320 
208	3	0.02674 0.84058 0.17768 0.01685 0.29998 0.69244 
209	3	0.02243 0.89600 0.16944 0.01032 0.30076 0.74280 
210	4	0.26847 0.96916 0.06009 0.15169 0.63365 0.44448 
211	4	0.30453 0.95389 0.04803 0.18788 0.64030 0.38789 
212	4	0.28027 0.93731 0.05338 0.18577 0.63985 0.38992 
213	4	0.13798 0.95202 0.07299 0.05518 0.54569 0.54418 
214	4	0.15032 0.87555 0.15498 0.07687 0.51385 0.56934 
215	4	0.22029 0.83926 0.20979 0.09114 0.52478 0.57166 
216	4	0.21760 0.89056 0.10071 0.15912 0.68137 0.39758 
217	4	0.23091 0.87531 0.04394 0.18541 0.73355 0.32513 
218	4	0.13272 0.93740 0.02862 0.10129 0.74777 0.38214 
219	4	0.20839 0.89446 0.07625 0.13795 0.61884 0.46268 
220	4	0.27168 0.94534 0.06262 0.11520 0.56602 0.50987 
221	4	0.14348 0.93214 0.06593 0.06711 0.60799 0.50763 
222	4	0.08218 0.86841 0.16646 0.03907 0.52743 0.63289 
223	4	0.13450 0.98751 0.02762 0.05320 0.62888 0.50121 
224	4	0.10166 0.83483 0.16895 0.03371 0.43578 0.64313 
225	4	0.41842 0.91803 0.10116 0.26241 0.63867 0.44229 
226	4	0.28881 0.95346 0.04803 0.17182 0.64130 0.44698 
227	4	0.10008 0.84287 0.22219 0.03939 0.42509 0.67692 
228	4	0.15494 0.92567 0.15481 0.07139 0.45003 0.61564 
229	4	0.25952 0.86425 0.22629 0.05073 0.31045 0.73805 
230	4	0.27948 0.95575 0.06001 0.16926 0.58664 0.42106 
231	4	0.25573 0.94360 0.07870 0.09073 0.46191 0.57751 
232	4	0.20149 0.91992 0.09870 0.09477 0.50943 0.53937 
233	4	0.13876 0.79618 0.29773 0.05939 0.44407 0.67118 
234	4	0.27435 0.77276 0.29046 0.05924 0.31156 0.73899 
235	4	0.18722 0.87275 0.18735 0.08190 0.51177 0.62297 
236	4	0.27464 0.92403 0.07427 0.19164 0.66143 0.38687 
237	4	0.29565 0.94295 0.05524 0.15535 0.62516 0.42379 
238	4	0.38373 0.85534 0.30934 0.31570 0.72230 0.39126 
239	4	0.38524 0.99265 0.01989 0.37452 1.00000 0.13319 
240	4	0.49051 0.96744 0.01779 0.39129 0.96703 0.15040 
241	4	0.07272 0.79385 0.26510 0.02932 0.39891 0.69702 
242	4	0.07116 0.85139 0.17519 0.03624 0.45105 0.64607 
243	4	0.23202 0.90796 0.15072 0.10072 0.57118 0.53450 
244	4	0.30134 0.96114 0.05740 0.21146 0.78228 0.35865 
245	4	0.06292 0.89946 0.16461 0.02192 0.37578 0.72186 
246	4	0.09710 0.77597 0.35782 0.03532 0.36308 0.72885 
247	4	0.12193 0.78205 0.20357 0.05424 0.44639 0.62328 
248	4	0.21769 0.72803 0.45088 0.05884 0.36095 0.69019 
249	4	0.31907 0.91120 0.10720 0.20589 0.73496 0.40961 
250	4	0.47040 0.94165 0.15413 0.34778 0.61695 0.44688 
251	4	0.11456 0.80931 0.24269 0.06582 0.45863 0.63693 
252	4	0.49034 0.97116 0.05944 0.26224 0.69110 0.36699 
253	4	0.37468 0.87620 0.17744 0.23764 0.63674 0.44084 
254	4	0.40832 0.93292 0.07247 0.32908 0.72834 0.33122 
255	4	0.45735 0.95692 0.05751 0.30595 0.71754 0.33155 
256	4	0.34998 0.89032 0.15530 0.23223 0.64898 0.43074 
257	4	0.18434 0.89124 0.19123 0.07415 0.63799 0.55844 
258	4	0.60417 0.62679 0.33531 0.25087 0.48875 0.57407 
259	4	0.19718 0.75082 0.29094 0.10067 0.48469 0.61616 
260	4	0.20927 0.63796 0.35045 0.12226 0.49887 0.59615 
261	4	0.56123 0.88300 0.25187 0.37936 0.59318 0.47535 
262	4	0.34218 0.80371 0.30436 0.16528 0.49595 0.60093 
263	4	0.42115 0.83393 0.25024 0.21517 0.50992 0.55540 
264	4	0.44115 0.93794 0.04598 0.41093 0.79887 0.25597 
265	4	0.38056 0.88451 0.15863 0.27871 0.67595 0.40684 
266	4	0.57489 0.91437 0.09121 0.34231 0.74538 0.31974 
267	4	0.34763 0.87227 0.18117 0.23311 0.65414 0.44407 
268	4	0.09693 0.86038 0.19598 0.06020 0.59899 0.57986 
269	4	0.11907 0.85453 0.21619 0.06938 0.60615 0.57714 
270	4	0.05230 0.80151 0.32311 0.01511 0.32617 0.77491 
271	4	0.03578 0.79774 0.34764 0.01511 0.32280 0.78735 
272	4	0.09696 0.83452 0.23422 0.03250 0.37424 0.71222 
273	4	0.07708 0.77838 0.31047 0.02712 0.38432 0.72449 
274	4	0.27269 0.91320 0.17428 0.18367 0.76403 0.42609 
275	4	0.42276 0.88546 0.16276 0.16842 0.57576 0.52260 
276	4	0.47307 0.80493 0.13906 0.39451 0.86574 0.20857 
277	4	0.37281 0.85565 0.15385 0.15327 0.59024 0.49538 
278	4	0.28862 0.89631 0.16583 0.14372 0.58434 0.50959 
279	4	0.29091 0.96262 0.06520 0.23559 0.77166 0.32663 
280	5	0.12317 0.97457 0.04486 0.06949 0.67232 0.49177 
281	5	0.02726 0.87244 0.29201 0.01040 0.28681 0.79007 
282	5	0.01964 0.88346 0.21329 0.00646 0.20425 0.80681 
283	5	0.08027 0.96291 0.04405 0.04234 0.53946 0.52901 
284	5	0.07016 0.97038 0.05403 0.02739 0.44856 0.61368 
285	5	0.17362 0.96023 0.06514 0.12702 0.73719 0.39999 
286	5	0.14451 0.97942 0.08945 0.06633 0.48138 0.55823 
287	5	0.03446 0.91664 0.12429 0.00970 0.29280 0.75046 
288	5	0.02243 0.84067 0.13551 0.01425 0.31533 0.69560 
289	5	0.18019 0.98775 0.00891 0.09381 0.69785 0.38673 
290	5	0.16405 0.98791 0.00802 0.08861 0.68564 0.39255 
291	5	0.04013 0.98316 0.02540 0.02045 0.46216 0.61747 
292	5	0.10602 0.97483 0.03924 0.05753 0.56061 0.51767 
293	5	0.08995 0.98978 0.01689 0.03155 0.50191 0.57339 
294	5	0.03757 0.99724 0.00691 0.02801 0.52353 0.51894 
295	5	0.04224 0.98514 0.02106 0.02541 0.48323 0.57912 
296	5	0.02439 0.90349 0.06298 0.02549 0.43145 0.58252 
297	5	0.09133 0.99208 0.00799 0.04743 0.55991 0.47670 
298	5	0.04892 0.98038 0.03144 0.02012 0.43748 0.62310 
299	5	0.01712 0.86405 0.15047 0.01127 0.20386 0.73019 
300	5	0.01024 0.83568 0.22085 0.00662 0.16372 0.79548 
301	5	0.09622 0.94945 0.08430 0.03036 0.41471 0.61658 
302	5	0.05251 0.99554 0.00532 0.04985 0.69176 0.45457 
303	5	0.09589 1.00000 0.00000 0.06900 0.77473 0.38835 
304	5	0.03479 0.96392 0.05183 0.02429 0.47613 0.60604 
305	5	0.03196 0.93781 0.04676 0.01826 0.30891 0.61958 
306	5	0.01660 0.77636 0.46079 0.00473 0.15235 0.87400 
307	5	0.01427 0.59392 0.41162 0.00294 0.06501 0.87559 
308	5	0.00246 0.72976 0.43009 0.00208 0.06026 0.90312 
309	5	0.00151 0.60801 0.43089 0.00234 0.06282 0.88336 
310	5	0.00282 0.91233 0.12762 0.00509 0.18045 0.79237 
311	5	0.00558 0.82848 0.18084 0.00510 0.15286 0.80114 
312	5	0.02350 0.60447 0.42284 0.00304 0.06406 0.87720 
313	5	0.07081 0.82893 0.26690 0.01229 0.26594 0.78919 
314	5	0.12493 0.93075 0.02525 0.09636 0.55766 0.40523 
315	5	0.00253 0.66817 0.35084 0.00307 0.07050 0.86000 
316	5	0.01095 0.57202 0.31426 0.00493 0.07781 0.82212 
317	5	0.04151 0.94112 0.13331 0.01295 0.29590 0.73376 
318	5	0.00956 0.51714 0.37196 0.00355 0.05967 0.84772 
319	5	0.01169 0.91229 0.16022 0.00579 0.21100 0.79859 
320	5	0.01194 0.84155 0.23222 0.00490 0.17468 0.82111 
321	5	0.17652 0.95878 0.01035 0.09308 0.62740 0.38527 
322	5	0.11488 0.76945 0.10378 0.06441 0.41785 0.54531 
323	5	0.03337 0.94019 0.07856 0.01515 0.30725 0.67279 
324	5	0.03651 0.93569 0.08080 0.01818 0.37369 0.64470 
325	5	0.02775 0.92252 0.13181 0.00999 0.25874 0.74735 
326	5	0.01491 0.89981 0.11866 0.00928 0.20574 0.74228 
327	5	0.07934 0.96862 0.09035 0.02990 0.44089 0.62152 
328	5	0.33352 0.98142 0.07660 0.11494 0.49373 0.54950 
329	5	0.03281 0.97723 0.02033 0.02656 0.49935 0.54821 
330	5	0.15381 0.99477 0.00964 0.08389 0.67604 0.44198 
331	5	0.21924 0.98925 0.00542 0.17676 0.77979 0.27817 
332	5	0.11085 0.99123 0.00419 0.09352 0.70703 0.36563 
333	5	0.01209 0.89070 0.10723 0.00954 0.24305 0.72518 
334	5	0.04064 0.94757 0.10865 0.01383 0.30095 0.73297 
335	5	0.04340 0.93432 0.09655 0.01805 0.31966 0.68892 
336	5	0.04187 0.88418 0.10033 0.01270 0.27510 0.70256 
337	5	0.51397 0.90911 0.16618 0.19936 0.35055 0.59919 
338	5	0.07333 0.73018 0.34373 0.01934 0.25184 0.78368 
339	5	0.03345 0.72529 0.29817 0.00782 0.21371 0.81696 
340	5	0.01553 0.74499 0.18447 0.01044 0.14520 0.74214 
341	5	0.02873 0.70331 0.29863 0.01038 0.12409 0.76663 
342	5	0.01074 0.54053 0.35910 0.00504 0.07145 0.83625 
343	5	0.01236 0.51529 0.36062 0.00601 0.08478 0.82147 
344	5	0.23968 0.88342 0.18214 0.05494 0.30153 0.69248 
345	5	0.15462 0.93345 0.13036 0.07013 0.46921 0.61965 
346	5	0.36862 0.94411 0.19110 0.12278 0.38021 0.66889 
347	5	0.00243 0.81670 0.28836 0.00308 0.11960 0.86559 
348	5	0.00942 0.83254 0.34273 0.00401 0.11423 0.87575 
349	5	0.09654 0.91239 0.12616 0.03251 0.39987 0.64942 
