350	5	6
0	1	0.50251 0.91674 0.07737 0.31383 0.79099 0.42180 
1	1	0.58988 0.80012 0.15479 0.41911 0.78087 0.34293 
2	1	0.35574 0.83784 0.19134 0.19705 0.69372 0.53731 
3	1	0.16459 0.71639 0.46657 0.09296 0.49841 0.69553 
4	1	0.30796 0.78815 0.58080 0.14345 0.46804 0.66156 
5	1	0.49578 0.77944 0.37170 0.29517 0.54300 0.51339 
6	1	0.51497 0.78471 0.37482 0.31727 0.58565 0.50360 
7	1	0.26333 0.79292 0.42745 0.12597 0.50838 0.66264 
8	1	0.11339 0.66487 0.46432 0.04346 0.34731 0.79756 
9	1	0.19022 0.74878 0.45513 0.10769 0.49439 0.67623 
10	1	0.32162 0.87771 0.13085 0.19003 0.65433 0.53666 
11	1	0.24099 0.78084 0.33330 0.11955 0.57780 0.64062 
12	1	0.23098 0.74938 0.38595 0.12382 0.57007 0.63577 
13	1	0.18261 0.93959 0.09257 0.16223 0.77629 0.49910 
14	1	0.23178 0.92612 0.07804 0.15815 0.75116 0.48442 
15	1	0.29686 0.90868 0.19264 0.17773 0.67388 0.52975 
16	1	0.30755 0.91704 0.09413 0.22084 0.78174 0.44491 
17	1	0.49780 0.93790 0.17428 0.31576 0.73282 0.44627 
18	1	0.52134 0.91624 0.21840 0.33162 0.70183 0.44999 
19	1	0.10266 0.83476 0.18968 0.07260 0.54956 0.69782 
20	1	0.06382 0.83308 0.31687 0.04224 0.33047 0.80979 
21	1	0.13860 0.80412 0.33344 0.07377 0.45057 0.73941 
22	1	0.40536 0.82883 0.11667 0.30518 0.71060 0.42301 
23	1	0.26690 0.90104 0.11063 0.19251 0.72149 0.53789 
24	1	0.31107 0.93432 0.08572 0.20141 0.78256 0.52217 
25	1	0.31870 0.71402 0.63557 0.24752 0.59582 0.42804 
26	1	0.29479 0.84925 0.17092 0.16654 0.60036 0.57361 
27	1	0.13465 0.81939 0.35653 0.11523 0.61102 0.60487 
28	1	0.29433 0.75521 0.19944 0.19732 0.67996 0.50603 
29	1	0.53262 0.73838 0.17782 0.36557 0.71010 0.39600 
30	1	0.35750 0.81851 0.19210 0.29036 0.73505 0.38474 
31	1	0.48944 0.87204 0.10188 0.47462 0.80618 0.22549 
32	1	0.42008 0.82275 0.21204 0.26441 0.71152 0.47454 
33	1	0.07501 0.92369 0.14313 0.06840 0.51988 0.68303 
34	1	0.18199 0.93649 0.08905 0.10018 0.71281 0.62493 
35	1	0.15463 0.83975 0.17974 0.14474 0.69313 0.54660 
36	1	0.32477 0.79709 0.24352 0.21493 0.68684 0.50504 
37	1	0.27426 0.82478 0.47795 0.19672 0.74376 0.46624 
38	1	0.39636 0.57098 0.59748 0.19203 0.44235 0.67479 
39	1	0.16820 0.66785 0.42613 0.05694 0.26757 0.79462 
40	1	0.30933 0.78551 0.25936 0.14978 0.48868 0.63883 
41	1	0.12894 0.86725 0.17314 0.08530 0.58070 0.67482 
42	1	0.13940 0.93755 0.06931 0.10900 0.74397 0.60753 
43	1	0.43200 0.79307 0.19845 0.26111 0.67041 0.46885 
44	1	0.41751 0.79633 0.09680 0.28197 0.65431 0.38209 
45	1	0.21765 0.82922 0.52248 0.10167 0.44106 0.68325 
46	1	0.17096 0.78341 0.27804 0.13908 0.58630 0.55446 
47	1	0.22564 0.80154 0.19059 0.16615 0.68355 0.51074 
48	1	0.16053 0.81408 0.37474 0.12198 0.60970 0.60572 
49	1	0.33403 0.89064 0.07622 0.24800 0.80936 0.42456 
50	1	0.27967 0.81051 0.13168 0.21656 0.74005 0.47554 
51	1	0.41152 0.84407 0.24297 0.25649 0.65341 0.49762 
52	1	0.36705 0.76443 0.27466 0.26541 0.61122 0.48197 
53	1	0.61553 0.77858 0.24763 0.43534 0.71890 0.36656 
54	1	0.36940 0.71176 0.34214 0.29945 0.73586 0.37793 
55	1	0.33787 0.80953 0.13698 0.30980 0.91274 0.31618 
56	1	0.39745 0.82449 0.11823 0.35208 0.91730 0.26738 
57	1	0.26307 0.94090 0.08960 0.17072 0.77154 0.46782 
58	1	0.17993 0.93659 0.15919 0.16383 0.75218 0.50050 
59	1	0.22505 0.80902 0.36816 0.11213 0.56442 0.63867 
60	1	0.14912 0.91527 0.17825 0.11277 0.66423 0.59026 
61	1	0.47034 0.92841 0.12486 0.29474 0.71150 0.40862 
62	1	0.30845 0.97671 0.02145 0.24367 0.93521 0.35998 
63	1	0.30737 0.96437 0.03341 0.24499 0.92057 0.36258 
64	1	0.40772 0.97756 0.11471 0.34720 0.71060 0.33814 
65	1	0.38397 0.98804 0.06595 0.29171 0.79874 0.33280 
66	1	0.33025 0.99071 0.04681 0.30366 0.85944 0.33838 
67	1	0.25409 0.96627 0.14355 0.16913 0.63184 0.51061 
68	1	0.20557 0.77186 0.34795 0.11713 0.55921 0.64703 
69	1	0.14400 0.85308 0.22144 0.10478 0.60830 0.61010 
70	2	0.17265 0.72128 0.38046 0.10118 0.40013 0.68525 
71	2	0.23730 0.80096 0.31933 0.11475 0.42900 0.66927 
72	2	0.18739 0.79438 0.32343 0.11488 0.44183 0.66391 
73	2	0.20034 0.74108 0.39294 0.13227 0.44625 0.63332 
74	2	0.23804 0.83484 0.30679 0.13053 0.47656 0.63019 
75	2	1.00000 0.32436 0.06545 1.00000 0.82956 0.03818 
76	2	0.51880 0.52655 0.20039 0.34826 0.60484 0.31905 
77	2	0.48239 0.80459 0.04067 0.33971 0.83691 0.31147 
78	2	0.48614 0.86605 0.12428 0.28907 0.67420 0.44545 
79	2	0.50061 0.83556 0.11567 0.30522 0.68198 0.43950 
80	2	0.41977 0.55725 0.57067 0.22036 0.41548 0.59651 
81	2	0.34956 0.91308 0.08953 0.22333 0.76928 0.44712 
82	2	0.42769 0.91083 0.05889 0.26058 0.71139 0.41616 
83	2	0.39253 0.94396 0.05145 0.25858 0.79230 0.40108 
84	2	0.78689 0.88917 0.03198 0.66368 0.86663 0.16714 
85	2	0.51890 0.88771 0.04819 0.34181 0.74733 0.34444 
86	2	0.45763 0.89497 0.06681 0.27506 0.71733 0.42082 
87	2	0.37132 0.90551 0.07049 0.21261 0.69852 0.46759 
88	2	0.43146 0.89550 0.06698 0.25313 0.70606 0.44332 
89	2	0.41950 0.93667 0.06373 0.26938 0.75568 0.42090 
90	2	0.42022 0.87047 0.05907 0.27769 0.75427 0.42187 
91	2	0.89911 0.25601 0.17104 0.83431 0.83004 0.12877 
92	2	0.16688 0.85545 0.14243 0.11089 0.56458 0.58049 
93	2	0.18295 0.78611 0.18751 0.10663 0.39593 0.58593 
94	2	0.20147 0.72439 0.20777 0.11592 0.40377 0.57556 
95	2	0.20263 0.75415 0.12482 0.12853 0.46409 0.52259 
96	2	0.15844 0.90391 0.11858 0.09772 0.47431 0.58047 
97	2	0.22128 0.82691 0.14871 0.16609 0.53614 0.51230 
98	2	0.20490 0.89632 0.08803 0.13058 0.55829 0.51095 
99	2	0.32574 0.90227 0.11243 0.19055 0.57461 0.48084 
100	2	0.16372 0.91932 0.09643 0.12186 0.54412 0.52993 
101	2	0.33494 0.92983 0.06800 0.28071 0.75551 0.35428 
102	2	0.52502 0.00000 0.62783 0.31133 0.38579 0.53795 
103	2	0.21806 0.78817 0.13529 0.13213 0.46703 0.54061 
104	2	0.15664 0.86832 0.08136 0.12928 0.53297 0.49902 
105	2	0.28327 0.87099 0.15197 0.15680 0.52242 0.53382 
106	2	0.18462 0.74111 0.17374 0.12698 0.39934 0.55173 
107	2	0.15555 0.88827 0.07101 0.12356 0.54757 0.49728 
108	2	0.21054 0.88354 0.13420 0.16284 0.58190 0.50694 
109	2	0.34691 0.89084 0.13668 0.22379 0.58722 0.46180 
110	2	0.34400 0.84480 0.11981 0.21191 0.58607 0.47829 
111	2	0.07643 0.64400 0.33429 0.05478 0.24167 0.69663 
112	2	0.18651 0.85570 0.13504 0.11535 0.58662 0.57517 
113	2	0.38164 0.00519 0.53229 0.22056 0.45484 0.55548 
114	2	0.30687 0.07966 0.76921 0.13899 0.22628 0.65697 
115	2	0.17481 0.18380 0.67226 0.10017 0.22253 0.64400 
116	2	0.15245 0.54882 0.45582 0.08867 0.32468 0.67197 
117	2	0.09305 0.89935 0.14216 0.07353 0.52484 0.66704 
118	2	0.10426 0.86434 0.09279 0.09965 0.70431 0.59597 
119	2	0.22503 0.97098 0.04953 0.19107 0.77478 0.43743 
120	2	0.32478 0.82269 0.12950 0.20092 0.66471 0.50357 
121	2	0.51893 0.82291 0.12244 0.34463 0.74943 0.41718 
122	2	0.26010 0.83053 0.19835 0.15400 0.50874 0.57539 
123	2	0.72760 0.27332 0.22264 0.57766 0.75100 0.27799 
124	2	0.13759 0.85262 0.21210 0.09814 0.49182 0.62770 
125	2	0.21084 0.86995 0.16502 0.13804 0.46760 0.55595 
126	2	0.25615 0.48074 0.57115 0.10715 0.26662 0.70813 
127	2	0.26648 0.03866 0.72947 0.11154 0.20470 0.68509 
128	2	0.44427 0.90553 0.09572 0.30272 0.86363 0.37036 
129	2	0.42199 0.91322 0.11245 0.27995 0.82309 0.41034 
130	2	0.35459 0.86670 0.13158 0.24076 0.75781 0.44295 
131	2	0.22818 0.15080 0.72573 0.09108 0.21147 0.71041 
132	2	0.16910 0.62503 0.52367 0.06508 0.31418 0.76755 
133	2	0.15444 0.00425 0.91659 0.05863 0.08024 0.75605 
134	2	0.37748 0.84152 0.17855 0.22708 0.73686 0.48873 
135	2	0.44824 0.87184 0.05237 0.27627 0.73603 0.40125 
136	2	0.28762 0.91273 0.05675 0.17809 0.72851 0.45101 
137	2	0.37072 0.76037 0.25242 0.22259 0.63222 0.50590 
138	2	0.14147 0.76936 0.35431 0.08534 0.42162 0.67673 
139	2	0.14119 0.61946 0.50424 0.06711 0.24426 0.75047 
140	3	0.18647 0.94414 0.12310 0.12602 0.69375 0.59237 
141	3	0.07735 0.90441 0.18431 0.07478 0.63846 0.68805 
142	3	0.35681 0.95779 0.10151 0.21219 0.74131 0.49070 
143	3	0.12549 0.88971 0.18265 0.08333 0.60090 0.69065 
144	3	0.15081 0.58990 0.85776 0.04258 0.13271 0.87784 
145	3	0.00000 0.58532 0.51712 0.01243 0.08112 0.87906 
146	3	0.02140 0.53908 0.79787 0.00448 0.01680 0.94600 
147	3	0.10558 0.79765 0.41283 0.05666 0.44176 0.77599 
148	3	0.11166 0.91606 0.24294 0.06628 0.51929 0.73899 
149	3	0.31888 0.89799 0.32606 0.15723 0.53013 0.64115 
150	3	0.26597 0.87633 0.37522 0.11958 0.44300 0.68587 
151	3	0.32965 0.92030 0.25549 0.15724 0.54371 0.63842 
152	3	0.27581 0.94153 0.20501 0.13829 0.62019 0.63746 
153	3	0.29667 0.85950 0.35188 0.12854 0.49886 0.70164 
154	3	0.07918 0.82121 0.34905 0.04051 0.41767 0.80595 
155	3	0.15667 0.88549 0.23162 0.13476 0.67743 0.53074 
156	3	0.44916 0.90511 0.20224 0.27034 0.69595 0.45884 
157	3	0.50606 0.89440 0.22382 0.34754 0.72393 0.34133 
158	3	0.32151 0.72135 0.21946 0.18473 0.56240 0.51958 
159	3	0.38688 0.75737 0.27461 0.23687 0.63266 0.48422 
160	3	0.70011 0.57660 0.23820 0.53497 0.67186 0.27400 
161	3	0.97309 0.73086 0.07253 0.96930 0.93752 0.00000 
162	3	0.13228 0.92385 0.11823 0.10019 0.55519 0.54918 
163	3	0.50121 0.85222 0.17937 0.31658 0.70380 0.42699 
164	3	0.44747 0.84522 0.24481 0.26128 0.65965 0.47190 
165	3	0.31161 0.83359 0.33460 0.16008 0.52781 0.62199 
166	3	0.37480 0.76833 0.43286 0.26588 0.63757 0.48176 
167	3	0.32479 0.81572 0.38185 0.24727 0.67069 0.47655 
168	3	0.39854 0.94084 0.15781 0.27060 0.75467 0.42782 
169	3	0.46343 0.95948 0.07824 0.36293 0.86864 0.31124 
170	3	0.18170 0.78654 0.29349 0.08415 0.43827 0.69906 
171	3	0.20190 0.76645 0.49375 0.07813 0.39578 0.76433 
172	3	0.20110 0.71263 0.42387 0.08195 0.42671 0.74084 
173	3	0.13461 0.90617 0.11225 0.08385 0.59823 0.64350 
174	3	0.36753 0.77966 0.56168 0.18735 0.48812 0.60628 
175	3	0.13694 0.90512 0.21236 0.08966 0.52048 0.63486 
176	3	0.18309 0.82669 0.40209 0.08940 0.42179 0.68892 
177	3	0.48410 0.84240 0.34421 0.28200 0.63985 0.50920 
178	3	0.51115 0.86548 0.25556 0.31281 0.65066 0.48112 
179	3	0.41386 0.86641 0.29824 0.22362 0.56083 0.56239 
180	3	0.37281 0.87878 0.24341 0.19476 0.57802 0.56917 
181	3	0.46025 0.89320 0.17580 0.27131 0.66454 0.47914 
182	3	0.11267 0.74318 0.64010 0.04093 0.26055 0.84722 
183	3	0.46642 0.93809 0.13573 0.28009 0.70854 0.46955 
184	3	0.16915 0.88870 0.12006 0.11126 0.63031 0.59781 
185	3	0.15711 0.85403 0.15327 0.10029 0.55921 0.63484 
186	3	0.19232 0.73772 0.69578 0.07303 0.31579 0.78843 
187	3	0.12969 0.75747 0.57742 0.04856 0.30104 0.81044 
188	3	0.15937 0.74405 0.72132 0.08048 0.30641 0.78170 
189	3	0.11588 0.84831 0.21884 0.07105 0.54578 0.72812 
190	3	0.11281 0.65361 0.59161 0.05046 0.26191 0.84858 
191	3	0.09791 0.62234 0.76975 0.02667 0.14542 0.92031 
192	3	0.04317 0.60946 0.84442 0.01725 0.12550 0.93646 
193	3	0.02055 0.53072 1.00000 0.00000 0.00000 1.00000 
194	3	0.13806 0.92470 0.10456 0.12668 0.75323 0.54263 
195	3	0.33736 0.94458 0.12799 0.22092 0.80086 0.46096 
196	3	0.33885 0.96894 0.11186 0.29393 0.82797 0.38957 
197	3	0.29636 0.91437 0.19931 0.21008 0.68335 0.50787 
198	3	0.26516 0.88861 0.23100 0.17659 0.62672 0.56645 
199	3	0.41945 0.94488 0.18079 0.27821 0.74415 0.44651 
200	3	0.18053 0.94995 0.15133 0.10329 0.71967 0.62284 
201	3	0.15640 0.87945 0.18287 0.11316 0.64479 0.62861 
202	3	0.15882 0.86664 0.25659 0.09948 0.56590 0.67792 
203	3	0.21437 0.85905 0.27238 0.10688 0.56222 0.68626 
204	3	0.12002 0.90624 0.11962 0.08460 0.65745 0.65244 
205	3	0.80434 0.69666 0.39036 0.66824 0.71459 0.31605 
206	3	0.76016 0.74501 0.33522 0.60578 0.72173 0.34516 
207	3	0.56459 0.78733 0.30125 0.36740 0.73094 0.47302 
208	3	0.28508 0.83491 0.26537 0.12695 0.51220 0.66744 
209	3	0.12545 0.88851 0.20047 0.06757 0.54486 0.70285 
210	4	0.19582 0.96908 0.08277 0.15054 0.77091 0.49965 
211	4	0.35970 0.92722 0.08169 0.24749 0.77846 0.43998 
212	4	0.36359 0.92945 0.08667 0.21227 0.75688 0.48582 
213	4	0.15851 0.97283 0.07285 0.10234 0.67996 0.61013 
214	4	0.09958 0.92501 0.13800 0.06147 0.58724 0.67757 
215	4	0.11086 0.92347 0.16881 0.07314 0.56910 0.67182 
216	4	0.22529 0.93928 0.08729 0.13610 0.71053 0.57647 
217	4	0.26507 0.88565 0.07109 0.23230 0.80398 0.41381 
218	4	0.25580 0.93656 0.07273 0.19574 0.84368 0.45984 
219	4	0.32677 0.91320 0.10216 0.19474 0.73145 0.51034 
220	4	0.21092 0.92253 0.11978 0.17961 0.72245 0.48156 
221	4	0.25968 0.94063 0.10846 0.19240 0.74420 0.46478 
222	4	0.14351 0.86445 0.23289 0.08908 0.64957 0.64917 
223	4	0.35885 0.97706 0.06511 0.23725 0.82160 0.41875 
224	4	0.06971 0.88544 0.18344 0.06801 0.50699 0.66440 
225	4	0.23236 0.91257 0.15592 0.14965 0.73320 0.53766 
226	4	0.17973 0.93560 0.08584 0.11342 0.74043 0.58926 
227	4	0.22161 0.82214 0.36563 0.13530 0.56077 0.60960 
228	4	0.12108 0.93802 0.17796 0.07747 0.61114 0.64434 
229	4	0.06285 0.85471 0.29198 0.05518 0.44568 0.71801 
230	4	0.31288 0.94566 0.07301 0.21200 0.74700 0.47305 
231	4	0.15495 0.94213 0.11514 0.12573 0.67510 0.55276 
232	4	0.11793 0.93782 0.11845 0.08192 0.60640 0.65772 
233	4	0.14449 0.81751 0.36798 0.06708 0.45715 0.71086 
234	4	0.14697 0.74378 0.38170 0.07853 0.42163 0.69778 
235	4	0.17696 0.86185 0.22833 0.11142 0.62182 0.58474 
236	4	0.11460 0.92341 0.09651 0.11240 0.72556 0.55988 
237	4	0.19957 0.92386 0.10280 0.12355 0.70738 0.59310 
238	4	0.63055 0.87622 0.24551 0.43680 0.67534 0.39307 
239	4	0.38478 0.99967 0.00000 0.38539 0.98816 0.17231 
240	4	0.64081 0.97503 0.00047 0.55748 1.00000 0.09988 
241	4	0.20840 0.78391 0.28150 0.11608 0.55631 0.63755 
242	4	0.24352 0.83861 0.19163 0.14437 0.60844 0.57441 
243	4	0.18624 0.90480 0.14628 0.15384 0.69177 0.50155 
244	4	0.19727 0.96449 0.04980 0.17556 0.85258 0.42814 
245	4	0.19165 0.89545 0.16323 0.13029 0.58889 0.57197 
246	4	0.22692 0.77026 0.28006 0.13049 0.51182 0.60662 
247	4	0.24926 0.74452 0.20622 0.13788 0.57413 0.58321 
248	4	0.15844 0.75039 0.38367 0.10446 0.49200 0.61738 
249	4	0.23454 0.91557 0.05032 0.24351 0.84985 0.35494 
250	4	0.37873 0.96252 0.12312 0.22553 0.72512 0.46461 
251	4	0.18199 0.78910 0.25819 0.12254 0.57847 0.59041 
252	4	0.24577 0.93800 0.12432 0.21085 0.84021 0.39290 
253	4	0.45661 0.87662 0.13656 0.40210 0.78969 0.28318 
254	4	0.28008 0.90150 0.12857 0.21365 0.80036 0.43838 
255	4	0.22455 0.92522 0.13056 0.20737 0.82659 0.41505 
256	4	0.48500 0.88845 0.12140 0.41553 0.79775 0.27467 
257	4	0.22319 0.88901 0.15722 0.14303 0.74316 0.53630 
258	4	0.13764 0.58209 0.39987 0.07170 0.47963 0.70272 
259	4	0.17577 0.72018 0.32514 0.11543 0.54031 0.62666 
260	4	0.22874 0.63363 0.42098 0.12406 0.51938 0.64515 
261	4	0.33961 0.86968 0.22386 0.18934 0.66692 0.53367 
262	4	0.29539 0.78298 0.24616 0.15235 0.58345 0.59494 
263	4	0.37251 0.82171 0.20342 0.19802 0.59737 0.54178 
264	4	0.52178 0.90283 0.10925 0.38944 0.86419 0.29509 
265	4	0.52043 0.88310 0.13473 0.40875 0.79331 0.29218 
266	4	0.45596 0.90875 0.10595 0.40189 0.83662 0.27169 
267	4	0.40789 0.88133 0.15958 0.31892 0.77949 0.34753 
268	4	0.22677 0.85830 0.21359 0.13953 0.68830 0.56951 
269	4	0.29922 0.85595 0.20263 0.16769 0.69264 0.54598 
270	4	0.06790 0.78462 0.32114 0.06470 0.47791 0.71479 
271	4	0.09826 0.78160 0.33112 0.06571 0.47328 0.71486 
272	4	0.28014 0.82635 0.18105 0.15074 0.56944 0.56079 
273	4	0.18871 0.76520 0.32643 0.09006 0.50147 0.68791 
274	4	0.40699 0.91969 0.12065 0.26209 0.78545 0.41575 
275	4	0.20687 0.85903 0.27120 0.13682 0.66250 0.58115 
276	4	0.69390 0.80200 0.13025 0.54034 0.85621 0.26319 
277	4	0.32626 0.82425 0.26778 0.17848 0.65249 0.54651 
278	4	0.18595 0.86118 0.22680 0.12818 0.65078 0.58081 
279	4	0.42630 0.93493 0.07659 0.35786 0.86250 0.31126 
280	5	0.27229 0.98459 0.04276 0.17455 0.81120 0.45631 
281	5	0.29080 0.86376 0.23727 0.14211 0.54940 0.62058 
282	5	0.04171 0.88041 0.23288 0.04617 0.38979 0.72716 
283	5	0.32707 0.93268 0.05810 0.21545 0.81332 0.42056 
284	5	0.24988 0.94663 0.07106 0.15549 0.74220 0.49793 
285	5	0.28225 0.96636 0.04855 0.22638 0.85711 0.40326 
286	5	0.32325 0.99501 0.05927 0.28233 0.77233 0.38383 
287	5	0.07800 0.91249 0.14239 0.06275 0.51934 0.68825 
288	5	0.27583 0.84931 0.18739 0.14036 0.54088 0.59184 
289	5	0.43787 0.97755 0.02542 0.28089 0.85842 0.39960 
290	5	0.39451 0.97744 0.02737 0.25966 0.85119 0.40878 
291	5	0.25599 0.97353 0.02186 0.17402 0.81648 0.45090 
292	5	0.32885 0.97765 0.05687 0.18295 0.76760 0.52315 
293	5	0.29230 0.97963 0.01872 0.19282 0.83332 0.43293 
294	5	0.26738 0.98716 0.00711 0.21772 0.86268 0.35846 
295	5	0.22326 0.96042 0.03352 0.23054 0.82785 0.40186 
296	5	0.25688 0.90451 0.10466 0.16442 0.65939 0.51003 
297	5	0.63026 0.95714 0.02295 0.48825 0.90475 0.24365 
298	5	0.32185 0.95366 0.05098 0.23578 0.79710 0.40889 
299	5	0.21822 0.80108 0.21119 0.10277 0.43178 0.63109 
300	5	0.18097 0.78864 0.26691 0.07921 0.37733 0.68353 
301	5	0.14597 0.96510 0.10990 0.09357 0.61943 0.60553 
302	5	0.12989 0.99609 0.02325 0.13751 0.86989 0.46654 
303	5	0.18289 1.00000 0.00447 0.20025 0.93360 0.37136 
304	5	0.18097 0.96765 0.06972 0.14070 0.72455 0.51644 
305	5	0.18960 0.92335 0.07400 0.13265 0.58450 0.52049 
306	5	0.10661 0.78181 0.46107 0.05510 0.32603 0.77104 
307	5	0.05062 0.57936 0.56506 0.01944 0.09418 0.87623 
308	5	0.10564 0.70729 0.40872 0.03527 0.18545 0.82048 
309	5	0.11567 0.64543 0.44659 0.03754 0.14553 0.81391 
310	5	0.12564 0.90182 0.16522 0.08212 0.43932 0.63501 
311	5	0.14433 0.80614 0.24712 0.07079 0.33996 0.68013 
312	5	0.04321 0.57892 0.52712 0.02301 0.10810 0.85331 
313	5	0.15766 0.82136 0.32695 0.10223 0.44842 0.67962 
314	5	0.59044 0.88280 0.05672 0.40177 0.72785 0.35898 
315	5	0.04936 0.64859 0.43324 0.02419 0.13491 0.83969 
316	5	0.05504 0.55172 0.46238 0.04046 0.14176 0.79401 
317	5	0.17358 0.95881 0.11075 0.09305 0.53227 0.64893 
318	5	0.08559 0.49370 0.61579 0.02641 0.08751 0.86629 
319	5	0.16016 0.91963 0.17035 0.08632 0.46163 0.64281 
320	5	0.15557 0.85058 0.26001 0.07840 0.39444 0.68935 
321	5	0.51661 0.90102 0.00348 0.45713 0.94178 0.20099 
322	5	0.24075 0.75041 0.10738 0.15106 0.60699 0.54627 
323	5	0.29135 0.92519 0.07228 0.16559 0.61123 0.50293 
324	5	0.24942 0.91666 0.05871 0.16573 0.66450 0.46454 
325	5	0.15050 0.95479 0.11697 0.07789 0.48125 0.66442 
326	5	0.22277 0.89834 0.11679 0.10377 0.45963 0.63047 
327	5	0.23057 0.98214 0.05015 0.18306 0.73231 0.46180 
328	5	0.33821 0.98171 0.04169 0.25512 0.77353 0.38192 
329	5	0.21809 0.97401 0.03887 0.16319 0.74519 0.46944 
330	5	0.58283 0.98202 0.01833 0.47336 0.92443 0.19796 
331	5	0.77590 0.97785 0.01565 0.66800 0.93816 0.12240 
332	5	0.48145 0.97940 0.02427 0.35604 0.89578 0.29473 
333	5	0.12586 0.86205 0.17797 0.08199 0.43201 0.66033 
334	5	0.16407 0.92667 0.15049 0.11356 0.56091 0.60268 
335	5	0.20804 0.89671 0.15134 0.15049 0.58625 0.56155 
336	5	0.24117 0.84487 0.19855 0.12407 0.48899 0.62068 
337	5	0.10977 0.88019 0.20417 0.06214 0.42280 0.70277 
338	5	0.08105 0.72180 0.34157 0.04484 0.34512 0.76556 
339	5	0.08704 0.69692 0.37908 0.03634 0.29081 0.81109 
340	5	0.31230 0.79168 0.21252 0.18043 0.39872 0.53418 
341	5	0.20580 0.70466 0.36665 0.09704 0.28944 0.66216 
342	5	0.14621 0.54503 0.44006 0.05387 0.13806 0.73680 
343	5	0.06001 0.51549 0.41649 0.03709 0.14230 0.74737 
344	5	0.25811 0.79406 0.27925 0.13564 0.46498 0.64652 
345	5	0.28612 0.91705 0.21108 0.14740 0.59445 0.62489 
346	5	0.25016 0.93638 0.19983 0.13811 0.53744 0.63283 
347	5	0.14131 0.78671 0.35726 0.05777 0.27910 0.75706 
348	5	0.26699 0.78899 0.38531 0.10986 0.33441 0.70112 
349	5	0.14820 0.86542 0.16753 0.08288 0.51834 0.66102 
