350	5	6
0	1	0.08578 0.89329 0.08650 0.06218 0.52869 0.48665 
1	1	0.34220 0.71463 0.20235 0.26290 0.72212 0.30388 
2	1	0.08024 0.77905 0.23277 0.05790 0.53110 0.56332 
3	1	0.12678 0.67363 0.49891 0.05437 0.47120 0.66549 
4	1	0.17388 0.73361 0.50013 0.09267 0.40635 0.66324 
5	1	0.22810 0.72430 0.34106 0.18195 0.56140 0.48701 
6	1	0.35393 0.70639 0.38826 0.26711 0.60064 0.46475 
7	1	0.16028 0.73834 0.45358 0.14117 0.52144 0.59114 
8	1	0.06364 0.59129 0.39217 0.02508 0.31719 0.77003 
9	1	0.14623 0.69808 0.44280 0.10941 0.51622 0.62065 
10	1	0.10539 0.88539 0.09922 0.06272 0.51155 0.55570 
11	1	0.16678 0.72156 0.37958 0.12289 0.57803 0.57746 
12	1	0.17638 0.69268 0.37295 0.10620 0.59112 0.57951 
13	1	0.27509 0.92750 0.06451 0.09312 0.63641 0.48389 
14	1	0.05001 0.87995 0.13602 0.03405 0.54317 0.60579 
15	1	0.28037 0.87214 0.23830 0.24984 0.65090 0.41230 
16	1	0.23904 0.89351 0.10224 0.21854 0.71797 0.31891 
17	1	0.48919 0.89054 0.20385 0.57748 0.74932 0.25380 
18	1	0.55781 0.85747 0.29896 0.42218 0.60344 0.38321 
19	1	0.20879 0.76624 0.23542 0.13621 0.58134 0.52177 
20	1	0.22549 0.74789 0.39252 0.10142 0.32968 0.69329 
21	1	0.13089 0.81097 0.31086 0.04933 0.35941 0.71271 
22	1	0.31904 0.79272 0.14039 0.29280 0.71640 0.34296 
23	1	0.25280 0.87146 0.13628 0.23205 0.75172 0.36294 
24	1	0.26156 0.90294 0.09044 0.23984 0.82384 0.31218 
25	1	0.25793 0.63369 0.73042 0.08574 0.46490 0.65673 
26	1	0.10531 0.82392 0.14780 0.07125 0.49847 0.56431 
27	1	0.10292 0.75897 0.37644 0.05209 0.50066 0.64674 
28	1	0.42823 0.68961 0.18584 0.37839 0.73587 0.32313 
29	1	0.43266 0.69680 0.15185 0.40118 0.73318 0.30405 
30	1	0.60402 0.78538 0.16524 0.61553 0.75421 0.25929 
31	1	0.47251 0.81827 0.12681 0.54905 0.83010 0.21410 
32	1	0.32025 0.77928 0.20166 0.37144 0.78803 0.29559 
33	1	0.07051 0.91841 0.13622 0.02539 0.32583 0.72166 
34	1	0.13911 0.93223 0.07097 0.09907 0.64385 0.48609 
35	1	0.31496 0.73825 0.18524 0.17033 0.60632 0.44945 
36	1	0.56582 0.72077 0.20352 0.40852 0.66762 0.35845 
37	1	0.15535 0.81643 0.49905 0.09726 0.57869 0.56382 
38	1	0.21076 0.54878 0.46623 0.09593 0.40635 0.62184 
39	1	0.05233 0.67151 0.39712 0.01428 0.18398 0.82736 
40	1	0.12168 0.76893 0.16103 0.06434 0.42503 0.60271 
41	1	0.18964 0.83117 0.12654 0.12355 0.54513 0.52176 
42	1	0.12072 0.90470 0.06750 0.12973 0.72895 0.41894 
43	1	0.31985 0.70922 0.27804 0.17283 0.62047 0.43388 
44	1	0.15520 0.73346 0.10830 0.10439 0.55510 0.38540 
45	1	0.14798 0.78737 0.55820 0.05364 0.33373 0.72782 
46	1	0.11553 0.80032 0.19543 0.08836 0.52007 0.49179 
47	1	0.10583 0.82070 0.13169 0.08544 0.60197 0.45128 
48	1	0.10113 0.75316 0.38157 0.05809 0.50013 0.64175 
49	1	0.07214 0.87002 0.07766 0.06779 0.60311 0.44278 
50	1	0.10431 0.82053 0.10004 0.08565 0.60925 0.43069 
51	1	0.28752 0.76836 0.27478 0.27326 0.67662 0.39599 
52	1	0.21084 0.70586 0.29392 0.13403 0.50762 0.46368 
53	1	0.27173 0.71864 0.29772 0.18997 0.69964 0.42942 
54	1	0.71902 0.63693 0.29471 0.59062 0.77273 0.26228 
55	1	0.71305 0.74668 0.20281 0.71249 0.96278 0.07941 
56	1	0.48311 0.76626 0.19396 0.63654 0.99251 0.03672 
57	1	0.27414 0.91159 0.11305 0.20055 0.70838 0.34001 
58	1	0.21070 0.88518 0.18881 0.15160 0.61137 0.43336 
59	1	0.07162 0.74047 0.41972 0.02985 0.41223 0.70557 
60	1	0.47828 0.87969 0.21968 0.47681 0.62250 0.36283 
61	1	0.31904 0.88723 0.18689 0.23574 0.63105 0.38129 
62	1	0.14425 0.96608 0.02822 0.12824 0.90118 0.29809 
63	1	0.21679 0.94342 0.04511 0.15878 0.89820 0.29147 
64	1	0.42614 0.94173 0.15232 0.18853 0.42245 0.51219 
65	1	0.23001 0.96737 0.10978 0.11409 0.48666 0.48351 
66	1	0.28670 0.97239 0.07270 0.15821 0.61135 0.39079 
67	1	0.43455 0.93368 0.20362 0.25637 0.49790 0.51799 
68	1	0.21777 0.71417 0.34229 0.10051 0.53211 0.59394 
69	1	0.09390 0.83019 0.18890 0.06634 0.54230 0.53793 
70	2	0.01189 0.79300 0.33069 0.00620 0.13461 0.84425 
71	2	0.02196 0.84013 0.31165 0.00984 0.16133 0.81485 
72	2	0.01534 0.83401 0.29669 0.00716 0.15535 0.83137 
73	2	0.04730 0.79444 0.38862 0.01319 0.15539 0.79132 
74	2	0.03074 0.85990 0.30420 0.01120 0.15979 0.77001 
75	2	0.04642 0.52222 0.17236 0.02586 0.21744 0.63184 
76	2	0.01756 0.72443 0.15053 0.01445 0.17035 0.69401 
77	2	0.06735 0.87630 0.07760 0.06163 0.53557 0.48041 
78	2	0.63951 0.94445 0.08925 0.30885 0.51646 0.48898 
79	2	0.40021 0.92442 0.09594 0.20998 0.54275 0.49716 
80	2	1.00000 0.49202 0.65516 1.00000 0.49199 0.46067 
81	2	0.13406 0.94076 0.04593 0.07091 0.58132 0.46511 
82	2	0.17123 0.92409 0.14536 0.06156 0.43898 0.64945 
83	2	0.26044 0.96455 0.07278 0.08717 0.50709 0.58618 
84	2	0.20588 0.90516 0.08995 0.11076 0.53814 0.44991 
85	2	0.09448 0.94281 0.08297 0.04742 0.43520 0.57943 
86	2	0.28815 0.93107 0.10413 0.08549 0.43967 0.65381 
87	2	0.08203 0.92125 0.12585 0.02651 0.35612 0.72571 
88	2	0.09464 0.92470 0.10366 0.03362 0.37120 0.68968 
89	2	0.11132 0.95798 0.08752 0.05452 0.45793 0.58533 
90	2	0.20480 0.93885 0.06053 0.06189 0.43276 0.58742 
91	2	0.74778 0.05971 0.17476 0.97364 0.95411 0.00000 
92	2	0.11675 0.88564 0.12507 0.03938 0.36020 0.65311 
93	2	0.00748 0.79967 0.17651 0.00763 0.15019 0.76667 
94	2	0.01393 0.72826 0.31895 0.00732 0.15048 0.80869 
95	2	0.03399 0.79036 0.16542 0.01420 0.19025 0.71983 
96	2	0.09458 0.90823 0.13602 0.01494 0.21105 0.74804 
97	2	0.03607 0.85216 0.12928 0.01641 0.23768 0.69761 
98	2	0.03366 0.92220 0.09737 0.01889 0.27233 0.67185 
99	2	0.09915 0.91955 0.07520 0.04691 0.32967 0.58524 
100	2	0.22457 0.94448 0.06549 0.06520 0.35560 0.55872 
101	2	0.09819 0.96343 0.04039 0.04029 0.38309 0.53357 
102	2	0.64691 0.04532 0.65773 0.56709 0.47172 0.50368 
103	2	0.02300 0.83082 0.16727 0.00950 0.18316 0.76040 
104	2	0.02292 0.87518 0.11197 0.01378 0.21576 0.70326 
105	2	0.06212 0.90181 0.20238 0.01848 0.18954 0.76056 
106	2	0.01799 0.78367 0.24068 0.00795 0.13977 0.79713 
107	2	0.03208 0.90388 0.08315 0.01732 0.25876 0.66514 
108	2	0.01566 0.90978 0.16153 0.01036 0.21254 0.76043 
109	2	0.04692 0.91506 0.19119 0.01667 0.21387 0.75797 
110	2	0.03904 0.87513 0.10160 0.02121 0.29434 0.64397 
111	2	0.03102 0.72480 0.23839 0.01078 0.11965 0.74553 
112	2	0.26868 0.87392 0.11533 0.08457 0.40418 0.60282 
113	2	0.63318 0.00000 0.51920 0.62914 0.55225 0.41699 
114	2	0.50125 0.12797 0.83647 0.28262 0.26868 0.70722 
115	2	0.24995 0.20585 0.81408 0.10535 0.20190 0.77897 
116	2	0.18591 0.63240 0.39252 0.06735 0.21952 0.71968 
117	2	0.04466 0.93589 0.09494 0.01654 0.26703 0.71753 
118	2	0.07948 0.90330 0.04026 0.05410 0.53842 0.46716 
119	2	0.15530 0.96602 0.05171 0.09928 0.58457 0.46957 
120	2	0.38673 0.81505 0.14440 0.27662 0.59905 0.40755 
121	2	0.37677 0.78677 0.15225 0.27969 0.69202 0.37369 
122	2	0.45619 0.85808 0.17470 0.22986 0.39956 0.57966 
123	2	0.65844 0.03407 0.19956 0.98067 0.88146 0.05941 
124	2	0.25877 0.85590 0.15186 0.09991 0.31706 0.61247 
125	2	0.01600 0.87926 0.15934 0.00959 0.16174 0.76100 
126	2	0.27153 0.52815 0.41292 0.12029 0.27149 0.71738 
127	2	0.59487 0.06289 0.77607 0.26564 0.25341 0.72401 
128	2	0.43762 0.88035 0.07495 0.45040 0.89191 0.18220 
129	2	0.45368 0.88592 0.09075 0.38478 0.80722 0.25692 
130	2	0.52821 0.85005 0.11825 0.45032 0.80223 0.25566 
131	2	0.39419 0.15911 0.73586 0.19558 0.27643 0.71276 
132	2	0.34298 0.68712 0.33153 0.13166 0.32384 0.64589 
133	2	0.34640 0.02286 1.00000 0.09465 0.12647 0.84476 
134	2	0.20520 0.83467 0.21149 0.20602 0.70993 0.42822 
135	2	0.09763 0.90947 0.10155 0.03421 0.34577 0.66389 
136	2	0.05585 0.94552 0.09067 0.01611 0.30368 0.71812 
137	2	0.30437 0.75234 0.30102 0.21167 0.57451 0.51016 
138	2	0.14861 0.82878 0.33750 0.06640 0.29372 0.73727 
139	2	0.17943 0.75701 0.43397 0.02968 0.11496 0.81005 
140	3	0.05394 0.94676 0.09495 0.01516 0.38772 0.69379 
141	3	0.02532 0.92101 0.16537 0.01283 0.37348 0.74254 
142	3	0.06200 0.95294 0.09336 0.02913 0.46030 0.64051 
143	3	0.05247 0.90755 0.16070 0.02083 0.36973 0.67223 
144	3	0.01628 0.58309 0.79460 0.00337 0.04262 0.90539 
145	3	0.00587 0.55001 0.44039 0.00301 0.05253 0.88542 
146	3	0.00473 0.50989 0.72534 0.00092 0.01227 0.97026 
147	3	0.01111 0.80192 0.33612 0.00560 0.22478 0.84407 
148	3	0.02674 0.91386 0.18148 0.00696 0.24882 0.80491 
149	3	0.02094 0.90576 0.18991 0.01073 0.20934 0.77755 
150	3	0.01584 0.89272 0.25472 0.00990 0.18399 0.80375 
151	3	0.03420 0.92788 0.16258 0.01382 0.23504 0.75345 
152	3	0.06001 0.94176 0.11939 0.01809 0.30891 0.71507 
153	3	0.07044 0.87715 0.28210 0.02416 0.30306 0.76823 
154	3	0.01291 0.83545 0.28665 0.00491 0.20950 0.85197 
155	3	0.07561 0.95288 0.12741 0.02646 0.40560 0.67162 
156	3	0.17488 0.96269 0.09426 0.09661 0.51051 0.56933 
157	3	0.52875 0.98507 0.07096 0.22244 0.48532 0.45696 
158	3	0.06931 0.90196 0.09278 0.02329 0.33638 0.62433 
159	3	0.26084 0.92187 0.11200 0.11879 0.50636 0.48731 
160	3	0.06278 0.86633 0.13850 0.03623 0.27988 0.56871 
161	3	0.36217 0.92846 0.04664 0.41954 0.84921 0.18536 
162	3	0.05261 0.97687 0.04177 0.03396 0.38412 0.55008 
163	3	0.25466 0.94658 0.08242 0.14737 0.55518 0.50070 
164	3	0.23940 0.94617 0.15846 0.10709 0.44498 0.60685 
165	3	0.04519 0.84709 0.40095 0.01398 0.25080 0.79489 
166	3	0.30346 0.76264 0.35281 0.14129 0.51510 0.54944 
167	3	0.07709 0.81553 0.29677 0.04297 0.43980 0.64222 
168	3	0.13789 0.94520 0.15252 0.07187 0.53852 0.55966 
169	3	0.17504 0.95904 0.09588 0.14601 0.75612 0.40566 
170	3	0.02278 0.79739 0.31401 0.00849 0.19432 0.81212 
171	3	0.05478 0.74712 0.42417 0.01576 0.21303 0.82389 
172	3	0.10893 0.74335 0.29537 0.04311 0.32937 0.72261 
173	3	0.05371 0.91870 0.06453 0.03210 0.36745 0.58769 
174	3	0.36816 0.75417 0.46735 0.16377 0.40923 0.66236 
175	3	0.26278 0.91022 0.13568 0.06806 0.36830 0.66685 
176	3	0.28571 0.81455 0.36083 0.09923 0.33552 0.72838 
177	3	0.27871 0.84000 0.30469 0.11829 0.51654 0.60950 
178	3	0.08188 0.86206 0.25855 0.02500 0.33546 0.71157 
179	3	0.02173 0.84660 0.30847 0.01144 0.24912 0.77698 
180	3	0.05727 0.86555 0.25425 0.02094 0.30171 0.68089 
181	3	0.05910 0.88564 0.20941 0.03163 0.37657 0.61845 
182	3	0.02709 0.77852 0.52172 0.00604 0.12788 0.89589 
183	3	0.09493 0.94500 0.11313 0.04226 0.44405 0.61355 
184	3	0.01666 0.92345 0.09041 0.01283 0.28576 0.70183 
185	3	0.01658 0.89349 0.08883 0.01516 0.27653 0.67641 
186	3	0.01521 0.75845 0.66931 0.00501 0.12357 0.90085 
187	3	0.01501 0.77730 0.55357 0.00465 0.14067 0.89937 
188	3	0.10551 0.76444 0.67586 0.01238 0.13569 0.90175 
189	3	0.02821 0.84704 0.24692 0.01355 0.29897 0.75293 
190	3	0.05066 0.68202 0.50481 0.00917 0.15673 0.85796 
191	3	0.04054 0.64531 0.61704 0.00717 0.12067 0.91620 
192	3	0.05216 0.62241 0.74072 0.00610 0.10824 0.93620 
193	3	0.00000 0.55634 0.83543 0.00000 0.00000 1.00000 
194	3	0.13190 0.92499 0.16525 0.05725 0.55525 0.57717 
195	3	0.25614 0.94927 0.17734 0.09529 0.59687 0.54573 
196	3	0.60392 0.96873 0.14135 0.28561 0.62966 0.47800 
197	3	0.07500 0.90392 0.19772 0.04713 0.41430 0.59315 
198	3	0.07266 0.88036 0.23168 0.03791 0.38645 0.63419 
199	3	0.13373 0.95711 0.12805 0.06177 0.48732 0.53464 
200	3	0.07250 0.96959 0.08166 0.02692 0.48412 0.61401 
201	3	0.04281 0.89900 0.14383 0.01829 0.41326 0.69280 
202	3	0.02046 0.88102 0.20446 0.01133 0.30455 0.75543 
203	3	0.03398 0.87764 0.20573 0.01392 0.32109 0.74257 
204	3	0.06430 0.92016 0.06750 0.03999 0.46406 0.56244 
205	3	0.14544 0.71239 0.45991 0.09679 0.37493 0.50737 
206	3	0.14792 0.76978 0.33584 0.07281 0.39271 0.54458 
207	3	0.09457 0.79355 0.33868 0.04309 0.40473 0.61092 
208	3	0.02725 0.85258 0.15711 0.02224 0.32840 0.66758 
209	3	0.01957 0.90499 0.14918 0.01273 0.32153 0.72497 
210	4	0.20907 0.96517 0.06160 0.13647 0.62067 0.45773 
211	4	0.26890 0.94953 0.05001 0.16867 0.62853 0.40402 
212	4	0.26154 0.93218 0.06015 0.16649 0.62002 0.41186 
213	4	0.10685 0.94993 0.07451 0.05316 0.53199 0.55653 
214	4	0.14410 0.87151 0.15758 0.07660 0.50171 0.58282 
215	4	0.23940 0.83400 0.21334 0.11287 0.52740 0.53747 
216	4	0.12626 0.88685 0.10268 0.11529 0.65846 0.45225 
217	4	0.22148 0.87347 0.04556 0.19938 0.72838 0.32823 
218	4	0.13995 0.95132 0.03241 0.10570 0.74716 0.39871 
219	4	0.20030 0.88536 0.08398 0.15369 0.61657 0.46620 
220	4	0.20606 0.94162 0.06452 0.10581 0.55593 0.52357 
221	4	0.11216 0.92911 0.06719 0.06944 0.59924 0.50990 
222	4	0.09354 0.86363 0.16480 0.04105 0.51777 0.63827 
223	4	0.07044 0.98741 0.02743 0.04905 0.62015 0.50804 
224	4	0.07355 0.82207 0.17554 0.03109 0.42154 0.65552 
225	4	0.48791 0.91818 0.10138 0.30553 0.63519 0.44323 
226	4	0.24464 0.94553 0.05198 0.16218 0.62793 0.45928 
227	4	0.09640 0.84118 0.21370 0.03786 0.41575 0.68907 
228	4	0.14214 0.91943 0.15403 0.06639 0.43536 0.63393 
229	4	0.25091 0.85548 0.21910 0.05329 0.29911 0.74744 
230	4	0.31238 0.94882 0.06309 0.16786 0.57899 0.43413 
231	4	0.22609 0.93632 0.07869 0.09295 0.45347 0.58245 
232	4	0.15210 0.91014 0.09619 0.08559 0.50021 0.55015 
233	4	0.11110 0.79138 0.28839 0.05616 0.43541 0.68234 
234	4	0.18765 0.74366 0.28142 0.04669 0.29735 0.75150 
235	4	0.21689 0.86220 0.18535 0.08217 0.50406 0.63416 
236	4	0.24800 0.91742 0.07546 0.18820 0.65161 0.39195 
237	4	0.19277 0.93629 0.05779 0.13238 0.60959 0.43825 
238	4	0.40310 0.87729 0.29680 0.36758 0.72407 0.37379 
239	4	0.22242 0.99525 0.01765 0.32214 1.00000 0.15152 
240	4	0.52755 0.97413 0.01834 0.40141 0.95929 0.15733 
241	4	0.06392 0.79579 0.26525 0.02515 0.38039 0.72203 
242	4	0.06885 0.85778 0.16113 0.03423 0.44370 0.65714 
243	4	0.19387 0.92029 0.13660 0.09174 0.56470 0.53848 
244	4	0.25452 0.96658 0.05233 0.17737 0.77909 0.37075 
245	4	0.05901 0.90218 0.15661 0.01968 0.36739 0.72759 
246	4	0.11270 0.77970 0.34187 0.03802 0.35624 0.74370 
247	4	0.17811 0.77786 0.20783 0.06053 0.43362 0.63898 
248	4	0.13163 0.74012 0.39452 0.04949 0.36301 0.67776 
249	4	0.23233 0.92585 0.10170 0.18919 0.73331 0.42169 
250	4	0.59368 0.93504 0.15456 0.43103 0.60900 0.44210 
251	4	0.12221 0.80929 0.21916 0.06099 0.45603 0.64263 
252	4	0.29723 0.97236 0.06223 0.21102 0.68037 0.39368 
253	4	0.30252 0.90424 0.16266 0.22357 0.64271 0.45171 
254	4	0.39078 0.94082 0.06791 0.34421 0.72986 0.33878 
255	4	0.38940 0.95895 0.06578 0.27045 0.70064 0.36672 
256	4	0.36412 0.91491 0.14414 0.25718 0.65181 0.43444 
257	4	0.14647 0.90423 0.19371 0.07184 0.62617 0.57712 
258	4	0.33448 0.62967 0.29988 0.15492 0.48205 0.60184 
259	4	0.18172 0.75337 0.28379 0.08617 0.47576 0.63588 
260	4	0.26122 0.64587 0.33658 0.13146 0.49555 0.60674 
261	4	0.42930 0.87565 0.24001 0.38709 0.58600 0.48706 
262	4	0.32871 0.79832 0.26638 0.18618 0.50141 0.59546 
263	4	0.46537 0.81539 0.24513 0.29213 0.50731 0.54863 
264	4	0.58798 0.94637 0.04487 0.47493 0.79884 0.25720 
265	4	0.30074 0.91139 0.14482 0.23604 0.68135 0.41423 
266	4	0.48949 0.93515 0.08366 0.33897 0.75209 0.32408 
267	4	0.34294 0.90366 0.16768 0.22641 0.65764 0.44498 
268	4	0.11920 0.87452 0.19390 0.07468 0.59228 0.56338 
269	4	0.11952 0.87251 0.20989 0.06649 0.59091 0.58418 
270	4	0.03962 0.80214 0.31469 0.01408 0.31390 0.78902 
271	4	0.03146 0.79990 0.34010 0.01494 0.31172 0.78992 
272	4	0.06958 0.83818 0.22085 0.02931 0.36610 0.71630 
273	4	0.08852 0.78349 0.28811 0.02785 0.37969 0.73684 
274	4	0.18976 0.92867 0.16243 0.16821 0.75755 0.42999 
275	4	0.40187 0.89488 0.14550 0.19782 0.58214 0.51187 
276	4	0.39993 0.79258 0.14556 0.43259 0.87000 0.18515 
277	4	0.28619 0.87504 0.13596 0.16020 0.59571 0.49209 
278	4	0.30303 0.90932 0.14444 0.16585 0.59369 0.49953 
279	4	0.24600 0.96811 0.06669 0.23523 0.76589 0.33377 
280	5	0.10224 0.97452 0.03883 0.08283 0.68336 0.47405 
281	5	0.02348 0.86907 0.27321 0.01206 0.28603 0.78519 
282	5	0.01147 0.87718 0.19700 0.00736 0.20500 0.80145 
283	5	0.09299 0.96321 0.04097 0.04803 0.54754 0.51559 
284	5	0.06202 0.96994 0.05386 0.02871 0.44563 0.61441 
285	5	0.22260 0.95868 0.06578 0.14932 0.74242 0.38206 
286	5	0.15770 0.97921 0.08296 0.08361 0.49092 0.54098 
287	5	0.02085 0.91360 0.10830 0.01080 0.29875 0.74273 
288	5	0.02202 0.83965 0.12810 0.01583 0.31457 0.69154 
289	5	0.18190 0.98761 0.00848 0.09832 0.70055 0.37947 
290	5	0.14569 0.98761 0.00862 0.09207 0.68305 0.39016 
291	5	0.06861 0.98377 0.02440 0.02408 0.46261 0.61196 
292	5	0.09514 0.97375 0.03521 0.06233 0.56696 0.50877 
293	5	0.07166 0.98969 0.01718 0.03170 0.49583 0.57606 
294	5	0.03176 0.99763 0.00775 0.02615 0.50774 0.53784 
295	5	0.04582 0.98563 0.02053 0.02523 0.47848 0.58649 
296	5	0.02582 0.90262 0.05960 0.02810 0.43198 0.57596 
297	5	0.07511 0.99209 0.00788 0.05128 0.56045 0.47151 
298	5	0.04499 0.98044 0.03067 0.02141 0.43380 0.62670 
299	5	0.02139 0.85476 0.13669 0.01364 0.20319 0.71361 
300	5	0.01007 0.82858 0.22548 0.00744 0.14998 0.80192 
301	5	0.10109 0.94852 0.08335 0.03367 0.41009 0.61859 
302	5	0.04888 0.99532 0.00565 0.05201 0.69005 0.45497 
303	5	0.08704 1.00000 0.00000 0.07422 0.77699 0.37970 
304	5	0.03765 0.96337 0.04465 0.02830 0.48441 0.58934 
305	5	0.02992 0.93320 0.05300 0.01746 0.28155 0.63926 
306	5	0.02097 0.77337 0.47143 0.00420 0.13862 0.89981 
307	5	0.02107 0.58817 0.45001 0.00272 0.04736 0.90202 
308	5	0.00407 0.73383 0.41670 0.00250 0.05341 0.89878 
309	5	0.00008 0.60412 0.46789 0.00183 0.04438 0.91486 
310	5	0.00185 0.90989 0.11990 0.00559 0.17652 0.79124 
311	5	0.00324 0.82433 0.17968 0.00538 0.14166 0.80830 
312	5	0.02697 0.59544 0.42541 0.00327 0.05341 0.88745 
313	5	0.06785 0.82434 0.27215 0.01270 0.25335 0.80185 
314	5	0.12469 0.92375 0.02296 0.11233 0.56190 0.38044 
315	5	0.00147 0.65759 0.32649 0.00332 0.06595 0.85932 
316	5	0.01071 0.56389 0.29710 0.00532 0.07164 0.82302 
317	5	0.05169 0.93876 0.13103 0.01494 0.29025 0.72374 
318	5	0.00988 0.51382 0.35622 0.00377 0.05232 0.85154 
319	5	0.01596 0.91026 0.15753 0.00613 0.20229 0.80528 
320	5	0.01471 0.84051 0.22888 0.00513 0.16583 0.83041 
321	5	0.11589 0.95356 0.01025 0.09288 0.61961 0.37770 
322	5	0.11883 0.74156 0.09686 0.06347 0.40978 0.54484 
323	5	0.03688 0.93492 0.07996 0.01684 0.29229 0.67362 
324	5	0.04372 0.93331 0.08032 0.02033 0.36236 0.65139 
325	5	0.05814 0.91929 0.12435 0.01828 0.26728 0.68357 
326	5	0.01386 0.89923 0.11040 0.01022 0.20561 0.74030 
327	5	0.09435 0.96728 0.09270 0.03126 0.43009 0.63067 
328	5	0.27048 0.97962 0.08626 0.11112 0.47811 0.54768 
329	5	0.03573 0.97527 0.01847 0.03024 0.49733 0.53317 
330	5	0.13735 0.99431 0.01205 0.07599 0.65320 0.47262 
331	5	0.26689 0.98871 0.00538 0.19907 0.77707 0.27318 
332	5	0.12886 0.99075 0.00452 0.10022 0.70149 0.36452 
333	5	0.01323 0.88121 0.09459 0.01115 0.24413 0.71049 
334	5	0.03503 0.94235 0.10103 0.01487 0.29541 0.72364 
335	5	0.04243 0.92576 0.08354 0.01978 0.32158 0.67069 
336	5	0.02564 0.87740 0.10566 0.01261 0.25754 0.71568 
337	5	0.42988 0.90141 0.16144 0.18809 0.34369 0.59994 
338	5	0.05955 0.68635 0.34053 0.01748 0.24447 0.78626 
339	5	0.02915 0.68641 0.27875 0.01386 0.21650 0.75030 
340	5	0.01309 0.75579 0.17513 0.01224 0.14011 0.73514 
341	5	0.02631 0.70900 0.29021 0.01100 0.11595 0.77021 
342	5	0.00930 0.55056 0.38739 0.00444 0.05503 0.86581 
343	5	0.00960 0.51737 0.32986 0.00639 0.08271 0.81992 
344	5	0.21929 0.86167 0.19311 0.06449 0.29810 0.66440 
345	5	0.13035 0.92567 0.12651 0.06101 0.45528 0.63243 
346	5	0.32185 0.93876 0.17894 0.11593 0.37060 0.68280 
347	5	0.00213 0.79944 0.27183 0.00356 0.11579 0.86361 
348	5	0.00958 0.81402 0.37011 0.00374 0.09893 0.89618 
349	5	0.06346 0.88833 0.13011 0.02692 0.38276 0.67652 
