350	5	6
0	1	0.10704 0.88743 0.07552 0.06798 0.55515 0.44567 
1	1	0.29753 0.70792 0.16970 0.24820 0.73872 0.27617 
2	1	0.09577 0.77085 0.20425 0.06260 0.55567 0.51768 
3	1	0.09797 0.67299 0.42669 0.05900 0.49610 0.61358 
4	1	0.21372 0.72788 0.48958 0.09417 0.41839 0.63252 
5	1	0.25561 0.72601 0.29933 0.19921 0.57989 0.44984 
6	1	0.46088 0.70688 0.35184 0.27772 0.61441 0.43587 
7	1	0.23875 0.73548 0.38067 0.15189 0.54218 0.54494 
8	1	0.05390 0.58379 0.40430 0.02363 0.32708 0.74068 
9	1	0.18386 0.69668 0.38355 0.12271 0.53585 0.57031 
10	1	0.12898 0.88970 0.09627 0.07154 0.52929 0.52117 
11	1	0.18314 0.71729 0.33134 0.13288 0.59270 0.53491 
12	1	0.18340 0.69152 0.31935 0.11653 0.61121 0.52946 
13	1	0.22866 0.92682 0.06251 0.07162 0.63726 0.47019 
14	1	0.05119 0.87348 0.13015 0.03201 0.55052 0.59264 
15	1	0.35398 0.87327 0.23190 0.29230 0.65866 0.38743 
16	1	0.20021 0.90566 0.11601 0.18000 0.69355 0.34195 
17	1	0.62835 0.88575 0.23355 0.63465 0.74044 0.25458 
18	1	0.51743 0.85631 0.30029 0.37555 0.60340 0.38450 
19	1	0.24463 0.77869 0.24418 0.13212 0.57903 0.51457 
20	1	0.22482 0.74583 0.44640 0.09680 0.33081 0.69163 
21	1	0.12574 0.80422 0.34659 0.04565 0.36251 0.71200 
22	1	0.31052 0.80591 0.15410 0.27979 0.70824 0.35121 
23	1	0.30966 0.87244 0.16232 0.21693 0.73501 0.37885 
24	1	0.27739 0.90192 0.10907 0.20916 0.80055 0.33224 
25	1	0.30340 0.63976 0.65181 0.08930 0.48335 0.61156 
26	1	0.16066 0.82847 0.14020 0.07695 0.51544 0.53258 
27	1	0.12141 0.74318 0.37673 0.05431 0.51525 0.62108 
28	1	0.48575 0.71641 0.16879 0.38558 0.74413 0.31448 
29	1	0.68607 0.73587 0.13850 0.44731 0.73467 0.30273 
30	1	0.75756 0.81243 0.14390 0.61425 0.75822 0.25364 
31	1	0.59119 0.84235 0.11038 0.57325 0.83320 0.20513 
32	1	0.49078 0.79957 0.19732 0.39907 0.78510 0.29129 
33	1	0.07889 0.91164 0.14437 0.03009 0.34452 0.68366 
34	1	0.12594 0.93024 0.07952 0.10155 0.64862 0.46708 
35	1	0.39296 0.76131 0.20477 0.16923 0.59759 0.46834 
36	1	0.69671 0.73618 0.20610 0.37968 0.66502 0.37171 
37	1	0.15338 0.79935 0.51153 0.09115 0.57399 0.58333 
38	1	0.26485 0.57253 0.45197 0.09813 0.41883 0.60363 
39	1	0.05243 0.65862 0.45552 0.01293 0.19171 0.81767 
40	1	0.14499 0.78058 0.19096 0.06245 0.42139 0.60455 
41	1	0.23293 0.84291 0.14726 0.12728 0.54461 0.51815 
42	1	0.13275 0.90579 0.07837 0.12553 0.72349 0.41592 
43	1	0.26154 0.70065 0.25160 0.15923 0.64105 0.40967 
44	1	0.18221 0.72674 0.09604 0.11150 0.58148 0.35343 
45	1	0.17854 0.78580 0.48157 0.06144 0.36074 0.68066 
46	1	0.13134 0.79089 0.17539 0.09079 0.54769 0.45805 
47	1	0.10633 0.81522 0.11073 0.08419 0.62009 0.41834 
48	1	0.13408 0.73958 0.37769 0.06185 0.51413 0.61409 
49	1	0.09409 0.86351 0.06318 0.07614 0.63523 0.39585 
50	1	0.08664 0.81258 0.08506 0.08587 0.63198 0.39397 
51	1	0.38401 0.76817 0.24651 0.27418 0.68962 0.37313 
52	1	0.32067 0.70714 0.25290 0.14250 0.53034 0.43481 
53	1	0.24636 0.70547 0.26878 0.19516 0.71300 0.40233 
54	1	1.00000 0.62136 0.26105 0.77248 0.78698 0.22556 
55	1	0.59006 0.73721 0.19881 0.59401 0.95562 0.09911 
56	1	0.63331 0.75672 0.20702 0.69933 0.98261 0.04472 
57	1	0.22282 0.91359 0.14435 0.16562 0.67716 0.36490 
58	1	0.19997 0.88614 0.21794 0.13983 0.59440 0.43738 
59	1	0.07950 0.72176 0.42998 0.03023 0.42684 0.68225 
60	1	0.69107 0.87853 0.25093 0.48681 0.61294 0.37443 
61	1	0.38845 0.88756 0.21763 0.23351 0.61098 0.39455 
62	1	0.17079 0.96304 0.02623 0.12823 0.89506 0.28332 
63	1	0.25076 0.94215 0.04701 0.14866 0.87651 0.29244 
64	1	0.35692 0.94182 0.14816 0.15678 0.42779 0.49046 
65	1	0.33291 0.96182 0.12201 0.13656 0.48031 0.47236 
66	1	0.39671 0.96826 0.08837 0.16606 0.59966 0.40806 
67	1	0.55895 0.92992 0.19307 0.29273 0.50538 0.49173 
68	1	0.16277 0.71520 0.28729 0.09433 0.55567 0.55090 
69	1	0.10113 0.82409 0.16665 0.06889 0.56669 0.49729 
70	2	0.01318 0.77801 0.32975 0.00530 0.14800 0.83864 
71	2	0.01349 0.82679 0.31226 0.00724 0.17212 0.82251 
72	2	0.01152 0.82078 0.29644 0.00577 0.16714 0.82788 
73	2	0.04669 0.77715 0.38703 0.01026 0.16559 0.79915 
74	2	0.02103 0.84835 0.30366 0.00887 0.17171 0.77694 
75	2	0.06503 0.57528 0.14119 0.02304 0.24433 0.60840 
76	2	0.02112 0.74258 0.12567 0.01193 0.19895 0.68317 
77	2	0.15333 0.86205 0.04365 0.07659 0.59276 0.41637 
78	2	0.52518 0.94737 0.07607 0.20777 0.51894 0.47952 
79	2	0.34565 0.93027 0.08157 0.17623 0.54548 0.47627 
80	2	0.84167 0.48607 0.59386 0.73841 0.49937 0.47016 
81	2	0.10371 0.94421 0.03711 0.07017 0.60010 0.42937 
82	2	0.23512 0.92338 0.09327 0.07078 0.47586 0.57619 
83	2	0.14071 0.96315 0.05086 0.06037 0.52718 0.53212 
84	2	0.22475 0.90086 0.05303 0.11659 0.57102 0.38479 
85	2	0.08538 0.93964 0.07973 0.03819 0.43236 0.57607 
86	2	0.20035 0.93050 0.07484 0.06517 0.46661 0.58154 
87	2	0.14525 0.91380 0.09006 0.03670 0.40291 0.62623 
88	2	0.16162 0.92104 0.07484 0.04558 0.41187 0.60021 
89	2	0.27160 0.95864 0.06481 0.07923 0.48287 0.52733 
90	2	0.21688 0.93701 0.04184 0.07280 0.47162 0.50856 
91	2	0.79767 0.06746 0.13427 0.99121 0.95180 0.00000 
92	2	0.14080 0.88515 0.10315 0.04113 0.38649 0.60989 
93	2	0.00955 0.79072 0.14310 0.00884 0.18622 0.70517 
94	2	0.01377 0.72196 0.29199 0.00731 0.17435 0.77322 
95	2	0.03463 0.80091 0.13335 0.01649 0.22753 0.66022 
96	2	0.05646 0.90142 0.11367 0.01246 0.24232 0.69855 
97	2	0.03541 0.84151 0.11718 0.01486 0.25634 0.66456 
98	2	0.05433 0.91934 0.07518 0.02322 0.31525 0.60530 
99	2	0.12977 0.91994 0.06407 0.04750 0.35113 0.54768 
100	2	0.20159 0.94000 0.05785 0.05523 0.37045 0.52935 
101	2	0.09718 0.96193 0.03522 0.03937 0.40109 0.50407 
102	2	0.67659 0.04045 0.58006 0.55028 0.48620 0.47674 
103	2	0.02749 0.82230 0.14862 0.01090 0.21348 0.70856 
104	2	0.02667 0.86526 0.10084 0.01463 0.23834 0.66106 
105	2	0.04604 0.89573 0.18689 0.00998 0.20141 0.75557 
106	2	0.02194 0.77124 0.18243 0.01007 0.18276 0.71858 
107	2	0.03882 0.89924 0.07826 0.01791 0.27748 0.63298 
108	2	0.03318 0.90661 0.14282 0.01182 0.23539 0.71251 
109	2	0.07739 0.91249 0.15854 0.01994 0.24385 0.69521 
110	2	0.03908 0.86721 0.07711 0.02270 0.33293 0.58144 
111	2	0.02138 0.71086 0.22626 0.00664 0.13638 0.76024 
112	2	0.27402 0.87194 0.09322 0.07001 0.42298 0.57016 
113	2	0.66478 0.00000 0.45348 0.61018 0.56509 0.39840 
114	2	0.50948 0.13251 0.68449 0.25527 0.29260 0.67141 
115	2	0.28407 0.20237 0.66403 0.09198 0.22746 0.73786 
116	2	0.27737 0.62261 0.38956 0.06677 0.22935 0.75054 
117	2	0.04012 0.93031 0.10377 0.01423 0.27034 0.71249 
118	2	0.08055 0.90337 0.03819 0.05195 0.54714 0.44733 
119	2	0.18044 0.96248 0.04347 0.10970 0.60119 0.43158 
120	2	0.43893 0.81361 0.11557 0.30139 0.61882 0.37164 
121	2	0.38208 0.78475 0.12651 0.26908 0.70315 0.35568 
122	2	0.53379 0.85435 0.15755 0.23535 0.41265 0.55395 
123	2	0.76842 0.02856 0.18610 1.00000 0.89046 0.05011 
124	2	0.25607 0.85250 0.15169 0.07897 0.32218 0.60592 
125	2	0.00749 0.87187 0.15319 0.00798 0.17279 0.73982 
126	2	0.32896 0.53521 0.39951 0.13742 0.28760 0.64523 
127	2	0.59955 0.05701 0.68322 0.21943 0.27475 0.68639 
128	2	0.49127 0.88191 0.07566 0.38274 0.87693 0.22312 
129	2	0.57040 0.88629 0.09362 0.40311 0.80114 0.26277 
130	2	0.43231 0.85121 0.10822 0.40521 0.79676 0.25431 
131	2	0.38631 0.15491 0.63663 0.16003 0.29990 0.67805 
132	2	0.20732 0.68934 0.31778 0.09641 0.33250 0.66743 
133	2	0.37646 0.02441 0.81197 0.09424 0.15969 0.78625 
134	2	0.25512 0.82956 0.17740 0.19844 0.71487 0.40610 
135	2	0.11112 0.89889 0.07457 0.03544 0.37995 0.59693 
136	2	0.11753 0.94199 0.06663 0.02444 0.34595 0.63459 
137	2	0.37819 0.74924 0.24577 0.21407 0.58540 0.47250 
138	2	0.16183 0.80942 0.33909 0.05106 0.29895 0.74526 
139	2	0.18597 0.72936 0.43333 0.02411 0.13276 0.80315 
140	3	0.01981 0.92949 0.11813 0.01092 0.34099 0.70414 
141	3	0.01543 0.90890 0.15558 0.01066 0.36728 0.72316 
142	3	0.03850 0.93296 0.12361 0.01909 0.37841 0.67263 
143	3	0.04421 0.87605 0.19136 0.00959 0.30090 0.75791 
144	3	0.00124 0.48674 0.90850 0.00115 0.04262 0.95425 
145	3	0.00663 0.48284 0.46537 0.00319 0.06906 0.85468 
146	3	0.00482 0.43387 0.74788 0.00138 0.03256 0.92882 
147	3	0.01337 0.76774 0.39883 0.00421 0.19514 0.84916 
148	3	0.02885 0.89217 0.20530 0.00531 0.23456 0.80306 
149	3	0.02459 0.89918 0.18855 0.01049 0.22434 0.75121 
150	3	0.01947 0.88245 0.26687 0.00901 0.19621 0.79392 
151	3	0.04369 0.92353 0.16828 0.01315 0.24553 0.74135 
152	3	0.06951 0.93297 0.12295 0.01613 0.31316 0.69377 
153	3	0.05020 0.83940 0.31973 0.01522 0.27911 0.78724 
154	3	0.00274 0.81119 0.31027 0.00383 0.19163 0.83837 
155	3	0.06389 0.91349 0.15173 0.02206 0.39535 0.66613 
156	3	0.17824 0.92140 0.12284 0.08375 0.48999 0.57117 
157	3	0.35550 0.96317 0.10150 0.09526 0.43867 0.59034 
158	3	0.04554 0.78783 0.14969 0.01614 0.28685 0.65845 
159	3	0.14121 0.85242 0.13824 0.06682 0.46453 0.54455 
160	3	0.07542 0.79186 0.16649 0.02292 0.25050 0.62172 
161	3	0.56698 0.89087 0.06079 0.45715 0.81802 0.21073 
162	3	0.05826 0.81339 0.13694 0.01740 0.23125 0.63680 
163	3	0.28462 0.88527 0.11401 0.13391 0.53700 0.49881 
164	3	0.19759 0.89029 0.19012 0.07210 0.42957 0.59811 
165	3	0.02454 0.79775 0.31017 0.01320 0.26069 0.73954 
166	3	0.17733 0.64529 0.32843 0.08578 0.48442 0.56283 
167	3	0.05116 0.73178 0.32653 0.03221 0.38606 0.64619 
168	3	0.17370 0.91304 0.12281 0.08502 0.52824 0.51358 
169	3	0.28448 0.90341 0.09561 0.14775 0.74136 0.40879 
170	3	0.01634 0.74010 0.23719 0.01055 0.22040 0.73796 
171	3	0.04262 0.69116 0.48869 0.01607 0.18883 0.80636 
172	3	0.08266 0.69892 0.39649 0.03214 0.27198 0.74726 
173	3	0.03789 0.87570 0.08204 0.02527 0.31518 0.59943 
174	3	0.35720 0.64499 0.56064 0.14175 0.37997 0.67245 
175	3	0.15265 0.87352 0.16462 0.04567 0.34479 0.66945 
176	3	0.19806 0.72055 0.39203 0.06314 0.30866 0.73134 
177	3	0.26899 0.77507 0.29400 0.11133 0.50778 0.58484 
178	3	0.11708 0.76472 0.29866 0.02038 0.27350 0.73252 
179	3	0.02257 0.75183 0.35500 0.00800 0.19713 0.79529 
180	3	0.03068 0.76646 0.30028 0.00833 0.22443 0.77264 
181	3	0.05072 0.78026 0.24263 0.01457 0.28508 0.72140 
182	3	0.01363 0.66299 0.67031 0.00211 0.10137 0.93190 
183	3	0.07266 0.88768 0.13953 0.02657 0.38413 0.65120 
184	3	0.00956 0.89893 0.10732 0.01036 0.25808 0.69519 
185	3	0.00857 0.85851 0.11662 0.01008 0.23886 0.69611 
186	3	0.00493 0.63520 0.54115 0.00376 0.08762 0.87024 
187	3	0.00446 0.65760 0.46774 0.00398 0.09028 0.85434 
188	3	0.12441 0.70693 0.60491 0.01086 0.10816 0.88723 
189	3	0.00784 0.80096 0.25300 0.00696 0.19546 0.77660 
190	3	0.04896 0.67233 0.61069 0.00626 0.09064 0.86289 
191	3	0.05004 0.64640 0.69621 0.00657 0.10434 0.90743 
192	3	0.04736 0.60932 0.75399 0.00620 0.11206 0.90095 
193	3	0.00073 0.46558 1.00000 0.00000 0.00000 1.00000 
194	3	0.16724 0.88465 0.16592 0.06092 0.51268 0.54389 
195	3	0.34059 0.94475 0.14530 0.09537 0.52798 0.53652 
196	3	0.74722 0.95971 0.13366 0.30783 0.56911 0.47921 
197	3	0.03390 0.77738 0.12928 0.02455 0.27884 0.61099 
198	3	0.02624 0.77256 0.14812 0.01833 0.25984 0.65465 
199	3	0.01703 0.92809 0.10910 0.01463 0.24911 0.66205 
200	3	0.00911 0.95423 0.07612 0.00984 0.31423 0.69167 
201	3	0.01257 0.87080 0.15426 0.01067 0.29018 0.72227 
202	3	0.00510 0.82090 0.16816 0.00754 0.19201 0.74304 
203	3	0.00298 0.82228 0.18762 0.00638 0.18695 0.76455 
204	3	0.01829 0.85981 0.09949 0.01533 0.34259 0.66474 
205	3	0.00820 0.61183 0.50383 0.01147 0.10138 0.73646 
206	3	0.00979 0.68333 0.42134 0.01131 0.10990 0.73544 
207	3	0.00700 0.72205 0.39108 0.00872 0.19298 0.74761 
208	3	0.01819 0.81660 0.20740 0.01440 0.27418 0.70304 
209	3	0.00951 0.87597 0.16979 0.00991 0.29338 0.72503 
210	4	0.32626 0.96778 0.05576 0.15705 0.63177 0.43417 
211	4	0.37047 0.95286 0.04387 0.19406 0.64395 0.37613 
212	4	0.33661 0.93465 0.05195 0.18393 0.63351 0.38185 
213	4	0.14335 0.94790 0.07361 0.05245 0.52770 0.54911 
214	4	0.15380 0.86690 0.14875 0.07710 0.51670 0.54891 
215	4	0.34265 0.82819 0.19893 0.14735 0.54642 0.49950 
216	4	0.23138 0.88328 0.09637 0.16778 0.68413 0.38255 
217	4	0.23114 0.87206 0.04066 0.19260 0.73233 0.30675 
218	4	0.14029 0.94115 0.02975 0.10079 0.73854 0.37586 
219	4	0.19616 0.89012 0.07258 0.12469 0.61681 0.45301 
220	4	0.27074 0.94490 0.05609 0.12214 0.57260 0.48636 
221	4	0.13010 0.93047 0.06301 0.06763 0.60968 0.48556 
222	4	0.07889 0.86830 0.14798 0.03851 0.53077 0.60716 
223	4	0.12085 0.98754 0.02392 0.05370 0.64002 0.47539 
224	4	0.10158 0.82545 0.15946 0.03461 0.44561 0.61176 
225	4	0.39819 0.91678 0.09215 0.25581 0.63760 0.43296 
226	4	0.33651 0.95089 0.04513 0.17519 0.63743 0.43291 
227	4	0.12799 0.84356 0.19681 0.04306 0.43619 0.64494 
228	4	0.14575 0.92342 0.13915 0.06213 0.44791 0.60166 
229	4	0.29114 0.86250 0.20070 0.05534 0.32220 0.70702 
230	4	0.37900 0.95332 0.05622 0.18208 0.58978 0.41191 
231	4	0.22987 0.94110 0.07301 0.09454 0.47257 0.55026 
232	4	0.18829 0.91560 0.09239 0.09378 0.51551 0.51460 
233	4	0.17195 0.79568 0.26208 0.06100 0.45154 0.64192 
234	4	0.22735 0.76643 0.25844 0.04620 0.31997 0.71352 
235	4	0.22163 0.87093 0.16522 0.08634 0.52006 0.59925 
236	4	0.27186 0.92046 0.06940 0.18571 0.65732 0.37863 
237	4	0.24161 0.94030 0.05133 0.14528 0.62149 0.41354 
238	4	0.32176 0.87738 0.25057 0.26980 0.71710 0.38319 
239	4	0.30579 0.99575 0.01492 0.33480 1.00000 0.15464 
240	4	0.61758 0.97549 0.01590 0.39352 0.96013 0.16412 
241	4	0.05536 0.79314 0.22992 0.02471 0.39891 0.67623 
242	4	0.06177 0.85624 0.14076 0.03354 0.46139 0.61588 
243	4	0.21445 0.92042 0.11288 0.08315 0.57817 0.50880 
244	4	0.47303 0.96675 0.04323 0.24542 0.79608 0.32740 
245	4	0.04681 0.89997 0.13290 0.02100 0.39303 0.67780 
246	4	0.09430 0.77789 0.29182 0.03296 0.37522 0.70344 
247	4	0.10626 0.78461 0.17256 0.04912 0.44636 0.60512 
248	4	0.13015 0.74198 0.34348 0.04212 0.37637 0.64548 
249	4	0.32698 0.93173 0.09191 0.18139 0.73271 0.41872 
250	4	0.52134 0.93470 0.13764 0.36610 0.62155 0.42278 
251	4	0.12312 0.80742 0.19415 0.06995 0.47701 0.59175 
252	4	0.39693 0.97145 0.04642 0.23968 0.69865 0.36137 
253	4	0.46858 0.89569 0.14711 0.23293 0.65171 0.42670 
254	4	0.50963 0.93661 0.05531 0.33872 0.74121 0.31228 
255	4	0.33846 0.95777 0.05384 0.24165 0.71042 0.34628 
256	4	0.48415 0.90755 0.13634 0.25141 0.65785 0.42251 
257	4	0.19979 0.90650 0.16806 0.07523 0.63369 0.54414 
258	4	0.41791 0.61995 0.30408 0.18075 0.49277 0.56798 
259	4	0.17644 0.74821 0.24264 0.09881 0.49865 0.58305 
260	4	0.26706 0.63378 0.29673 0.13455 0.51446 0.55986 
261	4	0.69792 0.87922 0.20179 0.43139 0.59911 0.45707 
262	4	0.34342 0.80189 0.22712 0.20051 0.51368 0.55318 
263	4	0.65830 0.82526 0.21041 0.29616 0.52135 0.52214 
264	4	0.40098 0.94268 0.03742 0.36988 0.80426 0.25512 
265	4	0.42308 0.90539 0.13370 0.24685 0.68610 0.39985 
266	4	0.39733 0.93090 0.07756 0.27084 0.74762 0.32418 
267	4	0.35677 0.89490 0.15516 0.22628 0.66504 0.42647 
268	4	0.14843 0.87658 0.16258 0.06526 0.59537 0.54924 
269	4	0.13745 0.87105 0.17846 0.07131 0.60551 0.54734 
270	4	0.04583 0.80175 0.26302 0.01554 0.34194 0.73300 
271	4	0.02871 0.79808 0.28796 0.01454 0.33427 0.74919 
272	4	0.07048 0.83699 0.18752 0.02495 0.38363 0.68201 
273	4	0.07151 0.78137 0.26023 0.02458 0.39224 0.70155 
274	4	0.34466 0.92928 0.14364 0.18306 0.75643 0.41320 
275	4	0.34993 0.87597 0.16157 0.15828 0.57783 0.50514 
276	4	0.54953 0.79893 0.12620 0.45185 0.87051 0.18660 
277	4	0.37670 0.83630 0.16164 0.15658 0.58952 0.47745 
278	4	0.23274 0.87868 0.14930 0.14214 0.60041 0.47887 
279	4	0.32189 0.95283 0.07439 0.23254 0.76648 0.33243 
280	5	0.10460 0.97465 0.03493 0.08426 0.69693 0.44730 
281	5	0.02721 0.87104 0.22928 0.01047 0.30473 0.75707 
282	5	0.03023 0.88111 0.17696 0.00809 0.22856 0.76031 
283	5	0.09273 0.96314 0.03847 0.04636 0.55819 0.49839 
284	5	0.07659 0.96997 0.04531 0.03089 0.47213 0.57094 
285	5	0.23344 0.95654 0.05645 0.14586 0.75748 0.36376 
286	5	0.18141 0.97601 0.08291 0.07012 0.48557 0.56362 
287	5	0.02576 0.90744 0.10913 0.01113 0.31109 0.70920 
288	5	0.01883 0.83995 0.12048 0.01591 0.33192 0.65797 
289	5	0.19117 0.98590 0.00893 0.10128 0.71086 0.35610 
290	5	0.17785 0.98585 0.00895 0.09650 0.69678 0.36580 
291	5	0.04447 0.98368 0.01774 0.02645 0.50206 0.54607 
292	5	0.10842 0.97189 0.03381 0.06394 0.57901 0.48043 
293	5	0.07615 0.98933 0.01419 0.02960 0.51539 0.54056 
294	5	0.02278 0.99779 0.00736 0.02209 0.51710 0.52952 
295	5	0.04199 0.98524 0.01843 0.02443 0.49257 0.55702 
296	5	0.02946 0.90322 0.05582 0.02811 0.44605 0.54771 
297	5	0.08378 0.99223 0.00698 0.05002 0.57364 0.45078 
298	5	0.03953 0.98046 0.02754 0.02114 0.45176 0.59174 
299	5	0.01686 0.86350 0.11944 0.01339 0.23029 0.67718 
300	5	0.00934 0.83501 0.17465 0.00804 0.19051 0.74281 
301	5	0.09788 0.94848 0.07610 0.03309 0.42818 0.58834 
302	5	0.06023 0.99483 0.00613 0.05331 0.69745 0.43253 
303	5	0.09308 1.00000 0.00000 0.07514 0.79039 0.35556 
304	5	0.03772 0.96174 0.05032 0.02599 0.48493 0.58300 
305	5	0.01716 0.93631 0.04607 0.01813 0.31449 0.60193 
306	5	0.02129 0.77529 0.35164 0.00540 0.18226 0.82274 
307	5	0.01906 0.58982 0.38377 0.00365 0.08146 0.83766 
308	5	0.00117 0.72777 0.30760 0.00326 0.09812 0.83245 
309	5	0.00000 0.60176 0.41417 0.00265 0.07716 0.85555 
310	5	0.00383 0.91208 0.10209 0.00665 0.20960 0.73454 
311	5	0.00503 0.82452 0.15087 0.00663 0.17975 0.74576 
312	5	0.02107 0.60252 0.34509 0.00416 0.09000 0.81799 
313	5	0.08746 0.82555 0.23069 0.01453 0.28559 0.74051 
314	5	0.11069 0.92829 0.02480 0.10117 0.56914 0.38576 
315	5	0.00270 0.66482 0.27895 0.00439 0.10020 0.79796 
316	5	0.01369 0.56987 0.27773 0.00596 0.09826 0.77808 
317	5	0.04742 0.94007 0.10872 0.01522 0.31953 0.68820 
318	5	0.01259 0.51448 0.32889 0.00456 0.07985 0.80203 
319	5	0.01407 0.91144 0.13178 0.00712 0.23683 0.74604 
320	5	0.01097 0.83751 0.19429 0.00600 0.19934 0.76801 
321	5	0.14046 0.95718 0.00848 0.10676 0.66143 0.33567 
322	5	0.12058 0.76814 0.09086 0.06624 0.43318 0.51529 
323	5	0.02481 0.94028 0.06807 0.01629 0.32490 0.63798 
324	5	0.05041 0.93551 0.06911 0.02083 0.39238 0.61162 
325	5	0.06547 0.91963 0.12119 0.01791 0.28359 0.66650 
326	5	0.01207 0.89953 0.09966 0.01058 0.22627 0.69880 
327	5	0.07799 0.96732 0.08198 0.03101 0.45195 0.61418 
328	5	0.30246 0.98131 0.05863 0.11995 0.51818 0.51149 
329	5	0.02856 0.97508 0.02061 0.02740 0.50749 0.52483 
330	5	0.17850 0.99496 0.00832 0.09698 0.69589 0.40939 
331	5	0.24641 0.98940 0.00452 0.19831 0.79568 0.24971 
332	5	0.13373 0.99124 0.00276 0.11175 0.73346 0.32197 
333	5	0.01885 0.88416 0.11285 0.01013 0.24864 0.70492 
334	5	0.03796 0.94245 0.09954 0.01683 0.32493 0.69118 
335	5	0.04943 0.93220 0.08386 0.02105 0.34339 0.64434 
336	5	0.04037 0.87810 0.10793 0.01316 0.27687 0.68406 
337	5	0.50195 0.90521 0.13559 0.19021 0.37174 0.56584 
338	5	0.06938 0.71310 0.28411 0.01936 0.27494 0.73484 
339	5	0.02988 0.70690 0.29661 0.00826 0.22181 0.78836 
340	5	0.01269 0.74208 0.16746 0.01107 0.15930 0.70905 
341	5	0.03304 0.70177 0.26710 0.01074 0.13974 0.73891 
342	5	0.00588 0.52395 0.34611 0.00537 0.08544 0.80693 
343	5	0.00803 0.50163 0.29899 0.00729 0.10992 0.76703 
344	5	0.27926 0.88326 0.15299 0.06019 0.31559 0.65561 
345	5	0.15431 0.93251 0.11804 0.07674 0.48226 0.59153 
346	5	0.37714 0.94524 0.15753 0.12717 0.39606 0.63271 
347	5	0.00485 0.80651 0.28517 0.00357 0.12487 0.83844 
348	5	0.01620 0.83597 0.26944 0.00420 0.13795 0.84016 
349	5	0.08893 0.91307 0.10504 0.03364 0.41319 0.61128 
