350	5	32
0	1	0.00000 0.00007 0.00007 0.00035 0.00063 0.00114 0.00162 0.00254 0.00416 0.00505 0.00567 0.00755 0.00780 0.00825 0.00839 0.00903 0.01644 0.03569 0.05355 0.04749 0.04453 0.04817 0.03713 0.05066 0.08286 0.19041 0.21976 0.03962 0.03491 0.02592 0.00988 0.00062 
1	1	0.00003 0.00010 0.00016 0.00029 0.00082 0.00108 0.00173 0.00340 0.00468 0.00458 0.00432 0.00354 0.00370 0.00447 0.00414 0.00468 0.00592 0.00565 0.00787 0.00842 0.00918 0.01242 0.01084 0.01228 0.01738 0.03194 0.15609 0.35098 0.13500 0.09850 0.09204 0.00376 
2	1	0.00001 0.00042 0.00028 0.00071 0.00113 0.00204 0.00279 0.00564 0.00793 0.00965 0.00977 0.01095 0.01019 0.01259 0.01267 0.01433 0.01388 0.01507 0.01586 0.02690 0.06605 0.07641 0.06276 0.06721 0.07512 0.13101 0.17311 0.05939 0.03216 0.06033 0.02127 0.00235 
3	1	0.00000 0.00001 0.00003 0.00017 0.00061 0.00250 0.00795 0.01679 0.02331 0.01670 0.01450 0.01408 0.01465 0.01880 0.01603 0.01728 0.01815 0.01853 0.02249 0.02134 0.02567 0.05832 0.10720 0.10059 0.05252 0.07012 0.09523 0.08810 0.07283 0.03473 0.04361 0.00716 
4	1	0.00000 0.00000 0.00032 0.00032 0.00090 0.00246 0.00502 0.00939 0.02227 0.04533 0.05572 0.03423 0.02433 0.01606 0.01393 0.01418 0.01484 0.01560 0.01710 0.02144 0.02149 0.02947 0.05372 0.03736 0.03650 0.04676 0.05349 0.18597 0.16591 0.04663 0.00698 0.00224 
5	1	0.00002 0.00006 0.00010 0.00027 0.00072 0.00106 0.00197 0.00331 0.00700 0.01169 0.01280 0.01451 0.01243 0.01215 0.01082 0.01408 0.01507 0.01496 0.01982 0.01998 0.01973 0.01952 0.02300 0.02615 0.02634 0.03714 0.06849 0.21440 0.19494 0.16867 0.02642 0.00236 
6	1	0.00002 0.00004 0.00008 0.00038 0.00090 0.00145 0.00206 0.00509 0.00819 0.01431 0.01406 0.01474 0.01165 0.01252 0.01073 0.01397 0.01465 0.01402 0.01752 0.01638 0.01915 0.01880 0.02384 0.02372 0.03077 0.03896 0.08018 0.09156 0.23381 0.20658 0.05686 0.00301 
7	1	0.00002 0.00007 0.00020 0.00071 0.00222 0.00312 0.00515 0.00897 0.01510 0.01951 0.01768 0.02159 0.02387 0.02275 0.02151 0.01847 0.01911 0.01965 0.01968 0.02253 0.02253 0.02137 0.02642 0.02730 0.02896 0.07326 0.16596 0.18752 0.11846 0.04712 0.01905 0.00013 
8	1	0.00000 0.00016 0.00028 0.00088 0.00196 0.00342 0.00483 0.00642 0.00857 0.01079 0.01334 0.01589 0.01976 0.02374 0.02838 0.03291 0.05524 0.08562 0.09398 0.07898 0.06067 0.04805 0.04459 0.05548 0.06605 0.07147 0.07485 0.05201 0.02705 0.00862 0.00378 0.00219 
9	1	0.00001 0.00007 0.00010 0.00039 0.00137 0.00241 0.00357 0.00771 0.01399 0.01883 0.01765 0.01599 0.01588 0.01579 0.01718 0.01710 0.01952 0.02327 0.02514 0.02709 0.02825 0.02945 0.03177 0.03292 0.04634 0.13798 0.16030 0.14104 0.07875 0.02405 0.01661 0.02946 
10	1	0.00001 0.00006 0.00015 0.00037 0.00080 0.00190 0.00311 0.00347 0.00313 0.00343 0.00437 0.00567 0.00655 0.01089 0.01551 0.02100 0.02512 0.02892 0.03354 0.03267 0.04530 0.05695 0.06627 0.05765 0.05639 0.09853 0.10101 0.07897 0.10800 0.10027 0.02980 0.00015 
11	1	0.00001 0.00016 0.00043 0.00105 0.00246 0.00345 0.00613 0.01107 0.01560 0.01533 0.01357 0.01390 0.01460 0.01550 0.01626 0.01682 0.02046 0.02299 0.02350 0.02565 0.02735 0.02769 0.03027 0.07278 0.15510 0.14267 0.13779 0.08431 0.02930 0.01697 0.02252 0.01428 
12	1	0.00002 0.00015 0.00020 0.00047 0.00101 0.00169 0.00302 0.00596 0.01008 0.01291 0.01247 0.01207 0.01169 0.01333 0.01427 0.01438 0.01718 0.02019 0.02075 0.02352 0.02640 0.02879 0.03268 0.06723 0.11228 0.16513 0.10499 0.08955 0.07177 0.07173 0.01690 0.01718 
13	1	0.00001 0.00003 0.00010 0.00025 0.00098 0.00161 0.00360 0.00322 0.00444 0.00422 0.00641 0.00434 0.00597 0.00479 0.00736 0.00698 0.01133 0.01463 0.04424 0.05420 0.08633 0.09260 0.10367 0.06823 0.09290 0.06026 0.06599 0.04740 0.05263 0.03766 0.04058 0.07302 
14	1	0.00045 0.00296 0.00652 0.00862 0.01107 0.00962 0.00894 0.00787 0.00792 0.01433 0.03666 0.04967 0.05218 0.07205 0.06401 0.06685 0.06705 0.07405 0.08807 0.07055 0.05549 0.05957 0.05516 0.03932 0.02235 0.01305 0.00921 0.00677 0.00573 0.00325 0.00276 0.00788 
15	1	0.00001 0.00024 0.00035 0.00113 0.00220 0.00371 0.00642 0.00965 0.01470 0.01572 0.01715 0.01890 0.01988 0.02530 0.02183 0.02142 0.02048 0.02124 0.03030 0.03764 0.02952 0.01277 0.00884 0.00949 0.00784 0.00768 0.01154 0.05393 0.22845 0.25275 0.08889 0.00003 
16	1	0.00000 0.00001 0.00047 0.00048 0.00065 0.00121 0.00166 0.00227 0.00295 0.00344 0.00538 0.00609 0.00810 0.01066 0.02217 0.03802 0.06293 0.07799 0.03940 0.01031 0.00551 0.00587 0.00515 0.00499 0.00463 0.02480 0.12918 0.17175 0.14163 0.17107 0.04018 0.00105 
17	1	0.00000 0.00026 0.00222 0.00258 0.00514 0.00661 0.01025 0.01258 0.01640 0.01639 0.01455 0.01731 0.01533 0.01818 0.01527 0.01749 0.02236 0.03043 0.04302 0.02095 0.00895 0.00591 0.00597 0.00557 0.00451 0.00538 0.00504 0.01087 0.20122 0.42890 0.03027 0.00007 
18	1	0.00007 0.00227 0.00213 0.00392 0.00595 0.00795 0.01211 0.01185 0.01435 0.01362 0.01705 0.01611 0.02030 0.01749 0.01964 0.01747 0.02248 0.04804 0.06153 0.04516 0.01042 0.00753 0.00609 0.00665 0.00550 0.00658 0.00691 0.01847 0.22230 0.33405 0.01597 0.00004 
19	1	0.00007 0.00025 0.00024 0.00045 0.00094 0.00135 0.00204 0.00297 0.00381 0.00542 0.00727 0.01068 0.01440 0.01845 0.02289 0.02252 0.03060 0.03482 0.04180 0.05450 0.04830 0.03399 0.02557 0.02159 0.04198 0.14829 0.10087 0.06127 0.05267 0.09714 0.09094 0.00191 
20	1	0.00001 0.00012 0.00136 0.00121 0.00205 0.00392 0.00548 0.00755 0.01049 0.01532 0.01766 0.02222 0.03147 0.03344 0.03852 0.04172 0.05255 0.04957 0.05252 0.05814 0.04366 0.03490 0.03225 0.02484 0.02216 0.02197 0.02499 0.02023 0.03815 0.18865 0.09837 0.00450 
21	1	0.00000 0.00050 0.00235 0.00383 0.00967 0.01714 0.02347 0.02432 0.02017 0.01898 0.01890 0.02057 0.02233 0.02330 0.02543 0.02335 0.02749 0.02898 0.03051 0.03206 0.03381 0.03487 0.03387 0.03610 0.09570 0.14337 0.10111 0.05743 0.05851 0.02883 0.00301 0.00002 
22	1	0.00001 0.00000 0.00008 0.00012 0.00023 0.00046 0.00089 0.00152 0.00276 0.00408 0.00451 0.00533 0.00680 0.00858 0.01102 0.01340 0.01822 0.01848 0.02241 0.02744 0.03297 0.03241 0.03011 0.02245 0.02046 0.02325 0.18327 0.18330 0.09070 0.19665 0.03802 0.00004 
23	1	0.00005 0.00022 0.00027 0.00070 0.00132 0.00234 0.00360 0.00545 0.00602 0.00585 0.00695 0.00849 0.01182 0.01645 0.02278 0.03055 0.03779 0.02695 0.02172 0.01817 0.01587 0.01357 0.01278 0.01612 0.12276 0.12712 0.09027 0.07133 0.07667 0.18976 0.03617 0.00008 
24	1	0.00006 0.00033 0.00030 0.00090 0.00174 0.00294 0.00615 0.00503 0.00496 0.00537 0.00782 0.01004 0.01818 0.02200 0.02951 0.02260 0.01772 0.01657 0.01255 0.01153 0.00888 0.01037 0.08126 0.17986 0.10740 0.06600 0.07271 0.07826 0.16582 0.02242 0.00792 0.00277 
25	1	0.01345 0.00000 0.00715 0.00565 0.00480 0.00877 0.01149 0.01004 0.00777 0.01207 0.00913 0.01264 0.01049 0.01437 0.01375 0.01353 0.01529 0.01692 0.01814 0.01845 0.02056 0.02175 0.05903 0.10265 0.07453 0.07145 0.06040 0.09906 0.09137 0.07126 0.03195 0.07207 
26	1	0.00001 0.00001 0.00005 0.00017 0.00050 0.00137 0.00245 0.00457 0.00443 0.00507 0.00485 0.00647 0.00743 0.01237 0.01463 0.02002 0.02837 0.02797 0.03663 0.03670 0.05123 0.05520 0.07363 0.05632 0.08325 0.10371 0.11799 0.06217 0.12144 0.05985 0.00103 0.00007 
27	1	0.00004 0.00218 0.00332 0.00348 0.00597 0.00612 0.00987 0.01288 0.01386 0.01540 0.01414 0.01470 0.01543 0.01806 0.01719 0.01738 0.01810 0.01985 0.03024 0.04963 0.05457 0.02715 0.11975 0.08088 0.07342 0.06342 0.06378 0.06691 0.04610 0.04778 0.03545 0.03290 
28	1	0.00004 0.00009 0.00012 0.00027 0.00049 0.00090 0.00134 0.00192 0.00292 0.00338 0.00482 0.00565 0.00605 0.00734 0.00843 0.00860 0.01016 0.01282 0.01584 0.01996 0.03009 0.03804 0.03402 0.03774 0.04319 0.17989 0.24838 0.06604 0.16200 0.04164 0.00775 0.00010 
29	1	0.00001 0.00012 0.00007 0.00020 0.00041 0.00066 0.00076 0.00153 0.00207 0.00300 0.00390 0.00459 0.00502 0.00618 0.00715 0.00840 0.01000 0.01372 0.02052 0.02660 0.04162 0.05246 0.05016 0.03669 0.04534 0.20600 0.23047 0.04938 0.15923 0.01133 0.00236 0.00004 
30	1	0.00001 0.00002 0.00003 0.00007 0.00010 0.00026 0.00058 0.00104 0.00253 0.00382 0.00497 0.00544 0.00757 0.00875 0.00957 0.00795 0.00906 0.01012 0.01223 0.01565 0.01794 0.02869 0.03769 0.04225 0.03255 0.03021 0.02415 0.07663 0.16102 0.33964 0.10942 0.00003 
31	1	0.00001 0.00000 0.00002 0.00002 0.00010 0.00022 0.00050 0.00120 0.00186 0.00267 0.00406 0.00452 0.00566 0.00589 0.00796 0.00660 0.00677 0.00870 0.00882 0.01143 0.01563 0.02822 0.03169 0.03453 0.03540 0.02233 0.01849 0.03751 0.14762 0.27025 0.25065 0.03067 
32	1	0.00000 0.00007 0.00021 0.00037 0.00067 0.00099 0.00147 0.00263 0.00475 0.00608 0.00942 0.01021 0.01032 0.00947 0.01467 0.02158 0.02857 0.02945 0.02312 0.02110 0.01491 0.01093 0.00920 0.01076 0.01210 0.02817 0.23932 0.22470 0.09159 0.15995 0.00315 0.00005 
33	1	0.00001 0.00002 0.00009 0.00038 0.00177 0.00415 0.01060 0.01381 0.01981 0.01955 0.02255 0.03336 0.03356 0.04714 0.04680 0.04968 0.06016 0.05190 0.05357 0.04008 0.04119 0.03463 0.03481 0.03648 0.02292 0.03272 0.06957 0.09337 0.05996 0.04024 0.02502 0.00009 
34	1	0.00001 0.00011 0.00008 0.00018 0.00049 0.00141 0.00317 0.00436 0.00706 0.01117 0.01339 0.01987 0.02362 0.02622 0.02332 0.02796 0.02651 0.02442 0.02956 0.03040 0.03147 0.02539 0.04312 0.08732 0.06496 0.12994 0.13712 0.10592 0.06064 0.04022 0.00052 0.00004 
35	1	0.00011 0.00040 0.00059 0.00131 0.00187 0.00304 0.00360 0.00369 0.00357 0.00404 0.00406 0.00499 0.00656 0.00727 0.00869 0.00995 0.01369 0.01487 0.02033 0.03774 0.05014 0.05938 0.05657 0.06384 0.09158 0.17211 0.08075 0.03744 0.03253 0.13467 0.07046 0.00014 
36	1	0.00002 0.00020 0.00061 0.00073 0.00130 0.00201 0.00300 0.00367 0.00341 0.00376 0.00382 0.00430 0.00510 0.00637 0.00793 0.00822 0.01047 0.01215 0.01510 0.02220 0.03498 0.05243 0.05969 0.08495 0.08559 0.16870 0.05234 0.02732 0.03677 0.28095 0.00188 0.00002 
37	1	0.00008 0.00560 0.00892 0.01378 0.02991 0.05290 0.04225 0.02280 0.01590 0.01361 0.01262 0.01373 0.01660 0.02071 0.03336 0.06808 0.04801 0.05249 0.01925 0.00643 0.00701 0.00802 0.01039 0.01271 0.05568 0.10725 0.13081 0.10147 0.03634 0.01231 0.01180 0.00915 
38	1	0.00002 0.00018 0.00058 0.00083 0.00207 0.00442 0.00632 0.00850 0.01142 0.01101 0.01142 0.01040 0.01236 0.01386 0.01675 0.01894 0.02351 0.02243 0.02457 0.02811 0.03459 0.04703 0.04505 0.05062 0.08765 0.17511 0.15384 0.07577 0.07273 0.02220 0.00745 0.00022 
39	1	0.00011 0.00049 0.00077 0.00205 0.00384 0.00770 0.01444 0.02163 0.02151 0.02308 0.02102 0.02321 0.02363 0.03118 0.03528 0.03592 0.04614 0.04945 0.05236 0.04822 0.05552 0.05890 0.06214 0.05035 0.06530 0.07992 0.08764 0.04376 0.02564 0.00578 0.00287 0.00012 
40	1	0.00001 0.00001 0.00005 0.00018 0.00060 0.00143 0.00228 0.00503 0.00624 0.00784 0.00742 0.00673 0.00979 0.01217 0.01389 0.02189 0.02799 0.03118 0.04300 0.05471 0.05678 0.07114 0.07338 0.05542 0.05201 0.09994 0.12295 0.08551 0.09252 0.02220 0.01558 0.00012 
41	1	0.00002 0.00007 0.00016 0.00025 0.00057 0.00114 0.00186 0.00314 0.00397 0.00386 0.00521 0.00686 0.00860 0.01474 0.02179 0.02672 0.03804 0.04448 0.04980 0.04635 0.05336 0.05591 0.04957 0.03802 0.03865 0.06299 0.11006 0.16606 0.09726 0.04470 0.00579 0.00000 
42	1	0.00000 0.00014 0.00014 0.00018 0.00041 0.00077 0.00095 0.00178 0.00260 0.00377 0.00751 0.01185 0.01467 0.02153 0.02431 0.02347 0.02749 0.02891 0.03010 0.02855 0.03277 0.04275 0.08582 0.09485 0.12199 0.09804 0.10327 0.08088 0.06471 0.04498 0.00073 0.00005 
43	1	0.00005 0.00035 0.00030 0.00081 0.00164 0.00258 0.00342 0.00707 0.00813 0.00676 0.00625 0.00492 0.00517 0.00629 0.00578 0.00635 0.00841 0.00801 0.01092 0.01130 0.01307 0.01623 0.01750 0.02862 0.06670 0.11767 0.19210 0.20587 0.06902 0.06740 0.08411 0.01720 
44	1	0.00002 0.00007 0.00011 0.00031 0.00047 0.00097 0.00137 0.00185 0.00232 0.00204 0.00195 0.00195 0.00226 0.00220 0.00277 0.00258 0.00311 0.00410 0.00416 0.00605 0.00690 0.00955 0.01662 0.05230 0.11581 0.24902 0.19712 0.12755 0.08791 0.04262 0.03950 0.01442 
45	1	0.00005 0.00012 0.00021 0.00073 0.00144 0.00330 0.00753 0.02043 0.03797 0.06541 0.06986 0.04784 0.02798 0.02222 0.01802 0.01448 0.01522 0.01614 0.01702 0.01656 0.02117 0.02558 0.03205 0.04886 0.03472 0.03077 0.03685 0.11377 0.16717 0.07750 0.00809 0.00091 
46	1	0.00001 0.00010 0.00011 0.00034 0.00087 0.00159 0.00217 0.00458 0.00691 0.00930 0.00972 0.01030 0.00974 0.01185 0.01181 0.01312 0.01280 0.01317 0.01385 0.01898 0.04951 0.07865 0.09213 0.05637 0.04105 0.05465 0.14788 0.25816 0.04574 0.01364 0.00990 0.00099 
47	1	0.00000 0.00001 0.00006 0.00008 0.00023 0.00045 0.00086 0.00186 0.00291 0.00489 0.00503 0.00640 0.00718 0.00699 0.00849 0.00893 0.00809 0.01008 0.00927 0.02087 0.05098 0.06033 0.11126 0.09358 0.08146 0.05761 0.10127 0.20677 0.07898 0.03237 0.01899 0.00370 
48	1	0.00004 0.00147 0.00251 0.00290 0.00460 0.00522 0.00892 0.01200 0.01440 0.01549 0.01284 0.01389 0.01442 0.01787 0.01619 0.01709 0.01860 0.01967 0.02618 0.03354 0.06339 0.04125 0.06293 0.12016 0.07766 0.05715 0.05545 0.07380 0.05113 0.05053 0.04986 0.03886 
49	1	0.00003 0.00002 0.00004 0.00015 0.00041 0.00047 0.00096 0.00151 0.00237 0.00315 0.00305 0.00432 0.00521 0.00534 0.00519 0.00627 0.00674 0.00591 0.01152 0.03648 0.04899 0.06753 0.08184 0.11474 0.11271 0.16954 0.14575 0.05834 0.03635 0.03068 0.02864 0.00573 
50	1	0.00000 0.00002 0.00006 0.00014 0.00027 0.00047 0.00097 0.00145 0.00194 0.00299 0.00360 0.00426 0.00422 0.00568 0.00668 0.00664 0.00876 0.00957 0.01025 0.01286 0.02583 0.09587 0.09423 0.09896 0.11392 0.12664 0.19682 0.07938 0.03376 0.02726 0.02300 0.00348 
51	1	0.00004 0.00013 0.00037 0.00079 0.00149 0.00178 0.00277 0.00494 0.00608 0.00908 0.00787 0.00810 0.00838 0.00807 0.01053 0.01318 0.01418 0.01742 0.01430 0.01571 0.01568 0.01450 0.01786 0.01881 0.03117 0.06806 0.10523 0.11544 0.10448 0.20908 0.15396 0.00051 
52	1	0.00001 0.00007 0.00022 0.00066 0.00104 0.00157 0.00243 0.00494 0.00665 0.00949 0.00809 0.00891 0.00748 0.00865 0.00775 0.01034 0.01068 0.01057 0.01285 0.01201 0.01434 0.01392 0.01795 0.02127 0.04073 0.09974 0.24961 0.14120 0.12078 0.12145 0.03411 0.00046 
53	1	0.00014 0.00160 0.00090 0.00123 0.00239 0.00387 0.00761 0.00550 0.00516 0.00491 0.00512 0.00847 0.00995 0.00832 0.00723 0.00845 0.00887 0.00907 0.01189 0.01387 0.01660 0.01700 0.02414 0.05755 0.10871 0.10998 0.20681 0.16865 0.05872 0.06480 0.04077 0.00174 
54	1	0.00005 0.00077 0.00046 0.00075 0.00129 0.00163 0.00333 0.00530 0.00560 0.00467 0.00406 0.00483 0.00742 0.00719 0.00597 0.00508 0.00610 0.00610 0.00659 0.00776 0.00903 0.01090 0.01335 0.01492 0.02311 0.05366 0.12500 0.45815 0.10922 0.08033 0.01726 0.00011 
55	1	0.00000 0.00007 0.00053 0.00173 0.00468 0.00806 0.01119 0.01205 0.00830 0.00432 0.00231 0.00165 0.00165 0.00185 0.00174 0.00180 0.00196 0.00185 0.00190 0.00205 0.00242 0.02221 0.01641 0.02013 0.25417 0.25817 0.18107 0.10296 0.04418 0.02236 0.00620 0.00002 
56	1	0.00001 0.00007 0.00059 0.00229 0.00601 0.00755 0.01216 0.01061 0.00688 0.00447 0.00206 0.00167 0.00180 0.00154 0.00172 0.00164 0.00155 0.00185 0.00170 0.00219 0.00166 0.00209 0.00271 0.00275 0.00407 0.26945 0.18726 0.23448 0.13159 0.06754 0.02517 0.00286 
57	1	0.00010 0.00121 0.00122 0.00205 0.00267 0.00365 0.00449 0.00496 0.00827 0.00816 0.01223 0.01975 0.03110 0.06341 0.07264 0.05722 0.02052 0.00484 0.00299 0.00222 0.00223 0.00230 0.00216 0.00331 0.04998 0.14374 0.12713 0.12930 0.16904 0.04048 0.00641 0.00022 
58	1	0.00000 0.00046 0.00268 0.00260 0.00453 0.00673 0.00698 0.00905 0.01025 0.01021 0.01380 0.01757 0.02053 0.03666 0.06075 0.07458 0.07214 0.02715 0.00690 0.00374 0.00386 0.00339 0.00299 0.00326 0.00787 0.02360 0.12339 0.13531 0.18715 0.10732 0.01384 0.00072 
59	1	0.00004 0.00540 0.00789 0.00593 0.00798 0.00992 0.01192 0.01188 0.01087 0.01222 0.01165 0.01260 0.01312 0.01659 0.01549 0.01944 0.02516 0.03634 0.05352 0.02185 0.06347 0.04846 0.05689 0.06162 0.09245 0.09495 0.07918 0.07416 0.05214 0.03402 0.01829 0.01457 
60	1	0.00001 0.00024 0.00260 0.00272 0.00412 0.00783 0.00872 0.01480 0.01462 0.01732 0.01544 0.01874 0.01725 0.02295 0.02661 0.04733 0.06947 0.06938 0.05721 0.01976 0.00793 0.00550 0.00569 0.00457 0.00526 0.00462 0.00557 0.01573 0.31666 0.18869 0.00263 0.00001 
61	1	0.00003 0.00031 0.00348 0.00278 0.00427 0.00597 0.00852 0.00844 0.00899 0.01025 0.01336 0.01387 0.01833 0.02651 0.05554 0.07664 0.07352 0.03742 0.00921 0.00470 0.00396 0.00447 0.00372 0.00357 0.00354 0.00642 0.06013 0.12542 0.27303 0.13093 0.00264 0.00002 
62	1	0.00002 0.00004 0.00004 0.00009 0.00016 0.00022 0.00037 0.00052 0.00083 0.00150 0.00298 0.00550 0.01034 0.01862 0.02420 0.02564 0.06267 0.07992 0.06480 0.08625 0.12700 0.08151 0.04813 0.04110 0.04542 0.06511 0.05649 0.05159 0.05633 0.03325 0.00919 0.00017 
63	1	0.00002 0.00028 0.00020 0.00030 0.00042 0.00073 0.00080 0.00121 0.00156 0.00212 0.00337 0.00676 0.01392 0.02703 0.03800 0.02789 0.01141 0.00843 0.04000 0.13178 0.09015 0.07858 0.05053 0.05124 0.07571 0.08781 0.06065 0.05482 0.07790 0.04469 0.01140 0.00025 
64	1	0.00004 0.00015 0.00021 0.00081 0.00198 0.00557 0.01146 0.01857 0.04059 0.05692 0.10475 0.12650 0.11767 0.05365 0.03667 0.01665 0.00912 0.00755 0.00657 0.00744 0.00658 0.00742 0.00615 0.00706 0.00651 0.00706 0.00737 0.13704 0.18077 0.01035 0.00078 0.00004 
65	1	0.00011 0.00104 0.00272 0.01009 0.01718 0.03060 0.03989 0.06370 0.09992 0.11030 0.07159 0.03599 0.01482 0.00542 0.00496 0.00504 0.00467 0.00442 0.00349 0.00387 0.00383 0.00457 0.00495 0.00636 0.02572 0.17824 0.19076 0.02873 0.01436 0.01060 0.00196 0.00007 
66	1	0.00001 0.00094 0.00179 0.00548 0.01643 0.03198 0.03878 0.08693 0.07866 0.04053 0.02576 0.01287 0.00578 0.00533 0.00499 0.00488 0.00430 0.00397 0.00385 0.00395 0.00585 0.00553 0.05051 0.09659 0.23087 0.16195 0.03167 0.01736 0.01508 0.00653 0.00077 0.00009 
67	1	0.00006 0.00005 0.00021 0.00101 0.00244 0.00855 0.01634 0.02362 0.02979 0.04875 0.05653 0.06510 0.06935 0.06270 0.04955 0.04233 0.03582 0.02145 0.01341 0.00864 0.00689 0.00699 0.00749 0.00685 0.00687 0.00690 0.00717 0.01840 0.10890 0.26520 0.00258 0.00004 
68	1	0.00002 0.00002 0.00004 0.00007 0.00025 0.00048 0.00111 0.00262 0.00482 0.01027 0.01662 0.01918 0.01533 0.01737 0.01899 0.01721 0.02033 0.02118 0.02198 0.02011 0.02476 0.02679 0.06190 0.12632 0.12552 0.06477 0.07350 0.07127 0.11574 0.05772 0.04057 0.00315 
69	1	0.00000 0.00005 0.00005 0.00012 0.00042 0.00067 0.00180 0.00284 0.00559 0.00962 0.00955 0.01220 0.01283 0.01367 0.01256 0.01465 0.01538 0.01397 0.01651 0.01796 0.04211 0.07185 0.08470 0.06760 0.05378 0.05400 0.06500 0.13318 0.16317 0.05764 0.04129 0.00519 
70	2	0.00010 0.00293 0.00639 0.01064 0.01815 0.02162 0.03557 0.03294 0.03142 0.02650 0.02183 0.01863 0.02557 0.03742 0.04549 0.05039 0.06568 0.10594 0.09622 0.07379 0.03954 0.03023 0.02800 0.02606 0.02804 0.03545 0.02925 0.02594 0.01554 0.00772 0.00424 0.00276 
71	2	0.00020 0.00410 0.00805 0.01559 0.02822 0.04040 0.04283 0.03963 0.03295 0.03094 0.02262 0.01870 0.01584 0.01710 0.02034 0.02926 0.04356 0.07463 0.12509 0.09194 0.05922 0.03231 0.02926 0.02572 0.02738 0.02625 0.02688 0.03017 0.02050 0.01137 0.00702 0.00192 
72	2	0.00003 0.00290 0.00601 0.01183 0.02232 0.03149 0.03401 0.03203 0.03094 0.03062 0.02397 0.02156 0.02385 0.03243 0.03989 0.05382 0.07929 0.10352 0.08501 0.04309 0.03250 0.02608 0.02602 0.02710 0.03497 0.04047 0.03986 0.03713 0.01667 0.00649 0.00327 0.00080 
73	2	0.00044 0.00617 0.01198 0.01658 0.03910 0.03012 0.02981 0.02879 0.02709 0.02283 0.02902 0.04369 0.06257 0.06860 0.07505 0.08147 0.05529 0.03787 0.03283 0.03006 0.02677 0.02968 0.02804 0.03144 0.03123 0.03350 0.03708 0.02700 0.01340 0.00564 0.00411 0.00273 
74	2	0.00056 0.00717 0.01260 0.01834 0.03523 0.04133 0.04359 0.03575 0.02710 0.02030 0.02000 0.01817 0.02017 0.02727 0.04064 0.06585 0.09159 0.07400 0.05968 0.04257 0.02863 0.02507 0.02069 0.02253 0.02667 0.03246 0.04977 0.05354 0.03031 0.00663 0.00150 0.00028 
75	2	0.00002 0.00000 0.00003 0.00056 0.00097 0.00103 0.00145 0.00149 0.00189 0.00370 0.00488 0.00749 0.01581 0.02084 0.03163 0.04551 0.08717 0.09918 0.12524 0.17945 0.13712 0.11086 0.08172 0.01856 0.00556 0.00466 0.00277 0.00232 0.00281 0.00248 0.00254 0.00025 
76	2	0.00002 0.00000 0.00000 0.00002 0.00008 0.00037 0.00022 0.00062 0.00089 0.00193 0.00477 0.00552 0.00756 0.01134 0.01554 0.02241 0.04673 0.05526 0.07322 0.08500 0.09507 0.13574 0.12558 0.11156 0.05917 0.04132 0.04225 0.02566 0.01496 0.00810 0.00589 0.00319 
77	2	0.00005 0.00004 0.00004 0.00005 0.00009 0.00017 0.00014 0.00048 0.00091 0.00129 0.00127 0.00231 0.00339 0.00695 0.01022 0.02172 0.03092 0.05179 0.11556 0.12295 0.18342 0.13170 0.13542 0.05514 0.03065 0.02028 0.01943 0.03081 0.01530 0.00461 0.00169 0.00120 
78	2	0.00003 0.00035 0.00210 0.00602 0.00943 0.01224 0.01394 0.01700 0.02191 0.01921 0.01922 0.02506 0.03121 0.02792 0.02022 0.01502 0.01291 0.01326 0.01435 0.01929 0.02907 0.04223 0.07443 0.34772 0.09219 0.02588 0.01756 0.01791 0.02177 0.02233 0.00750 0.00070 
79	2	0.00002 0.00014 0.00045 0.00182 0.00593 0.01072 0.01819 0.01764 0.01861 0.02052 0.02271 0.02252 0.02013 0.02004 0.01930 0.01454 0.01742 0.01966 0.02759 0.04326 0.05109 0.06272 0.17122 0.26076 0.05820 0.02042 0.01024 0.01396 0.01365 0.01064 0.00544 0.00045 
80	2	0.00002 0.00022 0.00093 0.00217 0.00360 0.00477 0.00739 0.01166 0.01899 0.02674 0.03435 0.03901 0.04203 0.03712 0.03440 0.03194 0.03062 0.03125 0.03112 0.03133 0.03070 0.02730 0.02628 0.42605 0.02318 0.01296 0.01068 0.00774 0.00593 0.00439 0.00401 0.00110 
81	2	0.00000 0.00001 0.00010 0.00029 0.00092 0.00161 0.00232 0.00317 0.00446 0.00531 0.00565 0.00544 0.00579 0.00643 0.00717 0.01091 0.01417 0.01417 0.01128 0.01245 0.01886 0.04273 0.04435 0.07166 0.12557 0.16171 0.12412 0.11183 0.08077 0.06563 0.04055 0.00058 
82	2	0.00107 0.00380 0.00422 0.00325 0.00239 0.00257 0.00329 0.00590 0.00958 0.01428 0.02947 0.03205 0.01871 0.02548 0.03782 0.05031 0.06722 0.11419 0.15080 0.08710 0.03724 0.03827 0.03920 0.03358 0.02201 0.01268 0.01289 0.01776 0.03517 0.05685 0.02992 0.00092 
83	2	0.00004 0.00007 0.00005 0.00012 0.00042 0.00132 0.00421 0.00617 0.01006 0.01757 0.03145 0.02249 0.02757 0.04177 0.04935 0.04350 0.07609 0.11312 0.14468 0.02705 0.01963 0.02529 0.02861 0.02638 0.01985 0.02774 0.03367 0.05330 0.06895 0.05680 0.02259 0.00006 
84	2	0.00001 0.00000 0.00000 0.00000 0.00004 0.00004 0.00010 0.00024 0.00046 0.00236 0.00473 0.00907 0.02032 0.03985 0.06914 0.09160 0.11902 0.18887 0.27125 0.03817 0.01343 0.00987 0.00991 0.00622 0.00735 0.00795 0.01139 0.01641 0.02265 0.02326 0.01490 0.00138 
85	2	0.00006 0.00055 0.00191 0.00370 0.00428 0.00767 0.01302 0.02742 0.02984 0.05546 0.06233 0.06567 0.06282 0.09588 0.12145 0.12335 0.05667 0.02935 0.02169 0.01575 0.01981 0.01984 0.01887 0.01119 0.01230 0.01166 0.01723 0.01886 0.03043 0.03059 0.01030 0.00003 
86	2	0.00048 0.00155 0.00627 0.00529 0.00736 0.00390 0.00360 0.00462 0.00707 0.01195 0.01661 0.02340 0.02772 0.02025 0.02345 0.03706 0.05140 0.07117 0.12305 0.17283 0.07106 0.03658 0.03520 0.03362 0.03087 0.03280 0.03242 0.04021 0.03590 0.02768 0.00458 0.00003 
87	2	0.00002 0.00017 0.00045 0.00045 0.00102 0.00180 0.00310 0.00583 0.01072 0.01687 0.02761 0.04086 0.03844 0.03501 0.04136 0.04911 0.05529 0.07124 0.11165 0.13915 0.04319 0.03817 0.03120 0.02768 0.02618 0.02958 0.03508 0.05303 0.04400 0.02016 0.00153 0.00003 
88	2	0.00002 0.00020 0.00051 0.00066 0.00111 0.00167 0.00307 0.00598 0.00914 0.01807 0.03519 0.03319 0.02772 0.04199 0.05134 0.05758 0.06597 0.10235 0.16317 0.08346 0.03593 0.03198 0.03147 0.02453 0.02845 0.02561 0.02630 0.03425 0.03670 0.01978 0.00258 0.00003 
89	2	0.00000 0.00004 0.00031 0.00134 0.00435 0.01059 0.02644 0.05773 0.06861 0.05990 0.03684 0.03672 0.02115 0.01477 0.00974 0.00727 0.01104 0.01699 0.03403 0.05237 0.10055 0.12816 0.10632 0.12105 0.03449 0.00953 0.00782 0.00628 0.00590 0.00722 0.00235 0.00012 
90	2	0.00001 0.00000 0.00002 0.00012 0.00025 0.00118 0.00440 0.00700 0.01064 0.00959 0.01797 0.01981 0.02390 0.02968 0.03946 0.02238 0.02052 0.04248 0.06130 0.07514 0.09462 0.16127 0.17601 0.09052 0.02499 0.02222 0.01250 0.00902 0.00830 0.00858 0.00540 0.00070 
91	2	0.00000 0.00000 0.00002 0.00009 0.00020 0.00030 0.00042 0.00026 0.00048 0.00082 0.00095 0.00120 0.00210 0.00230 0.00343 0.00395 0.00475 0.00693 0.00768 0.01071 0.01127 0.01446 0.24422 0.48237 0.15591 0.01605 0.01050 0.00817 0.00452 0.00314 0.00218 0.00060 
92	2	0.00000 0.00000 0.00005 0.00016 0.00042 0.00163 0.00449 0.01045 0.01805 0.02115 0.02300 0.02192 0.01875 0.01808 0.01926 0.03022 0.09446 0.15512 0.07584 0.04687 0.07032 0.07547 0.04806 0.05364 0.05197 0.05112 0.04535 0.02864 0.01099 0.00335 0.00095 0.00022 
93	2	0.00000 0.00000 0.00000 0.00000 0.00002 0.00017 0.00053 0.00120 0.00374 0.00930 0.01930 0.03267 0.06114 0.08275 0.06745 0.06514 0.05456 0.04804 0.06023 0.07137 0.07287 0.10064 0.08080 0.05867 0.06232 0.02967 0.01068 0.00357 0.00180 0.00098 0.00032 0.00004 
94	2	0.00000 0.00003 0.00008 0.00022 0.00124 0.00340 0.00926 0.02020 0.03164 0.05301 0.04754 0.05072 0.04805 0.03760 0.04457 0.04145 0.05656 0.06827 0.06332 0.06918 0.06983 0.05101 0.05673 0.05063 0.05728 0.03775 0.01804 0.00884 0.00253 0.00089 0.00010 0.00001 
95	2	0.00000 0.00000 0.00001 0.00002 0.00009 0.00030 0.00082 0.00235 0.00505 0.01187 0.03207 0.04114 0.04990 0.04680 0.05343 0.05559 0.04661 0.04448 0.04869 0.06090 0.09228 0.15060 0.11920 0.07370 0.03582 0.01632 0.00761 0.00267 0.00083 0.00042 0.00027 0.00015 
96	2	0.00001 0.00001 0.00004 0.00003 0.00013 0.00062 0.00135 0.00380 0.01108 0.06352 0.05775 0.02972 0.02956 0.03165 0.03218 0.03636 0.04630 0.04862 0.05022 0.06141 0.05610 0.06273 0.07847 0.06814 0.06843 0.06499 0.05972 0.02699 0.00879 0.00118 0.00008 0.00001 
97	2	0.00000 0.00001 0.00007 0.00016 0.00020 0.00035 0.00091 0.00141 0.00162 0.00458 0.03408 0.10780 0.06991 0.05338 0.04630 0.05015 0.04685 0.05905 0.08230 0.11013 0.09912 0.05648 0.04334 0.03652 0.03511 0.02364 0.01745 0.01156 0.00466 0.00219 0.00063 0.00001 
98	2	0.00000 0.00000 0.00001 0.00005 0.00015 0.00015 0.00043 0.00087 0.00138 0.00398 0.05871 0.07543 0.04437 0.03197 0.02354 0.02259 0.02998 0.04526 0.08606 0.07869 0.05469 0.04428 0.04688 0.12614 0.10547 0.06768 0.03222 0.01387 0.00361 0.00097 0.00045 0.00010 
99	2	0.00000 0.00001 0.00002 0.00005 0.00021 0.00042 0.00050 0.00053 0.00047 0.00063 0.00047 0.00081 0.03530 0.18610 0.10142 0.04741 0.02644 0.02939 0.02997 0.04261 0.05690 0.07082 0.10379 0.07558 0.07143 0.05461 0.03357 0.01845 0.00761 0.00366 0.00075 0.00002 
100	2	0.00001 0.00006 0.00034 0.00017 0.00043 0.00060 0.00039 0.00058 0.00057 0.01135 0.14553 0.07360 0.00796 0.00803 0.00836 0.01079 0.01917 0.04140 0.11102 0.10326 0.09214 0.06691 0.06821 0.06004 0.07838 0.05460 0.02470 0.00750 0.00315 0.00067 0.00009 0.00000 
101	2	0.00001 0.00003 0.00004 0.00027 0.00030 0.00045 0.00043 0.00045 0.00052 0.00054 0.00069 0.04139 0.13447 0.04562 0.01148 0.00761 0.00799 0.00908 0.01769 0.04329 0.13676 0.13218 0.10030 0.06516 0.05189 0.05595 0.04206 0.05903 0.02673 0.00637 0.00121 0.00002 
102	2	0.00001 0.00005 0.00019 0.00065 0.00164 0.00337 0.00392 0.00564 0.00934 0.01179 0.01744 0.02288 0.02236 0.02709 0.02966 0.02746 0.03628 0.03881 0.04550 0.06448 0.44638 0.04672 0.03192 0.03061 0.02407 0.01558 0.01305 0.00913 0.00577 0.00426 0.00287 0.00105 
103	2	0.00003 0.00014 0.00069 0.00161 0.00352 0.00482 0.00837 0.01057 0.01924 0.02790 0.02757 0.03964 0.05130 0.07347 0.08027 0.07693 0.06611 0.05022 0.06175 0.06393 0.06897 0.06288 0.07546 0.05460 0.03419 0.02487 0.00845 0.00213 0.00028 0.00005 0.00000 0.00000 
104	2	0.00001 0.00003 0.00015 0.00093 0.00677 0.01237 0.01294 0.01532 0.01760 0.02225 0.04997 0.08630 0.07999 0.08282 0.06191 0.04299 0.05327 0.05671 0.07168 0.07779 0.09986 0.07677 0.03864 0.02209 0.00735 0.00178 0.00101 0.00062 0.00007 0.00001 0.00002 0.00000 
105	2	0.00003 0.00029 0.00481 0.04974 0.08730 0.08509 0.03072 0.02784 0.02815 0.03627 0.03432 0.04438 0.03917 0.05832 0.05204 0.04961 0.05170 0.03625 0.04096 0.03042 0.03402 0.02608 0.03158 0.02679 0.02975 0.02709 0.02292 0.00857 0.00387 0.00139 0.00050 0.00005 
106	2	0.00000 0.00000 0.00000 0.00001 0.00013 0.00101 0.00434 0.01047 0.01510 0.02852 0.04097 0.04797 0.05421 0.06542 0.08475 0.09665 0.11515 0.07049 0.04736 0.03836 0.03536 0.04039 0.05718 0.05052 0.04570 0.02477 0.01260 0.00669 0.00343 0.00151 0.00082 0.00010 
107	2	0.00001 0.00000 0.00004 0.00015 0.00042 0.00140 0.00510 0.01132 0.01948 0.02822 0.02913 0.04191 0.04786 0.04934 0.05138 0.04930 0.05114 0.05116 0.05938 0.07595 0.09200 0.09719 0.11196 0.06817 0.04050 0.01444 0.00262 0.00034 0.00003 0.00002 0.00001 0.00000 
108	2	0.00000 0.00002 0.00001 0.00004 0.00293 0.03130 0.08424 0.06329 0.03420 0.02549 0.01925 0.02275 0.02408 0.02545 0.03239 0.03666 0.06748 0.08475 0.07528 0.06236 0.05188 0.03814 0.04168 0.04351 0.04738 0.04032 0.02103 0.01444 0.00726 0.00204 0.00030 0.00002 
109	2	0.00000 0.00000 0.00000 0.00002 0.00014 0.00311 0.05109 0.13879 0.07672 0.03431 0.02373 0.02083 0.01948 0.02062 0.02471 0.02808 0.03328 0.04093 0.04501 0.04734 0.04858 0.04947 0.05893 0.06475 0.06492 0.04729 0.03078 0.01680 0.00702 0.00256 0.00061 0.00006 
110	2	0.00000 0.00000 0.00003 0.00002 0.00014 0.00037 0.00070 0.00109 0.00086 0.00097 0.00099 0.00097 0.00164 0.00914 0.07630 0.08698 0.03658 0.03405 0.04231 0.06042 0.11570 0.07686 0.07195 0.08702 0.10459 0.08218 0.05877 0.02951 0.01592 0.00376 0.00013 0.00001 
111	2	0.00001 0.00014 0.00090 0.00122 0.01039 0.00320 0.00214 0.00190 0.00257 0.00484 0.00859 0.01500 0.02588 0.03411 0.04655 0.05219 0.05400 0.05700 0.06352 0.08030 0.08570 0.10551 0.10509 0.07870 0.06251 0.05403 0.02575 0.00863 0.00396 0.00236 0.00197 0.00134 
112	2	0.00000 0.00001 0.00005 0.00011 0.00037 0.00090 0.00177 0.00422 0.00940 0.01537 0.01763 0.02144 0.02690 0.02320 0.02327 0.01985 0.05687 0.14630 0.14154 0.06472 0.05048 0.12474 0.04363 0.04431 0.03796 0.03649 0.04112 0.02970 0.01293 0.00420 0.00041 0.00010 
113	2	0.00001 0.00002 0.00008 0.00028 0.00110 0.00173 0.00371 0.00338 0.00573 0.00698 0.01240 0.01295 0.02228 0.02021 0.02898 0.02584 0.03692 0.03206 0.04897 0.24475 0.33307 0.03418 0.03602 0.02244 0.02192 0.01247 0.01205 0.00685 0.00584 0.00309 0.00277 0.00092 
114	2	0.00002 0.00005 0.00012 0.00060 0.00181 0.00322 0.00470 0.00642 0.00955 0.01712 0.02547 0.03779 0.04236 0.05197 0.05152 0.04162 0.04719 0.04720 0.05095 0.04634 0.17080 0.18140 0.04259 0.02928 0.02655 0.02073 0.01482 0.00955 0.00767 0.00544 0.00389 0.00126 
115	2	0.00004 0.00012 0.00019 0.00040 0.00191 0.00379 0.00394 0.00803 0.01360 0.02582 0.03837 0.04968 0.07320 0.07235 0.05902 0.05787 0.05297 0.04275 0.04835 0.04742 0.08189 0.19392 0.03562 0.02412 0.02085 0.01326 0.01148 0.00788 0.00473 0.00363 0.00210 0.00067 
116	2	0.00027 0.00329 0.00429 0.00592 0.00767 0.00851 0.01012 0.00890 0.00988 0.01277 0.01869 0.02782 0.03868 0.04697 0.06162 0.07752 0.07648 0.07362 0.06177 0.05717 0.04562 0.04139 0.04246 0.14645 0.06406 0.01998 0.01078 0.00725 0.00457 0.00287 0.00176 0.00082 
117	2	0.00060 0.00218 0.01028 0.00835 0.00990 0.01141 0.01450 0.01762 0.02516 0.02816 0.02995 0.01827 0.01377 0.01277 0.01272 0.01717 0.03100 0.04933 0.07279 0.09195 0.08746 0.07493 0.07790 0.10400 0.04927 0.03165 0.02861 0.02545 0.02382 0.01518 0.00345 0.00040 
118	2	0.00002 0.00004 0.00004 0.00009 0.00007 0.00007 0.00015 0.00018 0.00021 0.00027 0.00030 0.00080 0.00223 0.00546 0.01156 0.01835 0.03400 0.05082 0.09273 0.09189 0.09072 0.08401 0.10541 0.09094 0.07444 0.08549 0.09782 0.05417 0.00510 0.00172 0.00070 0.00018 
119	2	0.00000 0.00000 0.00000 0.00000 0.00011 0.00069 0.00222 0.00562 0.01121 0.01986 0.02583 0.04457 0.05829 0.04281 0.01802 0.00588 0.00315 0.01688 0.03612 0.03739 0.01567 0.02559 0.10747 0.17559 0.18238 0.05674 0.04492 0.03529 0.01773 0.00778 0.00216 0.00001 
120	2	0.00000 0.00000 0.00002 0.00008 0.00028 0.00105 0.00144 0.00287 0.00846 0.01379 0.02476 0.02559 0.02705 0.01829 0.01797 0.01337 0.01443 0.01253 0.01141 0.03413 0.17936 0.35635 0.06883 0.05538 0.03477 0.02908 0.02274 0.01460 0.00910 0.00205 0.00019 0.00005 
121	2	0.00000 0.00001 0.00003 0.00022 0.00092 0.00259 0.00356 0.00650 0.00871 0.01316 0.01320 0.01692 0.01385 0.01485 0.01286 0.01417 0.01424 0.01241 0.04273 0.07406 0.12662 0.25106 0.19235 0.05845 0.03877 0.02165 0.01952 0.01212 0.01021 0.00381 0.00039 0.00007 
122	2	0.00000 0.00002 0.00004 0.00014 0.00027 0.00128 0.01043 0.01373 0.00738 0.00731 0.00949 0.01325 0.02051 0.03796 0.05712 0.06354 0.08873 0.08825 0.07843 0.05630 0.03580 0.02473 0.01928 0.01801 0.01760 0.11675 0.16766 0.01805 0.01585 0.00869 0.00322 0.00019 
123	2	0.00002 0.00004 0.00014 0.00039 0.00054 0.00090 0.00092 0.00116 0.00153 0.00219 0.00300 0.00442 0.00478 0.00725 0.00758 0.00923 0.01328 0.01427 0.01983 0.03271 0.48458 0.32258 0.01986 0.01409 0.01191 0.00724 0.00618 0.00344 0.00288 0.00150 0.00126 0.00028 
124	2	0.00000 0.00002 0.00004 0.00007 0.00016 0.00043 0.00140 0.00443 0.00936 0.01131 0.01365 0.02185 0.03995 0.07027 0.09640 0.10338 0.09158 0.05839 0.04172 0.03101 0.02678 0.02980 0.02708 0.02880 0.08830 0.10859 0.03536 0.02808 0.01907 0.00889 0.00269 0.00110 
125	2	0.00001 0.00013 0.00039 0.00095 0.00534 0.02600 0.01387 0.00704 0.00577 0.01515 0.03968 0.08335 0.08985 0.10940 0.09302 0.07897 0.07059 0.04531 0.03752 0.02421 0.02567 0.02098 0.02451 0.02370 0.03128 0.03052 0.03662 0.03045 0.02000 0.00684 0.00223 0.00064 
126	2	0.00001 0.00003 0.00005 0.00021 0.00037 0.00114 0.00112 0.00165 0.00347 0.00782 0.01761 0.02621 0.03596 0.03901 0.04453 0.04595 0.05550 0.04824 0.04659 0.04533 0.04385 0.04959 0.04802 0.15577 0.16664 0.04544 0.03120 0.01635 0.01013 0.00640 0.00398 0.00180 
127	2	0.00001 0.00003 0.00014 0.00037 0.00150 0.00302 0.00315 0.00597 0.00990 0.01871 0.02910 0.03467 0.04539 0.04275 0.03868 0.04352 0.04473 0.04412 0.06879 0.08297 0.26101 0.06353 0.05000 0.03217 0.02611 0.01665 0.01271 0.00877 0.00495 0.00382 0.00219 0.00055 
128	2	0.00000 0.00002 0.00006 0.00010 0.00015 0.00013 0.00020 0.00034 0.00095 0.00195 0.00457 0.01308 0.03384 0.04389 0.03475 0.02333 0.01607 0.01247 0.01082 0.01502 0.03716 0.05995 0.08591 0.13007 0.20018 0.24472 0.01981 0.00534 0.00240 0.00146 0.00083 0.00041 
129	2	0.00000 0.00001 0.00007 0.00006 0.00011 0.00042 0.00072 0.00070 0.00153 0.00373 0.00959 0.01819 0.03800 0.05490 0.05237 0.03572 0.02426 0.01409 0.01111 0.01166 0.02776 0.05539 0.07906 0.11150 0.17485 0.22021 0.03943 0.00678 0.00337 0.00191 0.00140 0.00107 
130	2	0.00001 0.00000 0.00001 0.00006 0.00024 0.00042 0.00057 0.00172 0.00416 0.00860 0.01959 0.02959 0.03109 0.02593 0.02025 0.01662 0.01461 0.01384 0.01324 0.01112 0.01210 0.02822 0.10164 0.30157 0.25202 0.06971 0.01289 0.00555 0.00238 0.00138 0.00072 0.00018 
131	2	0.00000 0.00003 0.00010 0.00047 0.00099 0.00145 0.00189 0.00332 0.00583 0.01095 0.01467 0.01965 0.02599 0.02926 0.03091 0.03278 0.03895 0.03658 0.03767 0.04395 0.09930 0.05205 0.25695 0.06740 0.06239 0.04812 0.03193 0.02056 0.01368 0.00691 0.00372 0.00154 
132	2	0.00003 0.00014 0.00027 0.00032 0.00045 0.00069 0.00112 0.00105 0.00216 0.00456 0.01289 0.02285 0.04235 0.03477 0.02815 0.02925 0.03611 0.04365 0.04737 0.05057 0.04289 0.03720 0.03912 0.04195 0.05956 0.16279 0.16741 0.03536 0.02554 0.01633 0.01025 0.00284 
133	2	0.00001 0.00001 0.00002 0.00015 0.00061 0.00209 0.00367 0.00540 0.00862 0.01840 0.02965 0.04026 0.03977 0.04637 0.04380 0.03893 0.04505 0.04823 0.05370 0.06122 0.08485 0.19512 0.06773 0.04619 0.03967 0.02839 0.01956 0.01226 0.00967 0.00576 0.00358 0.00126 
134	2	0.00001 0.00001 0.00007 0.00057 0.00219 0.00491 0.00774 0.01637 0.02869 0.02747 0.02632 0.02630 0.02144 0.01892 0.01945 0.01581 0.01444 0.01839 0.03022 0.03751 0.06249 0.08521 0.13242 0.21594 0.14537 0.02435 0.00785 0.00407 0.00241 0.00179 0.00105 0.00020 
135	2	0.00002 0.00020 0.00053 0.00048 0.00113 0.00228 0.00577 0.01831 0.02167 0.00967 0.01270 0.01810 0.02050 0.03641 0.04885 0.08261 0.14028 0.13722 0.10708 0.06420 0.06227 0.04516 0.02695 0.03018 0.02773 0.02520 0.01594 0.01867 0.00836 0.00435 0.00639 0.00076 
136	2	0.00004 0.00047 0.00081 0.00069 0.00236 0.00539 0.01343 0.02370 0.01338 0.01754 0.02160 0.02593 0.02567 0.03290 0.05188 0.08185 0.05539 0.09770 0.08985 0.09101 0.06850 0.04994 0.04067 0.02479 0.02898 0.02578 0.01837 0.01707 0.02028 0.03732 0.01647 0.00023 
137	2	0.00001 0.00002 0.00010 0.00040 0.00097 0.00144 0.00448 0.00857 0.01592 0.02673 0.05338 0.04978 0.04939 0.03945 0.03551 0.02621 0.02244 0.02416 0.01922 0.02242 0.04904 0.11887 0.20349 0.17142 0.03060 0.01000 0.00573 0.00401 0.00272 0.00209 0.00124 0.00017 
138	2	0.00088 0.00545 0.01256 0.03546 0.04676 0.01715 0.01669 0.01320 0.01373 0.01504 0.02108 0.02892 0.04398 0.04874 0.05997 0.06499 0.05507 0.04764 0.04251 0.04210 0.03430 0.03087 0.03079 0.05218 0.12206 0.06352 0.01516 0.00925 0.00522 0.00296 0.00137 0.00039 
139	2	0.00042 0.00497 0.00755 0.01773 0.06042 0.02030 0.01886 0.01596 0.01467 0.01422 0.02086 0.02576 0.03411 0.04392 0.05858 0.07350 0.07919 0.06441 0.05953 0.05304 0.04844 0.04960 0.04055 0.03956 0.03691 0.03322 0.02945 0.01675 0.00880 0.00485 0.00280 0.00106 
140	3	0.00000 0.00006 0.00095 0.00309 0.00878 0.02352 0.03613 0.05398 0.07194 0.08471 0.07108 0.06896 0.06500 0.05866 0.03986 0.03188 0.02953 0.02945 0.03011 0.02438 0.02655 0.02892 0.03641 0.03565 0.03517 0.03206 0.02511 0.01976 0.01252 0.00970 0.00545 0.00060 
141	3	0.00003 0.00048 0.00075 0.00358 0.00572 0.01337 0.01743 0.02305 0.04575 0.03897 0.03727 0.03700 0.04830 0.04527 0.04628 0.03865 0.04936 0.05721 0.04905 0.05008 0.04323 0.04740 0.03911 0.04326 0.03548 0.03696 0.03186 0.02589 0.02982 0.03239 0.02026 0.00672 
142	3	0.00001 0.00004 0.00088 0.00460 0.01442 0.04367 0.08186 0.08135 0.10593 0.08602 0.07292 0.05957 0.04142 0.02512 0.02054 0.01803 0.02207 0.02586 0.02936 0.03069 0.03073 0.02885 0.02376 0.02473 0.02948 0.02802 0.02335 0.01937 0.01194 0.00864 0.00630 0.00046 
143	3	0.00007 0.00078 0.00374 0.00643 0.02247 0.02955 0.05579 0.04402 0.04050 0.04513 0.05202 0.05673 0.05836 0.04998 0.05007 0.04757 0.04737 0.04588 0.04379 0.04304 0.03545 0.03382 0.03167 0.03472 0.03294 0.03254 0.02261 0.01639 0.00874 0.00441 0.00286 0.00052 
144	3	0.00007 0.00102 0.00866 0.01549 0.02080 0.02666 0.04149 0.06012 0.05958 0.05731 0.04128 0.03681 0.03391 0.03849 0.03554 0.03744 0.03839 0.04045 0.04719 0.04208 0.04226 0.04164 0.04595 0.04112 0.04172 0.04047 0.03256 0.01884 0.00770 0.00328 0.00135 0.00031 
145	3	0.00001 0.00008 0.00108 0.00175 0.00201 0.00373 0.00639 0.01013 0.01480 0.02094 0.02688 0.03274 0.03660 0.04057 0.04654 0.04608 0.06005 0.06949 0.07478 0.07802 0.07831 0.07460 0.07113 0.06765 0.06037 0.03883 0.01875 0.00873 0.00471 0.00275 0.00138 0.00013 
146	3	0.00005 0.00037 0.00182 0.00312 0.00581 0.00784 0.01611 0.01963 0.03390 0.02707 0.03564 0.02975 0.04003 0.03470 0.04823 0.04082 0.05662 0.04761 0.06456 0.05282 0.06917 0.05297 0.06262 0.04423 0.05824 0.05005 0.05073 0.02093 0.01237 0.00848 0.00359 0.00009 
147	3	0.00015 0.00132 0.00318 0.00410 0.01224 0.01982 0.03935 0.04421 0.06030 0.04517 0.06192 0.04573 0.05783 0.04406 0.05396 0.03971 0.04716 0.03572 0.04363 0.03273 0.04219 0.03242 0.03868 0.02930 0.03613 0.02687 0.03097 0.02082 0.02128 0.01280 0.01271 0.00352 
148	3	0.00009 0.00079 0.00222 0.00272 0.00963 0.01802 0.02965 0.02592 0.03980 0.03504 0.04958 0.03455 0.03990 0.02896 0.03888 0.02919 0.04147 0.03723 0.05157 0.04142 0.05983 0.04476 0.05297 0.03850 0.04732 0.03356 0.04049 0.02912 0.03597 0.02785 0.02285 0.01012 
149	3	0.00000 0.00006 0.00055 0.00094 0.00225 0.00554 0.00935 0.00965 0.01111 0.01578 0.01568 0.01950 0.02452 0.03209 0.03557 0.04631 0.05508 0.04737 0.04212 0.03242 0.02939 0.02793 0.03238 0.03195 0.03310 0.03422 0.03740 0.05650 0.07790 0.10353 0.09575 0.03405 
150	3	0.00031 0.00334 0.00900 0.00917 0.01058 0.01057 0.01213 0.01292 0.01419 0.01781 0.01861 0.02327 0.02590 0.02803 0.02419 0.02705 0.02975 0.02863 0.03131 0.02748 0.02777 0.02755 0.03174 0.02952 0.03335 0.04282 0.06216 0.09962 0.10402 0.08755 0.05610 0.03357 
151	3	0.00029 0.00327 0.00692 0.00655 0.00840 0.00914 0.01024 0.01063 0.01149 0.01622 0.01754 0.02152 0.02345 0.02666 0.02596 0.03039 0.03266 0.03098 0.03165 0.02888 0.02897 0.02883 0.03227 0.03102 0.03195 0.03663 0.04686 0.08669 0.10926 0.10341 0.06920 0.04204 
152	3	0.00001 0.00027 0.00101 0.00136 0.00207 0.00222 0.00295 0.00395 0.00595 0.00983 0.01565 0.02817 0.04373 0.05930 0.05340 0.05252 0.05607 0.04445 0.03975 0.03315 0.03168 0.03019 0.03177 0.02722 0.03102 0.03517 0.03689 0.04856 0.06064 0.07997 0.08711 0.04394 
153	3	0.00002 0.00025 0.00257 0.00344 0.00915 0.02462 0.05015 0.08999 0.09307 0.04571 0.02616 0.02943 0.03077 0.03610 0.03475 0.03657 0.03780 0.03964 0.04622 0.04234 0.04112 0.03838 0.03962 0.03165 0.02941 0.02739 0.02483 0.02552 0.02138 0.01827 0.01486 0.00878 
154	3	0.00002 0.00062 0.00173 0.00320 0.00847 0.01442 0.01838 0.02373 0.03351 0.04214 0.04991 0.05272 0.05263 0.05450 0.05281 0.04618 0.04925 0.04492 0.04581 0.04649 0.04405 0.04158 0.03912 0.03700 0.03542 0.03238 0.02948 0.02657 0.02391 0.02352 0.01960 0.00591 
155	3	0.00019 0.01341 0.03350 0.03342 0.04152 0.04150 0.03079 0.02919 0.03735 0.03880 0.03080 0.02628 0.03429 0.03847 0.04634 0.05719 0.04762 0.05083 0.05531 0.06972 0.05717 0.05226 0.04231 0.03474 0.01992 0.01284 0.00929 0.00753 0.00414 0.00228 0.00092 0.00007 
156	3	0.00003 0.00012 0.00018 0.00055 0.00075 0.01417 0.09882 0.10274 0.07581 0.05577 0.03555 0.03026 0.03187 0.05561 0.04918 0.04427 0.05115 0.04321 0.03643 0.02921 0.03245 0.03397 0.03712 0.03595 0.03682 0.02580 0.01769 0.01022 0.00785 0.00488 0.00153 0.00004 
157	3	0.01414 0.00763 0.07396 0.06052 0.04012 0.02713 0.03115 0.05095 0.04454 0.02692 0.02667 0.01653 0.01535 0.01068 0.00925 0.01345 0.02292 0.03529 0.04672 0.06706 0.06838 0.06676 0.05827 0.04642 0.03560 0.02994 0.02055 0.01592 0.01083 0.00515 0.00109 0.00012 
158	3	0.00032 0.00013 0.00038 0.00042 0.00072 0.00103 0.00306 0.00846 0.02557 0.04032 0.04240 0.02892 0.02277 0.02817 0.05482 0.08358 0.08485 0.08651 0.09507 0.10220 0.09545 0.07250 0.04824 0.03118 0.01971 0.01231 0.00655 0.00261 0.00115 0.00042 0.00013 0.00001 
159	3	0.00157 0.00079 0.00258 0.00092 0.00057 0.00066 0.00296 0.03877 0.09663 0.09380 0.07206 0.03053 0.01972 0.01979 0.04081 0.08723 0.09274 0.08670 0.07903 0.07215 0.04633 0.03158 0.02342 0.01630 0.01318 0.01100 0.00719 0.00565 0.00335 0.00167 0.00032 0.00002 
160	3	0.00012 0.00736 0.02531 0.02401 0.01965 0.00997 0.00374 0.00343 0.00224 0.00387 0.00797 0.02059 0.03229 0.07054 0.09997 0.15336 0.16453 0.11392 0.08626 0.04606 0.03565 0.02116 0.01713 0.00980 0.00793 0.00439 0.00362 0.00217 0.00156 0.00104 0.00030 0.00004 
161	3	0.00000 0.00012 0.00586 0.00874 0.00506 0.00122 0.00148 0.11330 0.14437 0.35904 0.09202 0.06158 0.04207 0.02874 0.01807 0.01476 0.01254 0.01250 0.01392 0.01162 0.01080 0.00880 0.00940 0.00669 0.00575 0.00430 0.00298 0.00215 0.00120 0.00056 0.00017 0.00015 
162	3	0.00002 0.02072 0.02349 0.01783 0.00912 0.01391 0.01205 0.02187 0.01832 0.02472 0.03417 0.04802 0.05782 0.09607 0.11434 0.11326 0.13818 0.11120 0.06399 0.02692 0.01645 0.00872 0.00468 0.00201 0.00139 0.00034 0.00016 0.00009 0.00007 0.00003 0.00002 0.00001 
163	3	0.00042 0.00144 0.00234 0.00118 0.00072 0.00063 0.00107 0.01170 0.18870 0.10790 0.05893 0.05656 0.04289 0.03619 0.03376 0.04732 0.05509 0.06420 0.06991 0.05638 0.04747 0.03634 0.02881 0.01725 0.01200 0.00814 0.00570 0.00356 0.00155 0.00069 0.00053 0.00063 
164	3	0.00003 0.00257 0.05652 0.15855 0.06144 0.03633 0.04729 0.04310 0.02460 0.03005 0.02475 0.01743 0.02385 0.03543 0.04619 0.06614 0.06698 0.05054 0.05258 0.04334 0.02738 0.02531 0.01824 0.01192 0.01068 0.00755 0.00485 0.00310 0.00139 0.00065 0.00056 0.00066 
165	3	0.00002 0.00007 0.00013 0.00028 0.00089 0.00547 0.02281 0.05659 0.08119 0.07982 0.08698 0.09046 0.05796 0.04296 0.03493 0.03662 0.03500 0.04048 0.04443 0.04302 0.03692 0.02402 0.01880 0.01623 0.01851 0.01828 0.02418 0.03126 0.03318 0.01424 0.00274 0.00150 
166	3	0.00001 0.00004 0.00020 0.00022 0.00067 0.00185 0.00487 0.01363 0.08090 0.20541 0.09310 0.09184 0.10855 0.09560 0.06784 0.01901 0.01299 0.01204 0.01387 0.01543 0.01785 0.02046 0.02419 0.02766 0.02792 0.02268 0.01371 0.00578 0.00130 0.00013 0.00009 0.00015 
167	3	0.00010 0.00054 0.00148 0.00196 0.00489 0.00997 0.05867 0.07967 0.11503 0.08615 0.14263 0.11742 0.09345 0.03805 0.02536 0.01274 0.01495 0.01143 0.01413 0.01062 0.01468 0.01261 0.01813 0.01702 0.02520 0.02118 0.02820 0.01676 0.00620 0.00036 0.00023 0.00014 
168	3	0.00000 0.00002 0.00003 0.00007 0.00012 0.00019 0.00341 0.02333 0.11322 0.15196 0.12006 0.10633 0.06186 0.03700 0.02034 0.02217 0.02483 0.01527 0.01181 0.01277 0.01769 0.02491 0.03412 0.05878 0.06090 0.04718 0.02272 0.00653 0.00169 0.00055 0.00008 0.00002 
169	3	0.00000 0.00000 0.00057 0.00223 0.00375 0.00615 0.02222 0.10098 0.11639 0.09919 0.10378 0.06627 0.07135 0.08004 0.05506 0.03909 0.03282 0.02135 0.01981 0.01542 0.01885 0.02091 0.02490 0.02242 0.02418 0.01657 0.00927 0.00353 0.00190 0.00078 0.00017 0.00004 
170	3	0.00001 0.00002 0.00003 0.00008 0.00016 0.00062 0.00160 0.00405 0.01310 0.02643 0.04469 0.08016 0.08666 0.08923 0.09220 0.07629 0.06719 0.07094 0.05779 0.04900 0.04573 0.03124 0.02429 0.02421 0.02008 0.02041 0.02370 0.02164 0.01758 0.00610 0.00272 0.00206 
171	3	0.00006 0.00113 0.00484 0.00738 0.01140 0.01373 0.02452 0.02382 0.03583 0.03057 0.04112 0.03243 0.04044 0.02979 0.03570 0.02657 0.03395 0.02618 0.03467 0.02944 0.04157 0.03892 0.08393 0.13369 0.13106 0.03402 0.02051 0.00939 0.00865 0.00572 0.00639 0.00255 
172	3	0.00002 0.00034 0.00215 0.00401 0.00888 0.01004 0.01641 0.02401 0.03145 0.04126 0.03930 0.04147 0.03951 0.03985 0.03161 0.03016 0.02977 0.02997 0.03768 0.03920 0.05120 0.09746 0.18571 0.08942 0.02372 0.01320 0.01012 0.00867 0.00702 0.00615 0.00560 0.00467 
173	3	0.00048 0.00198 0.00502 0.00338 0.00317 0.00539 0.00680 0.00890 0.01138 0.01803 0.02832 0.04040 0.06073 0.08235 0.09508 0.09771 0.11275 0.09132 0.07600 0.06023 0.04702 0.04336 0.03046 0.02586 0.02062 0.01187 0.00703 0.00259 0.00099 0.00045 0.00026 0.00003 
174	3	0.00020 0.00185 0.00217 0.00144 0.00397 0.00518 0.01118 0.01140 0.04423 0.14990 0.21000 0.04218 0.04022 0.02635 0.03318 0.03014 0.04242 0.03262 0.03970 0.02750 0.03106 0.02100 0.02462 0.01892 0.02371 0.01949 0.02590 0.02123 0.02712 0.01583 0.01243 0.00283 
175	3	0.00004 0.00019 0.00007 0.00016 0.00051 0.00121 0.00265 0.00487 0.02043 0.13020 0.11370 0.04407 0.03166 0.02848 0.03490 0.04460 0.06688 0.06766 0.06280 0.05622 0.04857 0.03497 0.03585 0.03117 0.02677 0.02500 0.02116 0.02266 0.01897 0.01273 0.00859 0.00221 
176	3	0.00002 0.00044 0.00120 0.00072 0.00248 0.00462 0.01120 0.01204 0.02533 0.09157 0.20070 0.03659 0.03187 0.02247 0.04052 0.04394 0.06332 0.04642 0.05574 0.03973 0.04331 0.02910 0.03180 0.02374 0.02841 0.02044 0.02452 0.01935 0.02453 0.01417 0.00825 0.00145 
177	3	0.00005 0.00021 0.00014 0.00022 0.00048 0.00087 0.00212 0.00310 0.00406 0.01298 0.08420 0.19998 0.10836 0.06113 0.04604 0.03685 0.04382 0.04420 0.04662 0.04182 0.03567 0.02408 0.02483 0.02128 0.02044 0.02063 0.01892 0.02452 0.02635 0.02368 0.01738 0.00494 
178	3	0.00025 0.00197 0.01165 0.03160 0.05506 0.07105 0.09796 0.11510 0.09637 0.07315 0.04635 0.03971 0.03699 0.03707 0.02952 0.02712 0.02505 0.02534 0.02948 0.02425 0.02562 0.02682 0.02886 0.01825 0.01150 0.00538 0.00300 0.00195 0.00113 0.00096 0.00084 0.00060 
179	3	0.00022 0.00369 0.01103 0.01701 0.03652 0.05996 0.09515 0.09812 0.08957 0.06562 0.05140 0.03965 0.03737 0.02855 0.02877 0.02860 0.02672 0.02716 0.03214 0.04103 0.04002 0.03934 0.03625 0.02936 0.01870 0.00935 0.00320 0.00195 0.00158 0.00114 0.00070 0.00011 
180	3	0.00031 0.00367 0.01085 0.01651 0.03367 0.05570 0.08219 0.07820 0.09019 0.06763 0.05054 0.03700 0.03327 0.03426 0.03562 0.03604 0.04102 0.04152 0.04790 0.05106 0.04750 0.03921 0.03274 0.01915 0.00569 0.00322 0.00170 0.00113 0.00097 0.00076 0.00066 0.00012 
181	3	0.00100 0.00530 0.01580 0.02465 0.04840 0.08442 0.10054 0.07597 0.06785 0.05224 0.04217 0.03398 0.04048 0.04122 0.04516 0.04655 0.05099 0.05285 0.05260 0.05111 0.03370 0.01632 0.00653 0.00296 0.00165 0.00146 0.00106 0.00088 0.00086 0.00066 0.00053 0.00012 
182	3	0.00007 0.00086 0.00426 0.00826 0.02410 0.04100 0.03415 0.03340 0.03352 0.03968 0.03367 0.03549 0.03750 0.04276 0.03729 0.04372 0.05336 0.05340 0.05402 0.04425 0.04019 0.03775 0.03808 0.02963 0.02715 0.02541 0.02407 0.03063 0.03735 0.03100 0.01791 0.00605 
183	3	0.00005 0.00029 0.01253 0.02406 0.05987 0.09329 0.08822 0.06416 0.06578 0.07147 0.05522 0.04548 0.03880 0.04128 0.03778 0.04316 0.04071 0.04146 0.04713 0.03582 0.02715 0.02061 0.01477 0.00918 0.00540 0.00375 0.00299 0.00292 0.00225 0.00167 0.00198 0.00074 
184	3	0.00002 0.00012 0.00056 0.00101 0.00195 0.00506 0.00984 0.02469 0.03123 0.03932 0.04919 0.04045 0.05334 0.04860 0.05900 0.05424 0.05395 0.06203 0.05537 0.07058 0.06210 0.06895 0.05185 0.04640 0.04196 0.02775 0.02205 0.01007 0.00502 0.00286 0.00043 0.00000 
185	3	0.00000 0.00000 0.00001 0.00002 0.00007 0.00043 0.00142 0.00284 0.00572 0.01155 0.02475 0.03058 0.03822 0.03933 0.05025 0.05106 0.05913 0.07335 0.06576 0.06589 0.06886 0.08285 0.07192 0.06641 0.05985 0.05315 0.03327 0.02170 0.01157 0.00683 0.00275 0.00043 
186	3	0.00005 0.00015 0.00062 0.00209 0.00495 0.01387 0.02839 0.04784 0.06531 0.08375 0.06798 0.05510 0.05287 0.04602 0.05332 0.05638 0.06251 0.04705 0.04009 0.03897 0.03011 0.02686 0.02820 0.02234 0.02145 0.01970 0.02108 0.01742 0.01555 0.01473 0.00948 0.00576 
187	3	0.00003 0.00012 0.00062 0.00192 0.00482 0.01216 0.02828 0.05589 0.06597 0.07260 0.06514 0.06435 0.05237 0.05688 0.06378 0.07504 0.05823 0.04725 0.03755 0.03079 0.03036 0.02356 0.02171 0.02071 0.02145 0.01705 0.01565 0.01482 0.01413 0.01361 0.00856 0.00457 
188	3	0.00004 0.00035 0.00126 0.00358 0.00971 0.01897 0.03612 0.04287 0.05350 0.06639 0.05257 0.04667 0.04682 0.03925 0.04793 0.04507 0.04272 0.04379 0.03554 0.03752 0.03022 0.02821 0.03068 0.02607 0.02559 0.02890 0.02415 0.02720 0.02123 0.01891 0.03439 0.03376 
189	3	0.00003 0.00015 0.00094 0.00185 0.00477 0.01064 0.01955 0.03124 0.04889 0.06855 0.07831 0.07394 0.06049 0.05201 0.04942 0.04637 0.04688 0.03585 0.03915 0.03947 0.04530 0.05420 0.05611 0.05009 0.02957 0.01607 0.01279 0.01051 0.00699 0.00360 0.00347 0.00281 
190	3	0.00001 0.00021 0.00106 0.00460 0.01332 0.02731 0.03947 0.06155 0.07169 0.06886 0.08732 0.08598 0.06654 0.06170 0.04916 0.03480 0.03197 0.02736 0.02375 0.01978 0.02081 0.02053 0.01700 0.01935 0.01965 0.01647 0.01610 0.01458 0.01187 0.01174 0.01150 0.04396 
191	3	0.00001 0.00007 0.00044 0.00228 0.00663 0.01320 0.02194 0.02848 0.02862 0.03605 0.04050 0.04555 0.04743 0.04752 0.04747 0.04164 0.04851 0.04710 0.04660 0.04830 0.04532 0.03692 0.03246 0.02515 0.02806 0.02740 0.02539 0.02375 0.02130 0.03819 0.06321 0.03450 
192	3	0.00001 0.00002 0.00043 0.00135 0.00591 0.01034 0.02555 0.02818 0.04077 0.03689 0.05210 0.04300 0.05910 0.04718 0.06257 0.04934 0.06319 0.04727 0.05403 0.03417 0.03593 0.02445 0.02848 0.01985 0.02268 0.01674 0.01973 0.01415 0.03267 0.03060 0.04919 0.04413 
193	3	0.00032 0.00171 0.00700 0.01027 0.01787 0.02055 0.02324 0.02926 0.03234 0.03941 0.03825 0.04125 0.04249 0.04660 0.04181 0.04235 0.04364 0.04480 0.05203 0.04569 0.04633 0.04402 0.04773 0.03896 0.03522 0.03187 0.02864 0.02853 0.02220 0.01947 0.02002 0.01611 
194	3	0.00003 0.00027 0.00072 0.00220 0.00707 0.02015 0.03634 0.06594 0.10333 0.11824 0.12194 0.09182 0.06356 0.06231 0.05130 0.03768 0.03636 0.02112 0.01264 0.01110 0.01072 0.01128 0.01165 0.01135 0.00994 0.00868 0.00836 0.00827 0.00624 0.00614 0.00784 0.03541 
195	3	0.00003 0.00028 0.00413 0.01627 0.02873 0.06120 0.07196 0.08930 0.12872 0.08480 0.07815 0.05652 0.02955 0.02965 0.03334 0.02507 0.01814 0.01844 0.01425 0.01473 0.01575 0.01199 0.01190 0.01289 0.00888 0.00727 0.00656 0.00500 0.00592 0.00982 0.01783 0.08292 
196	3	0.00000 0.00013 0.00090 0.00340 0.01432 0.02518 0.04135 0.05265 0.07688 0.12764 0.08984 0.07252 0.03519 0.03067 0.02660 0.02408 0.02016 0.01469 0.01755 0.01738 0.01807 0.01498 0.01731 0.01631 0.01154 0.01260 0.01183 0.01025 0.00735 0.01044 0.02131 0.15685 
197	3	0.00004 0.00010 0.00049 0.00119 0.00357 0.00826 0.02152 0.03698 0.07331 0.11006 0.16231 0.13607 0.10371 0.04854 0.03267 0.02481 0.03195 0.05875 0.05473 0.04005 0.02189 0.01148 0.00548 0.00361 0.00295 0.00243 0.00138 0.00064 0.00038 0.00016 0.00015 0.00031 
198	3	0.00008 0.00022 0.00258 0.00599 0.01497 0.02874 0.03185 0.03872 0.05705 0.08952 0.10927 0.12935 0.12888 0.07222 0.04167 0.02374 0.02990 0.04789 0.05402 0.04527 0.02016 0.00906 0.00633 0.00388 0.00315 0.00248 0.00156 0.00066 0.00025 0.00021 0.00014 0.00019 
199	3	0.00006 0.00135 0.01073 0.03116 0.07377 0.11778 0.10698 0.12453 0.06744 0.03937 0.02568 0.01748 0.01747 0.02407 0.02100 0.02217 0.02368 0.02977 0.05703 0.07759 0.05258 0.02036 0.00700 0.00501 0.00507 0.00400 0.00420 0.00498 0.00358 0.00253 0.00084 0.00074 
200	3	0.00007 0.00070 0.00411 0.01383 0.02305 0.04157 0.05397 0.05725 0.05034 0.03947 0.04840 0.04359 0.04642 0.03685 0.03827 0.03473 0.04325 0.05646 0.07467 0.08417 0.05950 0.02644 0.02046 0.01997 0.01242 0.01472 0.01187 0.01189 0.01365 0.01137 0.00623 0.00030 
201	3	0.00000 0.00170 0.00998 0.02845 0.04529 0.04792 0.03903 0.03213 0.03703 0.04048 0.04523 0.05017 0.06322 0.07186 0.07466 0.06237 0.07013 0.05852 0.05513 0.04962 0.03744 0.02240 0.01435 0.01087 0.00729 0.00536 0.00457 0.00349 0.00279 0.00265 0.00441 0.00147 
202	3	0.00005 0.00082 0.00357 0.01202 0.02071 0.04015 0.05598 0.06204 0.08510 0.07570 0.08013 0.05995 0.06072 0.04701 0.04932 0.04462 0.05404 0.06730 0.05670 0.04927 0.02552 0.01448 0.00942 0.00877 0.00480 0.00387 0.00241 0.00180 0.00196 0.00092 0.00047 0.00039 
203	3	0.00002 0.00055 0.00302 0.01299 0.02456 0.04525 0.06087 0.06430 0.07148 0.06732 0.07569 0.06698 0.05802 0.04782 0.05413 0.05355 0.05106 0.05044 0.04488 0.04634 0.03154 0.01878 0.01102 0.00970 0.00775 0.00704 0.00538 0.00330 0.00280 0.00121 0.00132 0.00089 
204	3	0.00004 0.00041 0.00162 0.00167 0.00304 0.00496 0.00722 0.01289 0.02013 0.03056 0.03557 0.04938 0.06813 0.08838 0.08332 0.08693 0.08163 0.07737 0.08629 0.06807 0.05835 0.04065 0.03155 0.01830 0.01342 0.01108 0.00705 0.00540 0.00315 0.00215 0.00110 0.00019 
205	3	0.00014 0.00370 0.02051 0.04340 0.09834 0.11500 0.15462 0.13452 0.12191 0.06730 0.03882 0.02213 0.01326 0.01399 0.01152 0.01184 0.01350 0.00971 0.01008 0.00849 0.00889 0.00785 0.00770 0.00894 0.00742 0.00862 0.00768 0.00796 0.00645 0.00654 0.00620 0.00297 
206	3	0.00006 0.00193 0.01270 0.04810 0.10794 0.12164 0.15832 0.12250 0.10417 0.06167 0.03304 0.02507 0.01759 0.01869 0.01444 0.01556 0.01405 0.01050 0.01074 0.00895 0.00991 0.00834 0.00937 0.00978 0.00880 0.00920 0.00751 0.00829 0.00762 0.00580 0.00534 0.00237 
207	3	0.00007 0.00242 0.01439 0.02953 0.06433 0.07765 0.10808 0.10747 0.11668 0.07477 0.04244 0.02857 0.02060 0.02527 0.02558 0.02531 0.02628 0.02465 0.03127 0.02677 0.02778 0.02110 0.01780 0.01828 0.01309 0.01031 0.00605 0.00393 0.00312 0.00259 0.00270 0.00111 
208	3	0.00003 0.00074 0.00182 0.00320 0.00590 0.00724 0.01069 0.00871 0.00985 0.01103 0.01309 0.01928 0.02003 0.02185 0.02038 0.02876 0.03513 0.03713 0.04966 0.05516 0.06161 0.05688 0.08153 0.09838 0.09398 0.11003 0.08724 0.04002 0.00887 0.00150 0.00022 0.00000 
209	3	0.00000 0.00013 0.00087 0.00198 0.00452 0.00990 0.01791 0.01868 0.02018 0.02346 0.03076 0.03151 0.03514 0.03695 0.04800 0.05332 0.05222 0.05494 0.04371 0.04241 0.04548 0.05964 0.06025 0.06617 0.05922 0.06461 0.05748 0.04147 0.01571 0.00307 0.00026 0.00005 
210	4	0.00016 0.00052 0.00215 0.00187 0.00312 0.00341 0.00553 0.00834 0.01435 0.02228 0.02670 0.03157 0.03585 0.03596 0.02765 0.02131 0.01727 0.01388 0.00860 0.01075 0.04187 0.06421 0.11636 0.06820 0.01408 0.00657 0.06202 0.23547 0.05223 0.01051 0.01734 0.01984 
211	4	0.00041 0.00037 0.00219 0.00120 0.00202 0.00311 0.00396 0.00513 0.00640 0.00787 0.00768 0.00785 0.00778 0.01048 0.01193 0.01364 0.01653 0.01759 0.02085 0.07776 0.11254 0.11045 0.07724 0.01940 0.01230 0.01185 0.18461 0.19902 0.01221 0.01286 0.01185 0.01091 
212	4	0.00002 0.00009 0.00026 0.00053 0.00101 0.00123 0.00224 0.00227 0.00267 0.00393 0.00469 0.00621 0.00785 0.01290 0.01545 0.01960 0.02131 0.02203 0.04785 0.10006 0.09965 0.08368 0.05453 0.01458 0.00886 0.02607 0.17087 0.22222 0.01035 0.01159 0.01430 0.01107 
213	4	0.00277 0.00369 0.00518 0.00310 0.00332 0.00312 0.00287 0.00229 0.00239 0.00302 0.00366 0.00588 0.00861 0.01422 0.02257 0.04972 0.07226 0.07233 0.08182 0.06686 0.05810 0.04382 0.04481 0.04008 0.05706 0.05626 0.03479 0.02269 0.03607 0.08981 0.07466 0.01216 
214	4	0.00004 0.00042 0.00159 0.00178 0.00222 0.00307 0.00397 0.00462 0.00548 0.00796 0.00877 0.01053 0.01378 0.02081 0.02325 0.02847 0.03050 0.02866 0.03097 0.04525 0.07898 0.06694 0.06126 0.04155 0.04220 0.05757 0.14488 0.15294 0.01975 0.02695 0.02706 0.00775 
215	4	0.00008 0.00035 0.00094 0.00120 0.00191 0.00282 0.00344 0.00468 0.00616 0.00785 0.01168 0.01265 0.01648 0.02072 0.02620 0.03206 0.04033 0.03509 0.03311 0.03780 0.04048 0.05302 0.06482 0.03370 0.04544 0.08276 0.12646 0.16378 0.02754 0.02638 0.03620 0.00383 
216	4	0.00005 0.00041 0.00100 0.00123 0.00162 0.00229 0.00269 0.00337 0.00408 0.00528 0.00754 0.00821 0.00967 0.01109 0.01261 0.01380 0.01660 0.01577 0.02672 0.04824 0.05839 0.03906 0.03195 0.10923 0.10012 0.11995 0.18130 0.10282 0.01839 0.02006 0.02017 0.00631 
217	4	0.00004 0.00026 0.00040 0.00051 0.00055 0.00058 0.00057 0.00081 0.00093 0.00125 0.00131 0.00150 0.00182 0.00228 0.00237 0.00263 0.00310 0.00382 0.00535 0.00676 0.01180 0.02113 0.05096 0.10784 0.19637 0.23384 0.13582 0.06321 0.04927 0.04902 0.03567 0.00822 
218	4	0.00001 0.00004 0.00005 0.00015 0.00050 0.00105 0.00108 0.00164 0.00255 0.00507 0.00562 0.00626 0.00773 0.01246 0.01704 0.02319 0.03994 0.06554 0.11487 0.10555 0.10379 0.10987 0.15720 0.07360 0.02402 0.02170 0.03040 0.03470 0.01594 0.00804 0.00779 0.00262 
219	4	0.00000 0.00003 0.00033 0.00068 0.00123 0.00133 0.00145 0.00195 0.00287 0.00433 0.00522 0.00706 0.00909 0.01403 0.01762 0.02371 0.03071 0.03738 0.05332 0.05596 0.14334 0.19060 0.13242 0.02889 0.03354 0.04132 0.03650 0.04705 0.03117 0.02320 0.01655 0.00711 
220	4	0.00011 0.00038 0.00127 0.00164 0.00302 0.00410 0.00608 0.00780 0.00801 0.00909 0.00699 0.00563 0.00427 0.00404 0.00283 0.00386 0.00780 0.01790 0.02973 0.03515 0.03964 0.03758 0.03881 0.14059 0.17929 0.09296 0.07473 0.04977 0.06548 0.06349 0.04567 0.01228 
221	4	0.00001 0.00005 0.00006 0.00009 0.00018 0.00014 0.00035 0.00060 0.00120 0.00184 0.00425 0.00530 0.01302 0.01694 0.03287 0.03007 0.03892 0.03047 0.05255 0.09424 0.10877 0.03298 0.05047 0.02369 0.03117 0.05347 0.12482 0.09485 0.08452 0.03897 0.02293 0.01017 
222	4	0.00019 0.00049 0.00108 0.00103 0.00213 0.00354 0.00441 0.00614 0.00708 0.00908 0.00856 0.00966 0.01384 0.02668 0.02988 0.03550 0.04415 0.05609 0.07545 0.08660 0.08154 0.06059 0.03664 0.03630 0.04851 0.05449 0.07154 0.07372 0.05139 0.02948 0.02026 0.01396 
223	4	0.00004 0.00025 0.00127 0.00434 0.01527 0.01622 0.01257 0.00615 0.00360 0.00435 0.00424 0.00637 0.00248 0.00247 0.00691 0.05265 0.05457 0.03244 0.01264 0.02339 0.02440 0.03579 0.04536 0.06671 0.07175 0.14044 0.09362 0.07048 0.06754 0.06314 0.04949 0.00905 
224	4	0.00008 0.00047 0.00114 0.00100 0.00116 0.00127 0.00139 0.00178 0.00216 0.00308 0.00382 0.00461 0.00617 0.00977 0.01320 0.02180 0.02985 0.03733 0.06076 0.05978 0.05791 0.06515 0.09123 0.06721 0.07478 0.07239 0.05072 0.07503 0.06869 0.05492 0.04276 0.01856 
225	4	0.00040 0.00033 0.00137 0.00186 0.00550 0.00857 0.01095 0.00597 0.00430 0.00587 0.00633 0.00667 0.00829 0.01266 0.01594 0.02026 0.02136 0.02385 0.04787 0.11012 0.33119 0.04221 0.02611 0.01971 0.01704 0.02100 0.03202 0.05103 0.05063 0.04653 0.03242 0.01163 
226	4	0.00051 0.00054 0.00104 0.00105 0.00138 0.00185 0.00247 0.00294 0.00395 0.00639 0.00714 0.00820 0.01008 0.01430 0.01731 0.02202 0.02544 0.03527 0.04417 0.05839 0.05952 0.03983 0.05193 0.03411 0.02875 0.21894 0.10641 0.12910 0.02180 0.02465 0.01284 0.00768 
227	4	0.00002 0.00007 0.00085 0.00105 0.00193 0.00215 0.00371 0.00465 0.00675 0.00735 0.00735 0.00937 0.01235 0.02111 0.03043 0.03742 0.03700 0.03478 0.03746 0.03189 0.02445 0.02276 0.07071 0.05337 0.07590 0.10535 0.09080 0.04044 0.07295 0.08926 0.04790 0.01843 
228	4	0.00008 0.00069 0.00116 0.00120 0.00194 0.00259 0.00448 0.00695 0.01057 0.01975 0.02597 0.03132 0.03417 0.03868 0.03140 0.02968 0.03035 0.03350 0.04866 0.06371 0.05448 0.03527 0.02548 0.01422 0.03428 0.06487 0.06275 0.08887 0.03619 0.01507 0.10308 0.04856 
229	4	0.00019 0.00104 0.00105 0.00136 0.00243 0.00316 0.00437 0.00642 0.00874 0.01505 0.01840 0.02455 0.02815 0.03597 0.03037 0.02992 0.03029 0.03398 0.04965 0.06337 0.09460 0.08170 0.05853 0.04005 0.03482 0.03223 0.05322 0.05801 0.03511 0.03009 0.03896 0.05422 
230	4	0.00029 0.00054 0.00170 0.00190 0.00350 0.00450 0.00603 0.00860 0.01203 0.01741 0.01931 0.02354 0.02575 0.02655 0.01852 0.01461 0.01052 0.00590 0.00552 0.05115 0.17535 0.13633 0.07139 0.01715 0.00947 0.03360 0.21106 0.05033 0.00721 0.00851 0.00993 0.01178 
231	4	0.00050 0.00106 0.00150 0.00195 0.00234 0.00249 0.00288 0.00337 0.00462 0.00717 0.00921 0.01261 0.01682 0.02375 0.02149 0.01986 0.01797 0.01442 0.01138 0.02185 0.04700 0.08583 0.06077 0.04357 0.07537 0.09675 0.15487 0.02693 0.03444 0.08420 0.07165 0.02136 
232	4	0.00007 0.00051 0.00118 0.00095 0.00102 0.00134 0.00147 0.00180 0.00244 0.00381 0.00476 0.00666 0.00956 0.01475 0.01802 0.02445 0.03215 0.04082 0.06131 0.06436 0.06858 0.09174 0.09975 0.02931 0.01067 0.02144 0.09851 0.10752 0.01653 0.01926 0.06232 0.08294 
233	4	0.00053 0.00072 0.00121 0.00095 0.00139 0.00154 0.00231 0.00300 0.00452 0.00902 0.01155 0.01521 0.01852 0.02608 0.02665 0.02736 0.02857 0.02925 0.03558 0.04012 0.10034 0.07568 0.08762 0.07129 0.05006 0.03620 0.03592 0.03779 0.03180 0.04772 0.07352 0.06796 
234	4	0.00003 0.00017 0.00082 0.00110 0.00156 0.00217 0.00326 0.00415 0.00496 0.00834 0.01125 0.01810 0.02768 0.04771 0.05767 0.06116 0.05610 0.05105 0.05355 0.04567 0.04128 0.03499 0.03553 0.09905 0.10396 0.06660 0.04547 0.04270 0.03052 0.02771 0.01271 0.00296 
235	4	0.00015 0.00089 0.00124 0.00145 0.00213 0.00357 0.00592 0.00910 0.01252 0.01953 0.02303 0.02690 0.02839 0.03456 0.03470 0.03503 0.03204 0.02998 0.02907 0.02557 0.02632 0.08239 0.14105 0.08096 0.09060 0.04532 0.04280 0.04305 0.07497 0.01002 0.00420 0.00254 
236	4	0.00012 0.00070 0.00108 0.00101 0.00130 0.00195 0.00262 0.00364 0.00547 0.00877 0.01105 0.01376 0.01525 0.01895 0.01481 0.01280 0.01633 0.01828 0.03800 0.07059 0.14130 0.10498 0.03188 0.00643 0.02146 0.18291 0.18290 0.02755 0.00899 0.01086 0.01193 0.01231 
237	4	0.00035 0.00060 0.00108 0.00097 0.00160 0.00191 0.00256 0.00328 0.00424 0.00665 0.00787 0.00939 0.01073 0.01450 0.01427 0.01501 0.01510 0.02139 0.04306 0.05313 0.09757 0.11288 0.11701 0.03612 0.01274 0.02130 0.12024 0.21363 0.01410 0.00843 0.00650 0.01177 
238	4	0.00000 0.00002 0.00002 0.00008 0.00036 0.00049 0.00164 0.08720 0.21306 0.18567 0.09231 0.02975 0.01719 0.02126 0.02175 0.01789 0.02026 0.01944 0.02119 0.02108 0.01492 0.01109 0.01314 0.01278 0.01376 0.01438 0.01437 0.02452 0.05812 0.04702 0.00520 0.00004 
239	4	0.00009 0.05655 0.17081 0.09401 0.05735 0.01007 0.01097 0.00985 0.00840 0.00826 0.01033 0.01098 0.01568 0.02220 0.03364 0.05369 0.10365 0.18059 0.10528 0.01231 0.00692 0.00455 0.00374 0.00260 0.00197 0.00186 0.00146 0.00106 0.00059 0.00035 0.00012 0.00007 
240	4	0.00000 0.00000 0.00000 0.00000 0.00417 0.05477 0.07557 0.05656 0.04964 0.04237 0.04101 0.03271 0.02165 0.02488 0.03304 0.12686 0.29505 0.09232 0.01388 0.00893 0.00632 0.00421 0.00378 0.00266 0.00234 0.00187 0.00170 0.00233 0.00117 0.00015 0.00002 0.00002 
241	4	0.00001 0.00002 0.00015 0.00057 0.00154 0.00492 0.01230 0.01548 0.01697 0.01783 0.02058 0.01734 0.01697 0.01937 0.04420 0.07404 0.07625 0.07360 0.07407 0.07520 0.07907 0.05710 0.05263 0.03427 0.03177 0.04385 0.04244 0.04302 0.03130 0.01904 0.00402 0.00010 
242	4	0.00000 0.00003 0.00014 0.00021 0.00060 0.00152 0.00410 0.00686 0.01061 0.00979 0.01240 0.01271 0.02203 0.03538 0.08767 0.05838 0.06539 0.07858 0.09740 0.09013 0.04679 0.04706 0.04037 0.03677 0.03876 0.04334 0.04546 0.04923 0.02812 0.02177 0.00804 0.00035 
243	4	0.00001 0.00005 0.00002 0.00009 0.00020 0.00040 0.00060 0.00089 0.00125 0.00175 0.07797 0.14550 0.05034 0.02907 0.05327 0.03850 0.04393 0.03733 0.01585 0.02377 0.04642 0.04036 0.03870 0.05201 0.06694 0.06621 0.06678 0.05414 0.02848 0.01426 0.00467 0.00024 
244	4	0.00000 0.00005 0.00005 0.00003 0.00009 0.00019 0.00026 0.00033 0.00044 0.00100 0.05834 0.22575 0.07841 0.02702 0.03275 0.00858 0.02873 0.08773 0.02932 0.04467 0.04954 0.03885 0.04339 0.04742 0.04887 0.04075 0.04017 0.03492 0.02226 0.00728 0.00267 0.00014 
245	4	0.00000 0.00005 0.00017 0.00055 0.00159 0.00425 0.00919 0.01552 0.02030 0.02182 0.03309 0.05743 0.04456 0.07441 0.07314 0.06732 0.06981 0.05233 0.04694 0.04060 0.04355 0.04299 0.03140 0.03635 0.03456 0.03670 0.03196 0.03877 0.03793 0.02912 0.00355 0.00002 
246	4	0.00000 0.00001 0.00011 0.00028 0.00065 0.00457 0.01437 0.03258 0.03262 0.03617 0.03182 0.02535 0.03473 0.07914 0.10085 0.08422 0.07974 0.06405 0.04185 0.03803 0.02244 0.02173 0.02445 0.02885 0.04195 0.03793 0.04439 0.03286 0.02776 0.01461 0.00175 0.00010 
247	4	0.00001 0.00002 0.00005 0.00014 0.00050 0.00199 0.00645 0.00769 0.00937 0.01289 0.01644 0.01816 0.02812 0.03588 0.05708 0.08097 0.11813 0.12925 0.10317 0.08252 0.07250 0.04821 0.02135 0.01937 0.01455 0.01760 0.02452 0.03045 0.02802 0.01297 0.00160 0.00002 
248	4	0.00000 0.00002 0.00007 0.00020 0.00041 0.00043 0.00115 0.00219 0.00496 0.00795 0.01420 0.03100 0.03521 0.04696 0.05880 0.11456 0.06805 0.08421 0.04807 0.01797 0.01735 0.01531 0.01551 0.02147 0.02758 0.06181 0.07838 0.08852 0.10278 0.03232 0.00247 0.00007 
249	4	0.00002 0.00011 0.00029 0.00079 0.00187 0.00394 0.00511 0.05273 0.18937 0.12035 0.09347 0.02575 0.01573 0.01389 0.02045 0.02408 0.03382 0.06107 0.09641 0.05901 0.02852 0.03160 0.02315 0.02038 0.01627 0.01223 0.01379 0.01567 0.01428 0.00512 0.00070 0.00002 
250	4	0.00005 0.00019 0.00031 0.00063 0.00124 0.00217 0.00708 0.02032 0.05555 0.06430 0.04475 0.04166 0.03280 0.03061 0.03961 0.03323 0.02566 0.01558 0.00995 0.00669 0.00562 0.00449 0.00480 0.00619 0.17807 0.21690 0.01282 0.02340 0.05270 0.03489 0.01815 0.00957 
251	4	0.00000 0.00000 0.00001 0.00003 0.00011 0.00021 0.00083 0.00260 0.01268 0.03762 0.03921 0.03420 0.02961 0.03144 0.02805 0.03331 0.03595 0.03043 0.03464 0.03128 0.06294 0.09950 0.10988 0.10476 0.12754 0.04748 0.02345 0.02180 0.01346 0.00632 0.00061 0.00003 
252	4	0.00002 0.00000 0.00005 0.00010 0.00112 0.00692 0.03292 0.05165 0.04341 0.00929 0.00167 0.00102 0.00068 0.00073 0.00059 0.00076 0.00102 0.00780 0.24672 0.09376 0.02117 0.02055 0.03150 0.07667 0.06955 0.07875 0.06015 0.06771 0.06319 0.00952 0.00094 0.00005 
253	4	0.00001 0.00000 0.00002 0.00014 0.00020 0.00043 0.00060 0.00128 0.10337 0.20223 0.09162 0.02392 0.01323 0.01225 0.01040 0.01560 0.01936 0.03316 0.05984 0.07918 0.05664 0.03948 0.05495 0.05303 0.04883 0.04070 0.02905 0.00757 0.00220 0.00055 0.00012 0.00000 
254	4	0.00000 0.00001 0.00003 0.00012 0.00021 0.00065 0.01591 0.02479 0.00754 0.00093 0.00041 0.00029 0.00035 0.00069 0.00170 0.00270 0.00418 0.00704 0.17728 0.22699 0.02520 0.04164 0.06694 0.03890 0.06662 0.07444 0.06368 0.06870 0.06383 0.01566 0.00248 0.00007 
255	4	0.00000 0.00000 0.00000 0.00002 0.00002 0.00007 0.00034 0.00743 0.04430 0.05845 0.03380 0.00447 0.00093 0.00072 0.00104 0.00195 0.00300 0.00424 0.04552 0.26996 0.09000 0.02358 0.02592 0.03760 0.05921 0.08015 0.07230 0.06087 0.05940 0.01340 0.00127 0.00003 
256	4	0.00001 0.00000 0.00002 0.00008 0.00009 0.00019 0.00037 0.00099 0.03364 0.19767 0.17789 0.03063 0.01636 0.01085 0.01350 0.01219 0.01742 0.03028 0.04103 0.06267 0.04905 0.05045 0.05293 0.04637 0.05131 0.03896 0.04745 0.01153 0.00450 0.00132 0.00020 0.00005 
257	4	0.00000 0.00002 0.00007 0.00020 0.00118 0.01520 0.04087 0.03765 0.05515 0.03675 0.03175 0.02795 0.02019 0.02415 0.02801 0.03240 0.03122 0.02164 0.02727 0.03954 0.06250 0.07930 0.12054 0.07441 0.02809 0.02449 0.02473 0.04312 0.03883 0.02772 0.00498 0.00006 
258	4	0.00000 0.00002 0.00006 0.00017 0.00037 0.00100 0.00276 0.00902 0.01402 0.01467 0.01496 0.02213 0.01736 0.02333 0.03136 0.03918 0.04257 0.03984 0.03709 0.03662 0.22735 0.08618 0.09572 0.08466 0.05324 0.02628 0.02832 0.02527 0.01791 0.00744 0.00109 0.00002 
259	4	0.00000 0.00000 0.00003 0.00006 0.00031 0.00084 0.00295 0.01017 0.02145 0.02059 0.01865 0.01726 0.01915 0.02339 0.02866 0.03060 0.03156 0.03103 0.03289 0.03206 0.08266 0.11684 0.14162 0.11989 0.08582 0.02659 0.02097 0.02799 0.03147 0.01847 0.00570 0.00029 
260	4	0.00002 0.00003 0.00005 0.00012 0.00030 0.00074 0.00168 0.00480 0.00935 0.01501 0.01570 0.01312 0.01471 0.01815 0.01993 0.02907 0.03176 0.02991 0.03463 0.03731 0.04572 0.15874 0.10122 0.11300 0.16053 0.02730 0.02285 0.02686 0.02904 0.02791 0.00994 0.00050 
261	4	0.00000 0.00003 0.00012 0.00057 0.00951 0.02592 0.03367 0.05260 0.05552 0.03272 0.02843 0.02338 0.01968 0.01965 0.01829 0.01570 0.01790 0.01744 0.01988 0.02526 0.14620 0.27874 0.01679 0.01439 0.01641 0.01807 0.01725 0.01998 0.01765 0.01862 0.01799 0.00162 
262	4	0.00002 0.00007 0.00023 0.00108 0.00426 0.00910 0.01567 0.02255 0.02283 0.02194 0.01710 0.01737 0.01653 0.02196 0.02394 0.03193 0.04007 0.04506 0.05002 0.04215 0.05084 0.06751 0.12307 0.23303 0.04318 0.01684 0.01612 0.01860 0.01411 0.00788 0.00347 0.00147 
263	4	0.00004 0.00013 0.00040 0.00061 0.00357 0.00653 0.01581 0.01525 0.02876 0.02300 0.03428 0.02960 0.04785 0.04000 0.05830 0.03910 0.04747 0.02896 0.03508 0.02175 0.03257 0.04192 0.08932 0.14890 0.17084 0.00887 0.01167 0.00686 0.00656 0.00276 0.00245 0.00080 
264	4	0.00001 0.00002 0.00010 0.00024 0.00057 0.00302 0.00480 0.00934 0.00962 0.00341 0.00054 0.00035 0.00029 0.00044 0.00082 0.00090 0.00148 0.00319 0.15973 0.29970 0.05978 0.01582 0.03198 0.06360 0.09185 0.06452 0.04805 0.05690 0.04722 0.01969 0.00192 0.00008 
265	4	0.00001 0.00001 0.00000 0.00005 0.00010 0.00027 0.00052 0.00290 0.09866 0.16853 0.17068 0.04395 0.01323 0.01029 0.01138 0.01047 0.02209 0.04160 0.05516 0.05593 0.03951 0.04077 0.03590 0.04610 0.04808 0.04387 0.02629 0.01083 0.00174 0.00077 0.00025 0.00003 
266	4	0.00000 0.00000 0.00000 0.00002 0.00004 0.00008 0.00015 0.00029 0.00059 0.00095 0.07011 0.24607 0.14198 0.02505 0.00812 0.00692 0.01002 0.01277 0.02081 0.06163 0.12030 0.05200 0.04041 0.04005 0.04530 0.04060 0.03358 0.01676 0.00399 0.00105 0.00030 0.00004 
267	4	0.00001 0.00002 0.00005 0.00010 0.00021 0.00032 0.00059 0.00117 0.05739 0.19361 0.14157 0.04637 0.01091 0.00982 0.00832 0.01176 0.02126 0.03782 0.05132 0.08934 0.04330 0.03236 0.04247 0.04302 0.04348 0.03759 0.03666 0.02485 0.01113 0.00206 0.00084 0.00027 
268	4	0.00000 0.00000 0.00000 0.00003 0.00008 0.00019 0.00051 0.00162 0.00340 0.01901 0.07700 0.08321 0.08391 0.04600 0.03022 0.02669 0.02965 0.03447 0.03792 0.03653 0.03691 0.06259 0.10164 0.06651 0.06437 0.03134 0.02298 0.04020 0.03840 0.01985 0.00467 0.00009 
269	4	0.00001 0.00001 0.00002 0.00010 0.00020 0.00049 0.00137 0.00490 0.02128 0.07229 0.10684 0.07867 0.05599 0.03072 0.02807 0.02461 0.03320 0.04547 0.03877 0.04389 0.04996 0.07428 0.06749 0.05638 0.04020 0.02225 0.02408 0.03242 0.02916 0.01390 0.00289 0.00009 
270	4	0.00000 0.00002 0.00007 0.00018 0.00034 0.00192 0.01181 0.02205 0.02102 0.02694 0.02820 0.02940 0.03172 0.03305 0.05310 0.05739 0.05215 0.05866 0.05960 0.07362 0.05029 0.03718 0.03588 0.03040 0.06224 0.06821 0.04937 0.04247 0.02932 0.02737 0.00576 0.00027 
271	4	0.00002 0.00016 0.00054 0.00147 0.00490 0.01197 0.01781 0.01754 0.02142 0.02237 0.02476 0.02224 0.02768 0.04649 0.05294 0.04751 0.05683 0.05396 0.07296 0.07356 0.04512 0.03455 0.03657 0.03437 0.04911 0.06494 0.05047 0.04206 0.03636 0.02328 0.00570 0.00032 
272	4	0.00002 0.00007 0.00035 0.00077 0.00217 0.00842 0.01240 0.01870 0.01724 0.01925 0.02349 0.02149 0.06181 0.05495 0.06104 0.05598 0.07967 0.11337 0.08022 0.04888 0.02886 0.03532 0.02999 0.03273 0.04342 0.03800 0.04520 0.03250 0.02269 0.01000 0.00094 0.00005 
273	4	0.00001 0.00000 0.00002 0.00019 0.00049 0.00148 0.00661 0.01513 0.02309 0.02547 0.02609 0.02442 0.02360 0.02712 0.07724 0.07377 0.06681 0.05851 0.06280 0.07393 0.06486 0.04201 0.03110 0.02790 0.04881 0.05430 0.05167 0.03835 0.02975 0.01942 0.00489 0.00014 
274	4	0.00001 0.00001 0.00003 0.00006 0.00020 0.05156 0.14270 0.10997 0.10410 0.06042 0.02261 0.01795 0.01942 0.01706 0.01930 0.01903 0.02487 0.02837 0.03103 0.03333 0.05065 0.10372 0.02571 0.01572 0.01295 0.01205 0.01482 0.01320 0.01815 0.02417 0.00659 0.00023 
275	4	0.00001 0.00007 0.00007 0.00007 0.00018 0.00047 0.00140 0.00818 0.01253 0.04773 0.05525 0.02602 0.01730 0.01665 0.00763 0.01083 0.01613 0.02203 0.02670 0.02853 0.03574 0.04330 0.13527 0.13460 0.16207 0.02765 0.03071 0.03487 0.05644 0.03706 0.00442 0.00006 
276	4	0.00000 0.00002 0.00015 0.00036 0.00040 0.00070 0.00373 0.00811 0.00645 0.00356 0.00315 0.00552 0.00894 0.00848 0.00670 0.00742 0.00763 0.00660 0.00848 0.00874 0.00924 0.00870 0.01121 0.02819 0.07591 0.36455 0.24058 0.11442 0.04308 0.00884 0.00011 0.00001 
277	4	0.00000 0.00002 0.00005 0.00005 0.00010 0.00015 0.00030 0.00088 0.01499 0.05191 0.03707 0.00440 0.00422 0.00626 0.01138 0.01667 0.02484 0.03166 0.03338 0.03944 0.18592 0.14828 0.09421 0.04865 0.03331 0.03612 0.04722 0.06154 0.05606 0.00995 0.00097 0.00002 
278	4	0.00000 0.00003 0.00004 0.00007 0.00021 0.00029 0.00040 0.00660 0.07455 0.05628 0.00664 0.00354 0.00782 0.01200 0.01601 0.02237 0.03140 0.03266 0.04106 0.15741 0.12255 0.10885 0.03094 0.02961 0.03453 0.03703 0.05036 0.06682 0.04175 0.00775 0.00042 0.00001 
279	4	0.00005 0.00006 0.00011 0.00022 0.00055 0.00136 0.00624 0.02783 0.17063 0.15057 0.01772 0.00397 0.00325 0.00309 0.00476 0.00576 0.00741 0.01219 0.01966 0.14610 0.16236 0.06918 0.06302 0.02403 0.02447 0.02615 0.01953 0.01782 0.00730 0.00388 0.00067 0.00001 
280	5	0.00000 0.00002 0.00006 0.00022 0.00044 0.00065 0.00168 0.00398 0.00811 0.01307 0.02032 0.02616 0.02676 0.03329 0.03480 0.03055 0.02557 0.02123 0.02356 0.02462 0.03704 0.03926 0.04298 0.06876 0.09768 0.10592 0.09887 0.08408 0.05902 0.04832 0.01344 0.00951 
281	5	0.00010 0.00091 0.00172 0.00559 0.01401 0.01600 0.02287 0.04651 0.05816 0.07650 0.06155 0.07285 0.05705 0.05037 0.03688 0.03405 0.03715 0.02972 0.03931 0.03224 0.04400 0.04452 0.03725 0.02615 0.02395 0.02031 0.02203 0.02344 0.02084 0.02855 0.01333 0.00206 
282	5	0.00002 0.00004 0.00025 0.00043 0.00094 0.00251 0.00454 0.00798 0.01092 0.01494 0.02194 0.02853 0.03928 0.05452 0.06245 0.06084 0.05579 0.05206 0.04392 0.03642 0.03597 0.03623 0.03873 0.04369 0.05102 0.05065 0.04993 0.04680 0.04538 0.05275 0.04755 0.00298 
283	5	0.00000 0.00000 0.00025 0.00186 0.00566 0.00530 0.00503 0.00577 0.00522 0.00492 0.00629 0.00730 0.01080 0.01429 0.02000 0.02467 0.03545 0.03557 0.03676 0.04141 0.04370 0.05263 0.05475 0.08007 0.09912 0.09915 0.09147 0.09337 0.06742 0.04517 0.00632 0.00026 
284	5	0.00001 0.00005 0.00027 0.00208 0.00617 0.00860 0.00631 0.00764 0.01195 0.01230 0.01728 0.02164 0.01606 0.01642 0.02327 0.02270 0.02360 0.02959 0.02890 0.03670 0.05301 0.04677 0.05346 0.06884 0.06285 0.07702 0.09272 0.07292 0.08306 0.08009 0.01670 0.00102 
285	5	0.00001 0.00009 0.00042 0.00109 0.00330 0.00710 0.01018 0.00976 0.00824 0.00755 0.00972 0.01070 0.01034 0.01074 0.01308 0.01112 0.01230 0.01104 0.01060 0.01248 0.01911 0.09393 0.10843 0.07559 0.06030 0.05185 0.05288 0.08737 0.11477 0.14942 0.02641 0.00009 
286	5	0.00002 0.00030 0.00150 0.00339 0.00656 0.01617 0.02573 0.04329 0.05097 0.06149 0.06909 0.05713 0.05945 0.04369 0.03716 0.02357 0.01844 0.01819 0.01345 0.01364 0.01076 0.01082 0.00869 0.00955 0.01159 0.01376 0.03445 0.04106 0.10241 0.13876 0.05297 0.00192 
287	5	0.00001 0.00004 0.00020 0.00070 0.00161 0.00350 0.00507 0.00672 0.01130 0.01267 0.01522 0.02605 0.03486 0.04688 0.05856 0.04655 0.04567 0.05739 0.05523 0.06303 0.07544 0.06369 0.05544 0.05816 0.04916 0.04771 0.03827 0.03273 0.03375 0.02632 0.02559 0.00247 
288	5	0.00004 0.00017 0.00040 0.00036 0.00072 0.00087 0.00162 0.00232 0.00317 0.00525 0.00662 0.00832 0.01087 0.01655 0.01958 0.02454 0.03307 0.04388 0.05550 0.05525 0.06117 0.07734 0.09894 0.09649 0.10391 0.08245 0.05890 0.05517 0.03250 0.02565 0.01568 0.00267 
289	5	0.00003 0.00012 0.00039 0.00062 0.00082 0.00097 0.00178 0.00312 0.00372 0.00644 0.00517 0.00432 0.00360 0.00242 0.00255 0.00289 0.00705 0.01465 0.01581 0.02465 0.05912 0.06074 0.05433 0.05407 0.06965 0.10510 0.10234 0.11101 0.14497 0.09748 0.02823 0.01181 
290	5	0.00004 0.00014 0.00048 0.00065 0.00117 0.00131 0.00249 0.00354 0.00415 0.00685 0.00426 0.00395 0.00297 0.00205 0.00245 0.00431 0.00957 0.01512 0.02176 0.04392 0.05525 0.05976 0.06150 0.05985 0.07881 0.10266 0.10970 0.14531 0.11437 0.05589 0.01752 0.00821 
291	5	0.00001 0.00005 0.00012 0.00066 0.00105 0.00120 0.00173 0.00270 0.00571 0.01307 0.01957 0.03390 0.05059 0.05010 0.05955 0.05392 0.06661 0.06188 0.06502 0.05819 0.05342 0.05859 0.06272 0.05357 0.04975 0.05385 0.03434 0.03370 0.02455 0.01949 0.00973 0.00065 
292	5	0.00000 0.00001 0.00007 0.00024 0.00079 0.00098 0.00190 0.00310 0.00392 0.00553 0.00965 0.01386 0.01575 0.01817 0.01577 0.01454 0.01987 0.02158 0.03052 0.02946 0.03377 0.04108 0.03709 0.03792 0.05525 0.06779 0.07849 0.11352 0.12972 0.08769 0.07876 0.03320 
293	5	0.00002 0.00023 0.00069 0.00154 0.00267 0.00248 0.00431 0.00782 0.01181 0.01550 0.02308 0.04772 0.06019 0.08200 0.09156 0.06275 0.06303 0.05219 0.04727 0.05081 0.05444 0.04090 0.03674 0.05183 0.04188 0.03745 0.02937 0.02935 0.02589 0.01355 0.01008 0.00084 
294	5	0.00001 0.00019 0.00109 0.00088 0.00389 0.01474 0.01722 0.01262 0.02595 0.04325 0.03279 0.05157 0.05491 0.04781 0.03720 0.04968 0.05145 0.04099 0.06472 0.05885 0.05650 0.04173 0.05407 0.04942 0.03444 0.04646 0.03387 0.03511 0.01901 0.01469 0.00480 0.00007 
295	5	0.00004 0.00024 0.00082 0.00165 0.00250 0.00428 0.00702 0.01085 0.01872 0.02622 0.03663 0.04009 0.05267 0.06197 0.06545 0.06775 0.06184 0.06220 0.06556 0.06551 0.05944 0.04810 0.03903 0.03812 0.03425 0.03548 0.03041 0.02859 0.02016 0.00854 0.00558 0.00030 
296	5	0.00000 0.00004 0.00005 0.00012 0.00020 0.00036 0.00047 0.00090 0.00169 0.00294 0.00363 0.00502 0.00653 0.01025 0.01152 0.01342 0.01629 0.01955 0.03367 0.04921 0.07402 0.09449 0.13505 0.11810 0.09383 0.07725 0.05952 0.05652 0.04097 0.03396 0.02772 0.01270 
297	5	0.00001 0.00013 0.00053 0.00146 0.00266 0.00366 0.00720 0.00744 0.00723 0.00820 0.00595 0.00670 0.01051 0.01022 0.01860 0.01958 0.02512 0.03432 0.03361 0.05553 0.06520 0.08783 0.09650 0.07633 0.09357 0.12830 0.08317 0.05349 0.02748 0.01783 0.01015 0.00148 
298	5	0.00000 0.00015 0.00042 0.00121 0.00302 0.00822 0.00845 0.01031 0.01598 0.01674 0.02099 0.03419 0.03787 0.04510 0.06307 0.05943 0.05699 0.05514 0.04934 0.05492 0.07224 0.05487 0.04514 0.04749 0.04393 0.04741 0.04695 0.03712 0.02543 0.02362 0.01147 0.00276 
299	5	0.00000 0.00000 0.00000 0.00005 0.00040 0.00216 0.00357 0.00377 0.00424 0.00757 0.00892 0.01375 0.01773 0.01832 0.02001 0.02151 0.02607 0.02491 0.02661 0.03280 0.04560 0.05902 0.08823 0.08726 0.09670 0.10699 0.10355 0.08773 0.07255 0.01803 0.00190 0.00003 
300	5	0.00000 0.00000 0.00002 0.00005 0.00022 0.00064 0.00152 0.00437 0.00582 0.01138 0.01711 0.02553 0.02922 0.02866 0.03057 0.03145 0.03439 0.03695 0.04007 0.04577 0.05611 0.06085 0.06651 0.06647 0.08287 0.08873 0.08326 0.06863 0.04925 0.02959 0.00385 0.00011 
301	5	0.00000 0.00001 0.00015 0.00040 0.00075 0.00188 0.00301 0.00462 0.00558 0.00728 0.01194 0.01827 0.02860 0.04267 0.05433 0.06232 0.07157 0.05727 0.05324 0.04743 0.03985 0.03980 0.03750 0.03482 0.03565 0.04311 0.05367 0.04894 0.04753 0.05377 0.06771 0.02633 
302	5	0.00000 0.00027 0.00041 0.00129 0.00190 0.00187 0.00265 0.00306 0.00504 0.00835 0.01122 0.00936 0.00904 0.00986 0.01269 0.01987 0.03477 0.03702 0.04306 0.05562 0.06242 0.06203 0.07443 0.07420 0.06705 0.06521 0.07531 0.07890 0.07950 0.05313 0.03644 0.00400 
303	5	0.00001 0.00005 0.00014 0.00012 0.00035 0.00043 0.00069 0.00087 0.00149 0.00195 0.00352 0.00466 0.00767 0.01380 0.02345 0.03828 0.05221 0.07899 0.08335 0.07920 0.05333 0.06664 0.05337 0.06400 0.04856 0.05331 0.05587 0.07644 0.04958 0.04831 0.03674 0.00260 
304	5	0.00030 0.00042 0.00132 0.00124 0.00218 0.00260 0.00305 0.00656 0.01039 0.01071 0.01040 0.01305 0.01685 0.01765 0.01738 0.01727 0.02840 0.05421 0.07435 0.08810 0.05855 0.05653 0.06099 0.05147 0.04867 0.05591 0.05505 0.05315 0.05649 0.06649 0.05393 0.00630 
305	5	0.00000 0.00002 0.00005 0.00007 0.00019 0.00052 0.00098 0.00204 0.00280 0.00589 0.01046 0.01645 0.02006 0.03559 0.05545 0.07022 0.10816 0.12113 0.12447 0.09573 0.08402 0.04738 0.02279 0.01897 0.01993 0.02390 0.02506 0.02147 0.02697 0.02728 0.01136 0.00057 
306	5	0.00000 0.00000 0.00002 0.00006 0.00013 0.00042 0.00142 0.00810 0.02536 0.04304 0.06265 0.06545 0.05548 0.05628 0.05035 0.04222 0.04661 0.04593 0.04693 0.04285 0.04682 0.04562 0.03543 0.03675 0.03357 0.02780 0.03022 0.03451 0.04468 0.03231 0.02330 0.01568 
307	5	0.00002 0.00005 0.00014 0.00023 0.00029 0.00048 0.00122 0.00190 0.00504 0.00849 0.01877 0.01906 0.02878 0.02653 0.03930 0.03452 0.05059 0.04561 0.06957 0.06097 0.08813 0.07562 0.09921 0.06975 0.07235 0.04056 0.03608 0.02126 0.02271 0.01768 0.02824 0.01685 
308	5	0.00000 0.00000 0.00000 0.00001 0.00004 0.00022 0.00129 0.00890 0.02698 0.04620 0.05771 0.05171 0.05063 0.05855 0.05388 0.05552 0.06062 0.05127 0.06051 0.05466 0.05585 0.06352 0.04975 0.04476 0.04075 0.02731 0.02099 0.01871 0.01348 0.01127 0.00992 0.00497 
309	5	0.00001 0.00020 0.00046 0.00071 0.00121 0.00250 0.00551 0.01143 0.02277 0.04042 0.05390 0.06491 0.06801 0.07077 0.07078 0.06255 0.06889 0.06718 0.06422 0.05819 0.05232 0.04258 0.03470 0.02490 0.01920 0.01679 0.01675 0.01711 0.01738 0.01299 0.00840 0.00223 
310	5	0.00001 0.00000 0.00003 0.00008 0.00024 0.00042 0.00127 0.00346 0.00874 0.01731 0.02940 0.03873 0.04300 0.04361 0.04009 0.03722 0.04386 0.04398 0.05058 0.05644 0.06078 0.06417 0.06679 0.06452 0.06436 0.05878 0.05102 0.04375 0.03404 0.02226 0.00979 0.00125 
311	5	0.00000 0.00000 0.00001 0.00002 0.00006 0.00014 0.00036 0.00070 0.00148 0.00394 0.00927 0.01739 0.02618 0.03638 0.04344 0.04152 0.05004 0.05000 0.05478 0.06421 0.07228 0.07620 0.07807 0.06595 0.07335 0.06486 0.05319 0.04396 0.03196 0.02200 0.01478 0.00349 
312	5	0.00000 0.00000 0.00001 0.00003 0.00006 0.00008 0.00025 0.00062 0.00169 0.00491 0.01287 0.02288 0.03046 0.03567 0.03820 0.03794 0.04864 0.05562 0.06554 0.07707 0.08645 0.09290 0.09033 0.06686 0.05792 0.03983 0.02819 0.02267 0.01951 0.01857 0.02464 0.01957 
313	5	0.00001 0.00002 0.00003 0.00020 0.00027 0.00079 0.00183 0.00495 0.00801 0.01566 0.02002 0.02740 0.02711 0.03467 0.03352 0.03715 0.04750 0.04580 0.05639 0.05333 0.06187 0.05074 0.05409 0.04650 0.05496 0.04910 0.05809 0.04969 0.05155 0.03658 0.04250 0.02967 
314	5	0.00000 0.00006 0.00011 0.00028 0.00042 0.00056 0.00078 0.00091 0.00116 0.00170 0.00281 0.00450 0.00704 0.01060 0.01300 0.01459 0.01986 0.02129 0.02880 0.06691 0.20060 0.18498 0.21001 0.09993 0.02794 0.01534 0.01187 0.01063 0.00902 0.00648 0.00828 0.01952 
315	5	0.00001 0.00000 0.00000 0.00002 0.00004 0.00015 0.00037 0.00100 0.00220 0.00530 0.01063 0.01863 0.02287 0.03186 0.03860 0.04108 0.05532 0.06707 0.07706 0.07545 0.08957 0.09200 0.08440 0.05828 0.04733 0.03395 0.02830 0.02590 0.03082 0.02942 0.02642 0.00593 
316	5	0.00001 0.00011 0.00023 0.00030 0.00031 0.00057 0.00071 0.00111 0.00186 0.00335 0.00430 0.00652 0.00950 0.01494 0.01912 0.02750 0.03974 0.05415 0.08155 0.09142 0.10120 0.10589 0.11283 0.08482 0.06465 0.04565 0.03142 0.02527 0.01742 0.01507 0.01713 0.02135 
317	5	0.00000 0.00004 0.00006 0.00032 0.00206 0.00540 0.01280 0.02741 0.03953 0.05319 0.06496 0.06116 0.06774 0.08092 0.06408 0.05669 0.05509 0.04329 0.04277 0.03233 0.02755 0.02637 0.01563 0.01226 0.01441 0.01358 0.01863 0.03446 0.04677 0.04510 0.03363 0.00176 
318	5	0.00000 0.00004 0.00017 0.00014 0.00028 0.00043 0.00057 0.00102 0.00155 0.00305 0.00417 0.00616 0.00804 0.01338 0.01519 0.02055 0.02716 0.03551 0.05237 0.06121 0.07680 0.09130 0.10793 0.09201 0.08515 0.07577 0.06425 0.05738 0.03752 0.02574 0.01940 0.01573 
319	5	0.00001 0.00002 0.00008 0.00027 0.00049 0.00112 0.00311 0.00737 0.01259 0.02555 0.04781 0.06671 0.06982 0.06292 0.05142 0.04147 0.04390 0.04260 0.04460 0.04611 0.04714 0.04349 0.04314 0.03395 0.03894 0.04042 0.04365 0.04745 0.03736 0.02997 0.01724 0.00926 
320	5	0.00000 0.00000 0.00004 0.00010 0.00027 0.00052 0.00107 0.00379 0.00732 0.01664 0.02808 0.04359 0.06374 0.07748 0.08045 0.06809 0.06883 0.06380 0.05632 0.04847 0.04526 0.04393 0.04148 0.03370 0.03359 0.02980 0.02762 0.02828 0.02871 0.02227 0.02265 0.01411 
321	5	0.00002 0.00012 0.00025 0.00047 0.00069 0.00098 0.00083 0.00166 0.00194 0.00375 0.00382 0.00606 0.00667 0.01360 0.02202 0.05703 0.12106 0.13794 0.15135 0.12538 0.15230 0.11197 0.02968 0.01020 0.01123 0.01046 0.00947 0.00455 0.00279 0.00112 0.00055 0.00002 
322	5	0.00000 0.00002 0.00003 0.00004 0.00018 0.00044 0.00071 0.00098 0.00125 0.00230 0.00342 0.00582 0.00866 0.01437 0.02193 0.03325 0.04565 0.05865 0.06963 0.07956 0.09526 0.10889 0.15980 0.11610 0.12197 0.03330 0.00644 0.00565 0.00388 0.00135 0.00045 0.00001 
323	5	0.00002 0.00006 0.00030 0.00096 0.00290 0.00720 0.01282 0.02033 0.02969 0.04303 0.06802 0.07567 0.09360 0.10447 0.09785 0.08587 0.07070 0.05280 0.03437 0.02471 0.02099 0.01858 0.01439 0.01500 0.01693 0.01497 0.01039 0.00947 0.01356 0.02166 0.01347 0.00522 
324	5	0.00001 0.00005 0.00023 0.00102 0.00359 0.00688 0.00860 0.01387 0.01984 0.03102 0.05016 0.06681 0.06594 0.09316 0.09643 0.09505 0.08317 0.06774 0.05206 0.03185 0.03298 0.01846 0.01284 0.01386 0.02031 0.02067 0.03750 0.02697 0.01590 0.00822 0.00462 0.00019 
325	5	0.00016 0.00056 0.00115 0.00108 0.00160 0.00259 0.00530 0.00910 0.01542 0.02432 0.04227 0.05387 0.06230 0.07493 0.07824 0.07597 0.08096 0.06398 0.05660 0.04263 0.03289 0.02893 0.01807 0.01712 0.01622 0.01630 0.01957 0.02153 0.03507 0.05423 0.03700 0.01001 
326	5	0.00001 0.00002 0.00012 0.00040 0.00107 0.00293 0.00660 0.01387 0.02287 0.03303 0.05771 0.09107 0.09983 0.09459 0.09390 0.08076 0.06700 0.04466 0.04595 0.04697 0.04251 0.03232 0.02218 0.01405 0.01092 0.00999 0.01067 0.01126 0.01315 0.01084 0.00812 0.01061 
327	5	0.00001 0.00005 0.00023 0.00081 0.00317 0.00874 0.01955 0.02606 0.03822 0.05140 0.06725 0.07781 0.06873 0.05689 0.04820 0.03514 0.02328 0.02090 0.01925 0.02277 0.02322 0.02119 0.02260 0.02001 0.02463 0.02600 0.03676 0.05665 0.07853 0.05982 0.03090 0.01124 
328	5	0.00000 0.00000 0.00000 0.00007 0.00010 0.00108 0.00377 0.01953 0.03360 0.05450 0.06830 0.06837 0.07296 0.05219 0.05023 0.03401 0.03207 0.02747 0.01966 0.02295 0.01845 0.02130 0.01844 0.01605 0.01648 0.01622 0.02020 0.02013 0.03078 0.06660 0.18420 0.01026 
329	5	0.00001 0.00007 0.00014 0.00020 0.00043 0.00069 0.00107 0.00174 0.00278 0.00477 0.00746 0.01213 0.02334 0.04760 0.07041 0.08015 0.08464 0.09584 0.10708 0.08761 0.07302 0.04806 0.04037 0.03029 0.03042 0.03791 0.02498 0.01799 0.01318 0.02200 0.02825 0.00535 
330	5	0.00001 0.00003 0.00005 0.00006 0.00023 0.00048 0.00170 0.00381 0.00712 0.00890 0.01388 0.01478 0.01187 0.01617 0.01682 0.01614 0.02353 0.02460 0.02939 0.02666 0.03670 0.04440 0.03460 0.05085 0.06066 0.07600 0.07350 0.09638 0.10438 0.08965 0.09818 0.01844 
331	5	0.00000 0.00000 0.00002 0.00008 0.00029 0.00035 0.00076 0.00077 0.00142 0.00131 0.00244 0.00239 0.00510 0.00519 0.01010 0.00868 0.01269 0.00846 0.01173 0.00967 0.01490 0.01256 0.02360 0.02410 0.04406 0.04788 0.10349 0.11680 0.18397 0.14745 0.17956 0.02017 
332	5	0.00001 0.00000 0.00002 0.00004 0.00012 0.00015 0.00035 0.00052 0.00087 0.00132 0.00234 0.00333 0.00612 0.00731 0.00985 0.01079 0.01131 0.01412 0.01675 0.02242 0.02092 0.03137 0.04044 0.05183 0.07198 0.10284 0.14180 0.15439 0.11854 0.09435 0.06105 0.00275 
333	5	0.00002 0.00006 0.00008 0.00028 0.00031 0.00070 0.00130 0.00250 0.00377 0.00625 0.00875 0.01465 0.02070 0.02782 0.03716 0.04767 0.06084 0.07349 0.08384 0.08762 0.07841 0.05636 0.05226 0.04108 0.03395 0.03882 0.04933 0.05156 0.05075 0.04740 0.02189 0.00036 
334	5	0.00000 0.00005 0.00019 0.00055 0.00160 0.00369 0.00831 0.01238 0.01856 0.02167 0.02734 0.02471 0.02545 0.02679 0.03450 0.03487 0.04051 0.05428 0.04923 0.04342 0.03751 0.04015 0.03247 0.03475 0.04006 0.06016 0.05987 0.06380 0.06882 0.08730 0.04479 0.00220 
335	5	0.00000 0.00007 0.00014 0.00027 0.00045 0.00113 0.00193 0.00325 0.00461 0.00753 0.01064 0.01382 0.01463 0.02218 0.02661 0.03427 0.04503 0.05707 0.06583 0.05221 0.05391 0.04823 0.04117 0.03604 0.04471 0.05422 0.06508 0.05959 0.07671 0.08697 0.06728 0.00441 
336	5	0.00001 0.00001 0.00003 0.00005 0.00009 0.00019 0.00048 0.00085 0.00185 0.00294 0.00631 0.01120 0.01786 0.02097 0.02900 0.03511 0.04009 0.04809 0.04983 0.07051 0.08526 0.08886 0.07520 0.07563 0.05550 0.04597 0.04525 0.04920 0.04499 0.04378 0.05170 0.00319 
337	5	0.00000 0.00004 0.00007 0.00016 0.00057 0.00155 0.00335 0.00769 0.01191 0.01515 0.02067 0.02010 0.02249 0.02845 0.02807 0.03088 0.04076 0.04157 0.05752 0.06652 0.08520 0.11455 0.09083 0.05260 0.02106 0.00695 0.00433 0.00377 0.00308 0.02019 0.19978 0.00011 
338	5	0.00002 0.00005 0.00011 0.00022 0.00049 0.00107 0.00152 0.00336 0.00662 0.01000 0.01979 0.02979 0.03046 0.04187 0.04947 0.05152 0.07207 0.08592 0.07946 0.04773 0.04997 0.05300 0.05735 0.05147 0.03287 0.03606 0.08345 0.06907 0.02773 0.00608 0.00135 0.00005 
339	5	0.00001 0.00015 0.00029 0.00036 0.00091 0.00147 0.00294 0.00612 0.01219 0.01669 0.01883 0.02149 0.02571 0.02814 0.03158 0.03872 0.04969 0.06144 0.07569 0.07772 0.07176 0.06689 0.06537 0.06421 0.05894 0.04512 0.05257 0.04820 0.03490 0.01680 0.00456 0.00055 
340	5	0.00013 0.00008 0.00008 0.00013 0.00034 0.00055 0.00097 0.00153 0.00292 0.00607 0.01000 0.01915 0.03474 0.07281 0.10380 0.13716 0.14484 0.11179 0.09280 0.05039 0.03191 0.02525 0.02660 0.02162 0.02026 0.01877 0.01702 0.01651 0.01265 0.01037 0.00640 0.00236 
341	5	0.00000 0.00003 0.00009 0.00018 0.00032 0.00064 0.00144 0.01129 0.01275 0.01520 0.02184 0.03576 0.05493 0.06628 0.07517 0.08284 0.11444 0.09737 0.08099 0.05490 0.03480 0.03227 0.02823 0.02810 0.02895 0.02929 0.03011 0.02423 0.01837 0.01193 0.00556 0.00169 
342	5	0.00005 0.00012 0.00037 0.00042 0.00110 0.00117 0.00285 0.00385 0.00901 0.01055 0.02417 0.03015 0.05939 0.06277 0.10404 0.09748 0.12660 0.07995 0.08053 0.05197 0.05890 0.03944 0.04324 0.02450 0.02278 0.01347 0.01435 0.00970 0.01034 0.00639 0.00700 0.00333 
343	5	0.00002 0.00006 0.00014 0.00024 0.00047 0.00057 0.00087 0.00153 0.00232 0.00417 0.00757 0.01400 0.02362 0.03833 0.05975 0.07715 0.11307 0.12337 0.11035 0.09038 0.07434 0.06385 0.05132 0.03812 0.02550 0.01746 0.01401 0.01244 0.01115 0.00967 0.00896 0.00520 
344	5	0.00000 0.00001 0.00002 0.00005 0.00020 0.00065 0.00236 0.00552 0.01059 0.01676 0.02139 0.02320 0.02124 0.02650 0.02976 0.03246 0.03658 0.04319 0.04710 0.04060 0.04325 0.04568 0.07001 0.11285 0.12038 0.04975 0.02400 0.01553 0.01185 0.01780 0.08149 0.04919 
345	5	0.00017 0.00078 0.00152 0.00186 0.00230 0.00290 0.00477 0.00787 0.01214 0.01976 0.01837 0.01774 0.01792 0.01838 0.01501 0.01527 0.01738 0.02409 0.03076 0.02842 0.03392 0.04006 0.05461 0.06064 0.04696 0.03711 0.03614 0.04429 0.11383 0.11445 0.07670 0.08387 
346	5	0.00009 0.00047 0.00175 0.00322 0.00535 0.01023 0.01490 0.02260 0.03717 0.05637 0.05986 0.05005 0.04120 0.03664 0.03340 0.03071 0.03260 0.02605 0.02452 0.02287 0.02179 0.02298 0.02910 0.03600 0.03331 0.03346 0.03364 0.02705 0.01609 0.00882 0.05949 0.16824 
347	5	0.00001 0.00010 0.00034 0.00067 0.00172 0.00350 0.00721 0.01293 0.02086 0.03382 0.03861 0.04462 0.05022 0.06027 0.05168 0.05009 0.04614 0.04443 0.04701 0.03893 0.03659 0.03714 0.04461 0.04272 0.04450 0.05534 0.07108 0.06000 0.02666 0.01345 0.00772 0.00701 
348	5	0.00002 0.00014 0.00045 0.00192 0.00585 0.01079 0.02042 0.02582 0.03542 0.04843 0.05547 0.07206 0.07160 0.07869 0.05705 0.05436 0.04547 0.03535 0.03652 0.03132 0.03497 0.02982 0.03254 0.03161 0.02679 0.03043 0.02483 0.02682 0.02270 0.01758 0.01816 0.01659 
349	5	0.00002 0.00002 0.00009 0.00017 0.00041 0.00097 0.00185 0.00400 0.00817 0.01313 0.01896 0.02811 0.03328 0.04702 0.06246 0.08680 0.09459 0.09402 0.06918 0.03691 0.02345 0.01332 0.01054 0.02295 0.04300 0.08662 0.07525 0.04848 0.03111 0.02609 0.01797 0.00105 
