350	5	32
0	1	0.00000 0.00004 0.00014 0.00037 0.00060 0.00167 0.00241 0.00430 0.00497 0.00717 0.00570 0.00815 0.00767 0.00847 0.00699 0.01121 0.02916 0.04760 0.05086 0.04133 0.04755 0.03902 0.04629 0.04141 0.11468 0.19487 0.17918 0.02780 0.03417 0.02292 0.01220 0.00106 
1	1	0.00003 0.00013 0.00008 0.00043 0.00135 0.00259 0.00419 0.00422 0.00433 0.00355 0.00388 0.00365 0.00431 0.00418 0.00447 0.00453 0.00628 0.00695 0.00801 0.00838 0.01152 0.00969 0.01067 0.01263 0.01703 0.09303 0.21342 0.27101 0.09658 0.09616 0.08540 0.00729 
2	1	0.00002 0.00013 0.00039 0.00035 0.00177 0.00195 0.00645 0.00667 0.01162 0.00849 0.01070 0.01009 0.01212 0.01342 0.01136 0.01245 0.01584 0.01375 0.02223 0.04809 0.08507 0.05334 0.05737 0.06483 0.07019 0.16882 0.13191 0.04829 0.03298 0.05204 0.02367 0.00360 
3	1	0.00000 0.00000 0.00009 0.00042 0.00190 0.00485 0.01401 0.02301 0.01933 0.01147 0.01630 0.01502 0.01494 0.01711 0.01865 0.01624 0.01846 0.01756 0.02285 0.02096 0.04562 0.11318 0.06202 0.08193 0.04923 0.07090 0.09223 0.09303 0.05146 0.03127 0.04764 0.00830 
4	1	0.00000 0.00000 0.00000 0.00002 0.00007 0.00047 0.00176 0.00548 0.01320 0.03358 0.06387 0.04434 0.02858 0.01792 0.01568 0.01585 0.01317 0.01680 0.01710 0.02167 0.02107 0.02936 0.05455 0.03662 0.03685 0.04561 0.05133 0.17825 0.17487 0.05034 0.00848 0.00310 
5	1	0.00000 0.00002 0.00008 0.00007 0.00052 0.00069 0.00272 0.00375 0.00836 0.01372 0.01488 0.01230 0.01183 0.01115 0.01267 0.01270 0.01477 0.01824 0.01756 0.01966 0.01960 0.02035 0.02178 0.02471 0.02824 0.03950 0.06062 0.22437 0.18919 0.15334 0.03858 0.00400 
6	1	0.00000 0.00001 0.00007 0.00010 0.00050 0.00089 0.00240 0.00620 0.01052 0.01363 0.01850 0.01178 0.01058 0.01356 0.01238 0.01071 0.01640 0.01527 0.01699 0.01671 0.01712 0.02397 0.02099 0.02624 0.03324 0.04614 0.08023 0.12462 0.21751 0.20402 0.02656 0.00215 
7	1	0.00003 0.00015 0.00050 0.00110 0.00208 0.00554 0.01186 0.01685 0.01805 0.02043 0.02372 0.01960 0.02069 0.02164 0.01831 0.01895 0.01765 0.01935 0.02054 0.01912 0.02157 0.02440 0.02444 0.02383 0.03389 0.13807 0.17553 0.13663 0.08550 0.04494 0.01481 0.00020 
8	1	0.00000 0.00000 0.00003 0.00013 0.00020 0.00071 0.00230 0.00369 0.00542 0.01127 0.01007 0.01705 0.01556 0.02354 0.02677 0.02978 0.04208 0.07272 0.11194 0.08310 0.06919 0.05022 0.04966 0.05200 0.06569 0.07702 0.07015 0.06295 0.02873 0.01100 0.00410 0.00292 
9	1	0.00000 0.00003 0.00012 0.00040 0.00081 0.00281 0.00599 0.01252 0.01825 0.01890 0.01561 0.01614 0.01462 0.01767 0.01412 0.02198 0.02067 0.02152 0.02697 0.02377 0.02970 0.02589 0.03432 0.03167 0.06564 0.15542 0.13856 0.13018 0.06665 0.02105 0.01704 0.03094 
10	1	0.00000 0.00003 0.00012 0.00044 0.00075 0.00272 0.00199 0.00249 0.00234 0.00301 0.00367 0.00438 0.00668 0.00914 0.01155 0.01774 0.02309 0.03551 0.02938 0.03854 0.03529 0.05324 0.06899 0.06985 0.08448 0.08532 0.09881 0.08881 0.10756 0.08628 0.02752 0.00026 
11	1	0.00001 0.00008 0.00046 0.00125 0.00212 0.00584 0.00934 0.01586 0.01590 0.01402 0.01306 0.01413 0.01418 0.01702 0.01383 0.02227 0.02092 0.02061 0.02496 0.02322 0.02803 0.02434 0.04580 0.10842 0.13442 0.14865 0.10415 0.07559 0.02762 0.01509 0.02030 0.01852 
12	1	0.00000 0.00005 0.00025 0.00043 0.00090 0.00257 0.00481 0.00952 0.01259 0.01275 0.01145 0.01159 0.01208 0.01462 0.01200 0.01907 0.01819 0.01742 0.02290 0.02167 0.02833 0.02531 0.04803 0.08112 0.12000 0.15538 0.07932 0.08297 0.07776 0.05720 0.02130 0.01841 
13	1	0.00001 0.00000 0.00003 0.00006 0.00014 0.00066 0.00278 0.00333 0.00346 0.00532 0.00452 0.00670 0.00447 0.00603 0.00630 0.00700 0.00869 0.01387 0.03325 0.05779 0.07456 0.09828 0.10529 0.07507 0.08075 0.07471 0.05888 0.06037 0.04780 0.04288 0.03930 0.07772 
14	1	0.00262 0.00000 0.00766 0.00765 0.00636 0.00991 0.01170 0.00842 0.00718 0.01637 0.02947 0.05898 0.04867 0.07104 0.06269 0.06534 0.06202 0.07642 0.08588 0.07152 0.06095 0.05747 0.05510 0.03881 0.02510 0.01493 0.00979 0.00715 0.00565 0.00399 0.00298 0.00817 
15	1	0.00002 0.00002 0.00010 0.00061 0.00145 0.00265 0.00707 0.00972 0.01468 0.01487 0.01515 0.01882 0.01545 0.02316 0.02316 0.02490 0.01931 0.02195 0.01885 0.02000 0.03121 0.04099 0.01592 0.00933 0.00805 0.00809 0.02145 0.06496 0.21650 0.23921 0.09232 0.00004 
16	1	0.00000 0.00000 0.00000 0.00002 0.00010 0.00040 0.00082 0.00098 0.00243 0.00290 0.00435 0.00495 0.00710 0.00648 0.00968 0.01096 0.01587 0.03493 0.06565 0.08145 0.04616 0.00753 0.00563 0.00638 0.00496 0.02435 0.16710 0.16026 0.16032 0.13988 0.02776 0.00056 
17	1	0.00001 0.00000 0.00000 0.00012 0.00120 0.00165 0.00892 0.00743 0.01435 0.01802 0.01221 0.01881 0.01741 0.01572 0.01817 0.01887 0.01555 0.01296 0.01633 0.03094 0.04312 0.02511 0.00868 0.00550 0.00548 0.00582 0.00499 0.01272 0.15845 0.46852 0.03282 0.00010 
18	1	0.00012 0.00054 0.00065 0.00361 0.00516 0.00998 0.01128 0.01119 0.01443 0.01411 0.01719 0.01395 0.02090 0.01971 0.01756 0.01540 0.01667 0.01394 0.02565 0.05208 0.06908 0.02357 0.00695 0.00707 0.00616 0.00634 0.00750 0.04054 0.22614 0.31612 0.00635 0.00003 
19	1	0.00002 0.00008 0.00008 0.00032 0.00056 0.00067 0.00128 0.00179 0.00220 0.00396 0.00482 0.00694 0.01101 0.01367 0.01735 0.02715 0.02649 0.03246 0.03348 0.03916 0.03936 0.06107 0.04710 0.02866 0.06222 0.16152 0.08070 0.06478 0.05175 0.08480 0.09201 0.00252 
20	1	0.00003 0.00000 0.00000 0.00026 0.00060 0.00188 0.00252 0.00294 0.00587 0.00737 0.01090 0.01509 0.02300 0.02229 0.03155 0.04197 0.05170 0.04535 0.04853 0.06117 0.05442 0.05194 0.05093 0.03622 0.02821 0.02430 0.02703 0.02195 0.03525 0.18116 0.10940 0.00617 
21	1	0.00001 0.00000 0.00000 0.00040 0.00223 0.00725 0.01578 0.02502 0.02040 0.01864 0.01870 0.01755 0.01705 0.02188 0.02453 0.02491 0.02450 0.03092 0.03002 0.02955 0.03373 0.03940 0.04064 0.04583 0.09498 0.15833 0.09650 0.06291 0.06303 0.03124 0.00402 0.00004 
22	1	0.00001 0.00000 0.00000 0.00002 0.00002 0.00017 0.00038 0.00066 0.00127 0.00352 0.00289 0.00355 0.00431 0.00633 0.00808 0.00995 0.01552 0.01725 0.01631 0.02331 0.02178 0.03400 0.03897 0.03874 0.02717 0.02995 0.22237 0.15763 0.09102 0.18736 0.03737 0.00005 
23	1	0.00000 0.00000 0.00000 0.00005 0.00017 0.00049 0.00130 0.00205 0.00473 0.00553 0.00560 0.00566 0.00653 0.00953 0.01135 0.01704 0.02202 0.03237 0.03462 0.03261 0.02448 0.02268 0.01794 0.01505 0.04695 0.19636 0.10415 0.07273 0.07344 0.20153 0.03285 0.00015 
24	1	0.00000 0.00000 0.00000 0.00010 0.00028 0.00072 0.00206 0.00283 0.00788 0.00370 0.00415 0.00672 0.00810 0.01308 0.01420 0.02545 0.02825 0.02343 0.02322 0.01764 0.01522 0.01104 0.04847 0.19302 0.11599 0.07722 0.08062 0.10904 0.13503 0.02236 0.00768 0.00249 
25	1	0.01345 0.00000 0.00715 0.00565 0.00480 0.00877 0.01149 0.01004 0.00777 0.01207 0.00913 0.01264 0.01049 0.01437 0.01375 0.01353 0.01529 0.01692 0.01814 0.01845 0.02056 0.02175 0.05903 0.10265 0.07453 0.07145 0.06040 0.09906 0.09137 0.07126 0.03195 0.07207 
26	1	0.00001 0.00003 0.00005 0.00030 0.00063 0.00177 0.00312 0.00380 0.00447 0.00360 0.00498 0.00716 0.00746 0.01291 0.01430 0.02370 0.02542 0.03336 0.03823 0.03979 0.04532 0.06054 0.07006 0.09696 0.09868 0.10652 0.07974 0.09622 0.09099 0.02934 0.00045 0.00007 
27	1	0.00008 0.00000 0.00142 0.00256 0.00170 0.00610 0.01070 0.01389 0.01310 0.01812 0.01219 0.01786 0.01387 0.01819 0.01806 0.01662 0.01847 0.02036 0.02925 0.04901 0.05782 0.02801 0.11062 0.08513 0.06757 0.06382 0.05721 0.06922 0.04979 0.04766 0.04067 0.04091 
28	1	0.00005 0.00005 0.00014 0.00011 0.00052 0.00065 0.00142 0.00278 0.00328 0.00363 0.00500 0.00645 0.00542 0.00720 0.01023 0.00755 0.01020 0.01200 0.01195 0.01617 0.02200 0.02895 0.03636 0.05044 0.12358 0.30544 0.09485 0.06027 0.15776 0.01256 0.00289 0.00006 
29	1	0.00002 0.00005 0.00010 0.00010 0.00032 0.00048 0.00141 0.00160 0.00285 0.00280 0.00368 0.00421 0.00543 0.00652 0.00581 0.00677 0.00906 0.00912 0.01281 0.01682 0.02987 0.03832 0.04795 0.06281 0.08761 0.36926 0.06851 0.07664 0.12042 0.00631 0.00228 0.00005 
30	1	0.00001 0.00001 0.00003 0.00006 0.00013 0.00042 0.00101 0.00229 0.00280 0.00413 0.00478 0.00687 0.00770 0.00818 0.01032 0.00830 0.00797 0.00942 0.00954 0.01378 0.01366 0.02500 0.02762 0.03815 0.04914 0.03535 0.05732 0.13052 0.24528 0.27980 0.00035 0.00004 
31	1	0.00000 0.00001 0.00002 0.00004 0.00010 0.00047 0.00069 0.00156 0.00215 0.00263 0.00387 0.00484 0.00677 0.00570 0.00680 0.00762 0.00708 0.00691 0.00740 0.00971 0.01265 0.01689 0.02647 0.03571 0.03757 0.03655 0.02690 0.12463 0.14861 0.31786 0.14175 0.00002 
32	1	0.00001 0.00000 0.00000 0.00007 0.00038 0.00057 0.00102 0.00215 0.00365 0.00488 0.00975 0.00835 0.01081 0.00744 0.00846 0.01137 0.01626 0.02899 0.02577 0.03086 0.02720 0.01805 0.01246 0.01123 0.01317 0.03075 0.27244 0.20903 0.08535 0.14759 0.00186 0.00004 
33	1	0.00000 0.00009 0.00011 0.00057 0.00150 0.00303 0.00667 0.01085 0.01362 0.02149 0.02935 0.02853 0.04269 0.04020 0.04952 0.05107 0.05773 0.05437 0.05208 0.04432 0.03707 0.03642 0.03840 0.02926 0.03983 0.05650 0.07409 0.07517 0.05217 0.02965 0.02345 0.00017 
34	1	0.00001 0.00005 0.00010 0.00009 0.00036 0.00042 0.00104 0.00273 0.00520 0.00845 0.01700 0.01752 0.01831 0.02667 0.02597 0.02107 0.03023 0.02543 0.02678 0.02772 0.02955 0.04522 0.09211 0.07737 0.11547 0.11656 0.10965 0.08084 0.05378 0.02393 0.00032 0.00004 
35	1	0.00002 0.00000 0.00000 0.00021 0.00059 0.00073 0.00272 0.00218 0.00387 0.00322 0.00342 0.00354 0.00538 0.00420 0.00788 0.00706 0.01238 0.01235 0.01477 0.01846 0.01975 0.03407 0.04828 0.10276 0.11622 0.19316 0.10055 0.03661 0.04017 0.09540 0.10982 0.00020 
36	1	0.00003 0.00000 0.00000 0.00027 0.00072 0.00123 0.00175 0.00315 0.00334 0.00381 0.00329 0.00374 0.00415 0.00535 0.00690 0.00696 0.00894 0.01274 0.01157 0.01645 0.01712 0.02761 0.04456 0.09561 0.12385 0.18387 0.05669 0.03206 0.03237 0.28766 0.00412 0.00009 
37	1	0.00021 0.00000 0.00408 0.00637 0.00662 0.03333 0.07854 0.03417 0.01887 0.01829 0.01132 0.01626 0.01556 0.02058 0.03382 0.06397 0.04752 0.05433 0.02301 0.00651 0.00720 0.00752 0.00996 0.00972 0.02746 0.09719 0.12650 0.12602 0.05383 0.01640 0.01090 0.01393 
38	1	0.00008 0.00000 0.00023 0.00040 0.00050 0.00156 0.00427 0.00702 0.00928 0.01142 0.01061 0.01112 0.00989 0.01194 0.01473 0.01909 0.02027 0.02359 0.02417 0.02737 0.02788 0.04157 0.04153 0.06487 0.09677 0.16604 0.16623 0.07217 0.08055 0.02463 0.00987 0.00032 
39	1	0.00002 0.00000 0.00025 0.00036 0.00042 0.00177 0.00586 0.00724 0.02198 0.02152 0.01813 0.02007 0.02402 0.02577 0.02749 0.03804 0.03638 0.05000 0.05124 0.05196 0.05612 0.06183 0.06056 0.06726 0.08233 0.08600 0.09056 0.05535 0.02577 0.00846 0.00305 0.00015 
40	1	0.00000 0.00000 0.00000 0.00000 0.00001 0.00005 0.00029 0.00055 0.00231 0.00486 0.00744 0.00664 0.00630 0.00893 0.00932 0.01388 0.01510 0.02407 0.02946 0.03517 0.05134 0.06572 0.06877 0.08557 0.07357 0.12836 0.12860 0.09132 0.10265 0.02270 0.01657 0.00041 
41	1	0.00001 0.00000 0.00000 0.00005 0.00015 0.00024 0.00044 0.00115 0.00203 0.00322 0.00377 0.00395 0.00503 0.00739 0.01272 0.01526 0.02252 0.03698 0.03782 0.05312 0.05167 0.05276 0.06843 0.05466 0.06068 0.07751 0.14397 0.14759 0.09573 0.03510 0.00602 0.00001 
42	1	0.00001 0.00000 0.00000 0.00014 0.00024 0.00037 0.00058 0.00082 0.00099 0.00153 0.00447 0.00567 0.01157 0.01714 0.02056 0.02252 0.02551 0.02836 0.03003 0.02608 0.03412 0.05028 0.11769 0.10154 0.12590 0.11735 0.08896 0.06805 0.07114 0.02780 0.00052 0.00003 
43	1	0.00002 0.00009 0.00013 0.00068 0.00154 0.00386 0.00683 0.00818 0.00788 0.00582 0.00575 0.00447 0.00613 0.00606 0.00610 0.00637 0.00902 0.00820 0.01097 0.01153 0.01370 0.01616 0.02133 0.04014 0.08246 0.13625 0.21433 0.14862 0.06282 0.06580 0.07957 0.00915 
44	1	0.00002 0.00002 0.00004 0.00027 0.00085 0.00101 0.00208 0.00210 0.00228 0.00232 0.00167 0.00205 0.00233 0.00214 0.00298 0.00262 0.00419 0.00357 0.00487 0.00637 0.00737 0.00981 0.03217 0.06595 0.15645 0.23198 0.18601 0.09667 0.08304 0.04012 0.03817 0.00848 
45	1	0.00001 0.00009 0.00032 0.00060 0.00158 0.00851 0.01620 0.04044 0.05324 0.07880 0.04429 0.03052 0.02682 0.01867 0.01320 0.01578 0.01649 0.01472 0.01679 0.01965 0.02250 0.02527 0.05089 0.03469 0.02882 0.02762 0.05057 0.13854 0.13671 0.06091 0.00592 0.00083 
46	1	0.00001 0.00003 0.00012 0.00026 0.00060 0.00174 0.00342 0.00675 0.00866 0.01072 0.00817 0.01155 0.01123 0.01234 0.01025 0.01151 0.01392 0.01200 0.01623 0.03406 0.06012 0.09680 0.07041 0.03618 0.04260 0.06166 0.17477 0.21731 0.04270 0.01270 0.00940 0.00175 
47	1	0.00000 0.00001 0.00001 0.00017 0.00025 0.00072 0.00193 0.00347 0.00458 0.00588 0.00597 0.00615 0.00744 0.00858 0.00694 0.00918 0.00937 0.01028 0.01170 0.05086 0.06116 0.09427 0.11007 0.07638 0.04751 0.05853 0.12127 0.18697 0.05569 0.02752 0.01451 0.00261 
48	1	0.00004 0.00000 0.00095 0.00202 0.00132 0.00454 0.00912 0.01262 0.01310 0.01825 0.01163 0.01638 0.01275 0.01786 0.01740 0.01621 0.01870 0.02043 0.02526 0.03273 0.06874 0.03857 0.05492 0.12062 0.08138 0.05178 0.05372 0.06820 0.05932 0.04806 0.05540 0.04797 
49	1	0.00001 0.00007 0.00011 0.00022 0.00062 0.00140 0.00180 0.00259 0.00359 0.00382 0.00417 0.00487 0.00485 0.00495 0.00555 0.00649 0.00713 0.01114 0.03636 0.04869 0.06960 0.07276 0.09584 0.09690 0.12086 0.16502 0.09525 0.04517 0.03313 0.02458 0.02587 0.00656 
50	1	0.00001 0.00001 0.00007 0.00012 0.00019 0.00070 0.00152 0.00225 0.00273 0.00360 0.00489 0.00392 0.00522 0.00653 0.00688 0.00851 0.00885 0.00965 0.01227 0.02133 0.08556 0.08564 0.09998 0.09587 0.08604 0.16142 0.15602 0.05434 0.02600 0.02666 0.01950 0.00370 
51	1	0.00003 0.00013 0.00044 0.00029 0.00153 0.00160 0.00353 0.00635 0.00817 0.00830 0.00972 0.00722 0.00699 0.01012 0.01097 0.01057 0.01837 0.01600 0.01542 0.01441 0.01397 0.01855 0.01688 0.02174 0.04310 0.07346 0.11507 0.10285 0.13502 0.19416 0.11469 0.00032 
52	1	0.00002 0.00009 0.00013 0.00069 0.00091 0.00251 0.00529 0.00739 0.00882 0.00895 0.00785 0.00728 0.00777 0.00904 0.00770 0.01037 0.01086 0.01195 0.01118 0.01254 0.01386 0.01462 0.02154 0.02767 0.06473 0.16620 0.20617 0.10896 0.11081 0.12982 0.00406 0.00020 
53	1	0.00014 0.00065 0.00127 0.00097 0.00542 0.00610 0.00781 0.00434 0.00467 0.00685 0.00894 0.00746 0.00795 0.00695 0.00801 0.00763 0.00922 0.01143 0.01102 0.01497 0.01670 0.01977 0.03097 0.08097 0.10087 0.15040 0.17394 0.13631 0.06168 0.05425 0.04116 0.00120 
54	1	0.00005 0.00021 0.00058 0.00103 0.00125 0.00366 0.00621 0.00575 0.00419 0.00425 0.00394 0.00796 0.00607 0.00602 0.00460 0.00635 0.00562 0.00551 0.00744 0.00732 0.00989 0.01027 0.01451 0.01584 0.02798 0.05892 0.20260 0.37325 0.10491 0.06723 0.02637 0.00020 
55	1	0.00002 0.00000 0.00038 0.00101 0.00186 0.00507 0.01556 0.00913 0.01236 0.00473 0.00250 0.00191 0.00186 0.00174 0.00174 0.00208 0.00194 0.00200 0.00197 0.00194 0.00265 0.02214 0.01873 0.02094 0.27626 0.25219 0.16871 0.09633 0.04332 0.02068 0.00819 0.00002 
56	1	0.00001 0.00000 0.00000 0.00018 0.00217 0.00410 0.00843 0.01021 0.01667 0.00557 0.00361 0.00242 0.00184 0.00197 0.00137 0.00195 0.00169 0.00161 0.00208 0.00216 0.00201 0.00208 0.00255 0.00337 0.00491 0.34251 0.20266 0.17485 0.12422 0.05464 0.01705 0.00110 
57	1	0.00001 0.00000 0.00000 0.00015 0.00088 0.00092 0.00232 0.00400 0.00494 0.00532 0.00740 0.00782 0.01111 0.01383 0.02448 0.04365 0.06340 0.08054 0.04382 0.00658 0.00248 0.00265 0.00250 0.00265 0.02169 0.16204 0.13355 0.11063 0.17418 0.05864 0.00766 0.00015 
58	1	0.00002 0.00000 0.00000 0.00036 0.00170 0.00380 0.00469 0.00541 0.01110 0.00873 0.01163 0.01475 0.01232 0.01762 0.01981 0.02587 0.05979 0.07680 0.08478 0.02352 0.00584 0.00439 0.00290 0.00346 0.00709 0.01984 0.12890 0.11113 0.18051 0.13420 0.01711 0.00191 
59	1	0.00009 0.00000 0.00332 0.00539 0.00332 0.01072 0.01658 0.01354 0.01102 0.01419 0.01057 0.01448 0.01212 0.01630 0.01607 0.01740 0.02456 0.03728 0.05256 0.02331 0.06599 0.04450 0.05400 0.05312 0.08582 0.09837 0.07940 0.07932 0.05547 0.04141 0.02088 0.01889 
60	1	0.00001 0.00000 0.00000 0.00013 0.00134 0.00166 0.00545 0.01072 0.01522 0.01447 0.01765 0.01610 0.01852 0.01765 0.01970 0.01813 0.02775 0.03114 0.07044 0.06673 0.07175 0.02075 0.00807 0.00531 0.00516 0.00517 0.00576 0.01595 0.30993 0.18801 0.01128 0.00003 
61	1	0.00006 0.00000 0.00000 0.00045 0.00133 0.00372 0.00590 0.00584 0.00970 0.00913 0.01262 0.01250 0.01560 0.01260 0.01558 0.02420 0.05232 0.07218 0.08168 0.04179 0.00686 0.00398 0.00460 0.00407 0.00391 0.00509 0.06727 0.12417 0.25023 0.14826 0.00430 0.00005 
62	1	0.00000 0.00004 0.00003 0.00011 0.00012 0.00019 0.00059 0.00074 0.00106 0.00170 0.00217 0.00424 0.00702 0.01280 0.07324 0.06995 0.08879 0.06375 0.07523 0.10021 0.07856 0.04673 0.04515 0.04496 0.04317 0.06775 0.04510 0.04172 0.05745 0.02002 0.00724 0.00016 
63	1	0.00001 0.00005 0.00005 0.00030 0.00043 0.00047 0.00090 0.00131 0.00146 0.00217 0.00267 0.00358 0.00451 0.01097 0.02382 0.03531 0.03550 0.07023 0.11550 0.07508 0.06136 0.06685 0.03898 0.06217 0.08880 0.07234 0.05217 0.05620 0.07329 0.03241 0.01096 0.00014 
64	1	0.00002 0.00007 0.00013 0.00074 0.00152 0.00496 0.01455 0.02520 0.03600 0.05971 0.09701 0.11585 0.10410 0.07151 0.03148 0.02515 0.01470 0.00957 0.00715 0.00741 0.00642 0.00652 0.00663 0.00772 0.00629 0.00640 0.01806 0.20674 0.10361 0.00445 0.00031 0.00002 
65	1	0.00012 0.00034 0.00268 0.00257 0.01452 0.02019 0.05557 0.05332 0.13289 0.09652 0.06340 0.03168 0.02187 0.00993 0.00424 0.00431 0.00525 0.00379 0.00387 0.00356 0.00401 0.00518 0.00487 0.00759 0.03847 0.21058 0.14940 0.02575 0.01217 0.00897 0.00225 0.00012 
66	1	0.00002 0.00000 0.00071 0.00096 0.00147 0.00882 0.02400 0.03221 0.11596 0.07345 0.03840 0.02692 0.01938 0.00595 0.00487 0.00582 0.00480 0.00430 0.00416 0.00374 0.00629 0.00522 0.04286 0.10504 0.22517 0.16126 0.03671 0.01727 0.01554 0.00762 0.00095 0.00011 
67	1	0.00001 0.00002 0.00047 0.00166 0.00356 0.01712 0.01962 0.01834 0.03105 0.05349 0.05010 0.06406 0.05748 0.04687 0.05185 0.03099 0.04303 0.02842 0.02047 0.01493 0.01031 0.00669 0.00710 0.00697 0.00665 0.00721 0.00707 0.02161 0.10620 0.26037 0.00615 0.00014 
68	1	0.00000 0.00002 0.00003 0.00008 0.00021 0.00060 0.00206 0.00476 0.00847 0.01483 0.02045 0.01565 0.01603 0.01914 0.01808 0.02048 0.01967 0.02132 0.02072 0.02120 0.02377 0.04445 0.12074 0.12308 0.06457 0.07047 0.06602 0.06992 0.09690 0.05633 0.03549 0.00445 
69	1	0.00000 0.00001 0.00004 0.00010 0.00048 0.00076 0.00210 0.00574 0.00865 0.01001 0.01428 0.01155 0.01108 0.01512 0.01460 0.01162 0.01718 0.01487 0.01655 0.03108 0.06882 0.09554 0.06113 0.05275 0.04803 0.04530 0.08580 0.14577 0.13242 0.04404 0.03235 0.00221 
70	2	0.00070 0.00000 0.00688 0.00826 0.00844 0.02331 0.03667 0.03336 0.02870 0.02894 0.02541 0.01734 0.01751 0.02255 0.04547 0.05485 0.05282 0.10065 0.10673 0.09040 0.04577 0.03326 0.02944 0.02647 0.02835 0.03602 0.02986 0.02716 0.01820 0.00869 0.00430 0.00348 
71	2	0.00092 0.00000 0.00862 0.00982 0.01465 0.03972 0.05455 0.04120 0.02997 0.03629 0.02050 0.02278 0.01461 0.01546 0.01704 0.02250 0.03662 0.06118 0.11662 0.11167 0.07612 0.03565 0.02993 0.02520 0.02710 0.02853 0.02726 0.03023 0.02270 0.01248 0.00791 0.00215 
72	2	0.00059 0.00000 0.00631 0.00796 0.01187 0.03026 0.04140 0.03328 0.02725 0.03526 0.02186 0.02395 0.01795 0.02810 0.03577 0.04375 0.06960 0.10536 0.09975 0.05544 0.03775 0.02774 0.02646 0.02477 0.03217 0.04260 0.04041 0.03982 0.02004 0.00766 0.00396 0.00091 
73	2	0.00292 0.00000 0.01872 0.01981 0.01687 0.02876 0.03720 0.02957 0.02400 0.02444 0.02246 0.02913 0.05034 0.07050 0.07911 0.09315 0.06196 0.04441 0.03432 0.03197 0.02686 0.03213 0.02630 0.03309 0.03202 0.03304 0.03801 0.02863 0.01609 0.00642 0.00464 0.00310 
74	2	0.00293 0.00000 0.01979 0.01685 0.01477 0.03664 0.05369 0.03989 0.02601 0.02244 0.01992 0.01965 0.01655 0.02236 0.03459 0.06182 0.08485 0.08521 0.06489 0.04938 0.03135 0.02754 0.01969 0.02321 0.02625 0.03088 0.04749 0.05355 0.03638 0.00914 0.00190 0.00037 
75	2	0.00006 0.00049 0.00083 0.00046 0.00052 0.00079 0.00109 0.00170 0.00246 0.00308 0.00480 0.00775 0.01240 0.01518 0.02613 0.04889 0.07581 0.11177 0.14785 0.14720 0.17137 0.11944 0.06299 0.01232 0.00715 0.00418 0.00294 0.00237 0.00237 0.00245 0.00283 0.00029 
76	2	0.00000 0.00001 0.00006 0.00012 0.00021 0.00029 0.00072 0.00140 0.00222 0.00245 0.00523 0.00750 0.00924 0.00816 0.01866 0.02339 0.04352 0.05620 0.05982 0.10329 0.11757 0.14388 0.09635 0.11398 0.05892 0.04239 0.03388 0.01954 0.01507 0.00820 0.00567 0.00205 
77	2	0.00007 0.00030 0.00048 0.00077 0.00067 0.00215 0.00243 0.00511 0.00720 0.01564 0.01137 0.01952 0.03021 0.05682 0.06566 0.11313 0.12265 0.11481 0.14879 0.08682 0.05930 0.01882 0.02400 0.01529 0.01744 0.01339 0.02602 0.01154 0.00502 0.00226 0.00164 0.00067 
78	2	0.00004 0.00064 0.00292 0.00633 0.01310 0.01167 0.01641 0.01846 0.01526 0.01838 0.01466 0.01942 0.03202 0.02716 0.02309 0.01505 0.01256 0.01432 0.01435 0.01701 0.02533 0.04031 0.08725 0.29590 0.12963 0.03450 0.01974 0.01780 0.02217 0.02357 0.01018 0.00073 
79	2	0.00000 0.00019 0.00072 0.00393 0.00813 0.01163 0.01531 0.01687 0.01366 0.01850 0.02117 0.02147 0.01597 0.02011 0.01892 0.01799 0.01702 0.01870 0.02489 0.02685 0.05982 0.06317 0.23416 0.19537 0.07005 0.02675 0.01460 0.01189 0.01369 0.01112 0.00678 0.00055 
80	2	0.00002 0.00006 0.00024 0.00084 0.00231 0.00532 0.00657 0.01489 0.02431 0.02990 0.03370 0.04717 0.03742 0.04232 0.02732 0.03182 0.02930 0.02852 0.03064 0.03282 0.02898 0.02612 0.02547 0.43116 0.01682 0.01145 0.01076 0.00823 0.00608 0.00378 0.00458 0.00108 
81	2	0.00000 0.00001 0.00018 0.00095 0.00196 0.00258 0.00213 0.00436 0.00477 0.00539 0.00502 0.00627 0.00557 0.00679 0.00477 0.01030 0.01355 0.01281 0.01134 0.01784 0.03720 0.03318 0.04638 0.08247 0.13255 0.15492 0.11447 0.10927 0.08054 0.05202 0.03978 0.00062 
82	2	0.00015 0.00978 0.00972 0.00839 0.01641 0.02000 0.02372 0.02308 0.01521 0.02592 0.03203 0.04962 0.05592 0.09850 0.10256 0.13505 0.02996 0.03252 0.02840 0.03215 0.03264 0.02690 0.02066 0.00762 0.00918 0.00980 0.01572 0.02580 0.04052 0.04511 0.01665 0.00027 
83	2	0.00000 0.00034 0.00180 0.00369 0.00560 0.01259 0.01895 0.02207 0.02010 0.02211 0.05076 0.04220 0.05120 0.07242 0.09035 0.14957 0.02377 0.02327 0.02180 0.01742 0.02260 0.02830 0.02184 0.01772 0.02302 0.02732 0.03944 0.05326 0.06097 0.04753 0.00796 0.00002 
84	2	0.00000 0.00001 0.00010 0.00083 0.00185 0.00407 0.00700 0.01578 0.01422 0.03191 0.06103 0.07658 0.09056 0.13524 0.23778 0.12440 0.04597 0.01239 0.01053 0.00863 0.00800 0.00642 0.00567 0.00522 0.00696 0.00975 0.01352 0.01764 0.01838 0.01719 0.01191 0.00044 
85	2	0.00001 0.00030 0.00151 0.00259 0.00380 0.00724 0.00997 0.02922 0.02865 0.04798 0.06673 0.04835 0.09070 0.13205 0.08789 0.12811 0.04474 0.02588 0.02484 0.02142 0.01377 0.02250 0.01786 0.01191 0.01196 0.00888 0.01605 0.02576 0.02388 0.03027 0.01512 0.00005 
86	2	0.00033 0.00162 0.00377 0.01754 0.00983 0.01395 0.01531 0.02009 0.02695 0.02052 0.02115 0.02520 0.04260 0.04019 0.07183 0.11078 0.15845 0.06585 0.02862 0.03179 0.03012 0.02717 0.02419 0.03022 0.02652 0.02709 0.02745 0.03001 0.02712 0.02067 0.00305 0.00004 
87	2	0.00002 0.00029 0.00149 0.00556 0.00882 0.01804 0.02901 0.02912 0.02737 0.02704 0.03794 0.03472 0.05781 0.05555 0.07807 0.10100 0.09889 0.04677 0.03015 0.04092 0.02633 0.02253 0.02087 0.02011 0.02478 0.03799 0.03571 0.03852 0.03005 0.01330 0.00120 0.00004 
88	2	0.00002 0.00037 0.00108 0.00363 0.00607 0.01157 0.02284 0.02396 0.02705 0.02473 0.03975 0.04121 0.06360 0.05535 0.07564 0.10937 0.12423 0.05508 0.03045 0.03865 0.02670 0.02507 0.02345 0.02103 0.02216 0.02645 0.02725 0.03143 0.02520 0.01407 0.00252 0.00004 
89	2	0.00005 0.00152 0.00552 0.01382 0.04170 0.04152 0.06476 0.06306 0.03049 0.02577 0.02464 0.01662 0.01155 0.00905 0.00685 0.00744 0.01412 0.02788 0.05127 0.08168 0.14787 0.10042 0.07336 0.09128 0.01186 0.00915 0.00779 0.00622 0.00509 0.00551 0.00204 0.00007 
90	2	0.00014 0.00042 0.00363 0.00458 0.00757 0.01090 0.00809 0.01620 0.01584 0.02214 0.02318 0.02407 0.02439 0.01565 0.01959 0.02291 0.04692 0.07488 0.06566 0.12309 0.11361 0.21172 0.05325 0.02024 0.01950 0.01257 0.01106 0.00731 0.00868 0.00674 0.00475 0.00072 
91	2	0.00002 0.00004 0.00013 0.00017 0.00025 0.00032 0.00049 0.00065 0.00095 0.00117 0.00172 0.00198 0.00253 0.00335 0.00383 0.00482 0.00614 0.00774 0.00814 0.01162 0.01235 0.13659 0.49573 0.24645 0.01590 0.01065 0.00960 0.00622 0.00458 0.00315 0.00206 0.00065 
92	2	0.00001 0.00004 0.00017 0.00060 0.00318 0.00434 0.01265 0.01420 0.02147 0.02032 0.02180 0.01907 0.01485 0.01870 0.02832 0.06745 0.14970 0.10652 0.04142 0.06330 0.08007 0.04486 0.04784 0.04360 0.04455 0.04890 0.04020 0.02833 0.00880 0.00346 0.00095 0.00031 
93	2	0.00000 0.00000 0.00000 0.00004 0.00025 0.00099 0.00167 0.00537 0.01259 0.02115 0.03353 0.06080 0.07303 0.06396 0.05895 0.05216 0.05315 0.05032 0.06053 0.07306 0.08555 0.07766 0.06159 0.05664 0.05290 0.02806 0.00968 0.00331 0.00177 0.00087 0.00036 0.00004 
94	2	0.00001 0.00003 0.00012 0.00046 0.00221 0.00537 0.01048 0.02384 0.04302 0.05210 0.04728 0.05639 0.03492 0.04737 0.04083 0.04428 0.06736 0.06318 0.06480 0.05100 0.06467 0.05600 0.06243 0.04987 0.05810 0.02488 0.01966 0.00633 0.00241 0.00055 0.00006 0.00000 
95	2	0.00000 0.00000 0.00004 0.00012 0.00037 0.00085 0.00264 0.00573 0.01305 0.02885 0.04168 0.04513 0.03917 0.04990 0.04493 0.05737 0.05028 0.04763 0.05786 0.08272 0.12402 0.12188 0.09098 0.04890 0.02161 0.01411 0.00600 0.00254 0.00078 0.00030 0.00038 0.00015 
96	2	0.00000 0.00002 0.00009 0.00018 0.00097 0.00317 0.00646 0.03046 0.07197 0.04134 0.02496 0.02443 0.03105 0.03188 0.03229 0.04539 0.04255 0.04961 0.04953 0.05470 0.05706 0.06657 0.06727 0.06416 0.06495 0.06503 0.04636 0.02164 0.00505 0.00077 0.00007 0.00001 
97	2	0.00000 0.00000 0.00002 0.00003 0.00023 0.00069 0.00104 0.00133 0.00196 0.01475 0.07009 0.09630 0.05982 0.04353 0.04865 0.03934 0.04896 0.07165 0.10566 0.09975 0.06982 0.05683 0.04405 0.03284 0.02968 0.02652 0.01709 0.01207 0.00462 0.00195 0.00070 0.00002 
98	2	0.00001 0.00000 0.00005 0.00014 0.00030 0.00060 0.00134 0.00439 0.05364 0.07062 0.05059 0.02901 0.02361 0.01895 0.02832 0.03160 0.06965 0.08322 0.06303 0.03837 0.03362 0.04177 0.09772 0.11497 0.06740 0.04474 0.02071 0.00817 0.00224 0.00084 0.00030 0.00008 
99	2	0.00000 0.00002 0.00007 0.00017 0.00032 0.00049 0.00064 0.00055 0.00049 0.00054 0.00060 0.00765 0.14216 0.14410 0.05717 0.03482 0.02544 0.03103 0.03712 0.04538 0.06452 0.09425 0.08432 0.06661 0.05885 0.04902 0.03007 0.01256 0.00740 0.00297 0.00061 0.00002 
100	2	0.00001 0.00005 0.00039 0.00029 0.00075 0.00035 0.00057 0.00060 0.00322 0.09960 0.11490 0.01732 0.00572 0.00746 0.01020 0.01342 0.03215 0.07247 0.11424 0.07778 0.07920 0.05372 0.05797 0.06154 0.08206 0.05623 0.02483 0.00891 0.00303 0.00092 0.00007 0.00000 
101	2	0.00001 0.00001 0.00014 0.00016 0.00075 0.00037 0.00039 0.00061 0.00058 0.00045 0.01414 0.13128 0.07047 0.01482 0.00761 0.00517 0.00912 0.01211 0.02733 0.11622 0.13359 0.09928 0.06634 0.05454 0.05474 0.05062 0.05084 0.05012 0.02049 0.00672 0.00095 0.00001 
102	2	0.00002 0.00006 0.00021 0.00053 0.00092 0.00315 0.00375 0.00755 0.01132 0.01951 0.01934 0.01973 0.02805 0.02753 0.02355 0.03183 0.03909 0.03548 0.04111 0.11338 0.39977 0.03769 0.03849 0.02516 0.02146 0.01543 0.01270 0.00868 0.00597 0.00444 0.00285 0.00121 
103	2	0.00001 0.00018 0.00115 0.00285 0.00280 0.00654 0.00769 0.01793 0.01598 0.02850 0.03316 0.03952 0.05142 0.08612 0.06957 0.07348 0.06217 0.04948 0.06367 0.05068 0.07391 0.06294 0.07545 0.04711 0.03913 0.02357 0.01174 0.00262 0.00055 0.00004 0.00002 0.00000 
104	2	0.00001 0.00003 0.00016 0.00151 0.00745 0.01119 0.01655 0.01492 0.01780 0.03122 0.07207 0.08565 0.07405 0.07350 0.04311 0.04940 0.05065 0.04574 0.06974 0.06815 0.10342 0.06994 0.05518 0.02525 0.00846 0.00298 0.00095 0.00073 0.00017 0.00000 0.00002 0.00000 
105	2	0.00001 0.00052 0.00755 0.04902 0.13103 0.05114 0.02926 0.02574 0.02283 0.04276 0.03294 0.03470 0.05145 0.05100 0.06198 0.04748 0.03323 0.04385 0.03272 0.04017 0.02513 0.03085 0.03273 0.02579 0.02489 0.03226 0.02122 0.01205 0.00346 0.00157 0.00060 0.00005 
106	2	0.00001 0.00010 0.00079 0.00339 0.00732 0.01274 0.02815 0.02467 0.03600 0.05026 0.05267 0.06025 0.07852 0.09273 0.11014 0.05956 0.04280 0.03877 0.03240 0.03155 0.03620 0.05710 0.04871 0.04095 0.02400 0.01481 0.00729 0.00403 0.00225 0.00117 0.00063 0.00005 
107	2	0.00001 0.00001 0.00004 0.00017 0.00040 0.00150 0.00525 0.01318 0.02090 0.02152 0.04307 0.04028 0.05542 0.03697 0.05145 0.05020 0.04787 0.05323 0.05118 0.07734 0.09552 0.11757 0.09254 0.06916 0.03910 0.01347 0.00231 0.00027 0.00005 0.00002 0.00000 0.00000 
108	2	0.00001 0.00002 0.00002 0.00037 0.01729 0.06897 0.07823 0.04090 0.02462 0.01948 0.02080 0.02091 0.02598 0.02596 0.03841 0.04729 0.07870 0.08281 0.05327 0.05690 0.04737 0.03696 0.04271 0.03951 0.04473 0.04088 0.02275 0.01467 0.00651 0.00255 0.00039 0.00002 
109	2	0.00000 0.00001 0.00010 0.00077 0.01607 0.11244 0.11206 0.04917 0.02647 0.01966 0.01745 0.02211 0.01976 0.02217 0.02859 0.02701 0.04199 0.04376 0.03750 0.04691 0.04754 0.04565 0.06391 0.05322 0.05827 0.04309 0.02174 0.01452 0.00522 0.00227 0.00049 0.00006 
110	2	0.00005 0.00006 0.00040 0.00050 0.00099 0.00066 0.00097 0.00078 0.00089 0.00068 0.00157 0.00994 0.06916 0.08508 0.03564 0.02751 0.03147 0.05248 0.07814 0.08282 0.05666 0.06588 0.07877 0.09385 0.07818 0.07653 0.03727 0.02225 0.00857 0.00217 0.00007 0.00001 
111	2	0.00005 0.00000 0.00032 0.00085 0.00709 0.00620 0.00229 0.00205 0.00193 0.00338 0.00738 0.01434 0.01807 0.02702 0.04284 0.05397 0.05316 0.05903 0.05960 0.07030 0.07661 0.11720 0.10111 0.08926 0.06460 0.05345 0.04253 0.01345 0.00522 0.00277 0.00205 0.00185 
112	2	0.00002 0.00004 0.00015 0.00065 0.00178 0.00304 0.00692 0.01224 0.01045 0.02036 0.01972 0.02325 0.02255 0.02579 0.01721 0.04719 0.13641 0.14841 0.06545 0.05605 0.11602 0.03973 0.04465 0.03171 0.03675 0.03745 0.02985 0.03005 0.01192 0.00338 0.00069 0.00013 
113	2	0.00001 0.00002 0.00013 0.00040 0.00070 0.00175 0.00267 0.00486 0.00693 0.01050 0.01325 0.01868 0.02081 0.02555 0.02097 0.03442 0.03303 0.03462 0.04834 0.41987 0.15103 0.03309 0.03368 0.02357 0.01694 0.01444 0.00960 0.00777 0.00548 0.00304 0.00285 0.00097 
114	2	0.00002 0.00008 0.00035 0.00125 0.00288 0.00404 0.00559 0.01064 0.01984 0.02705 0.04125 0.04777 0.04592 0.03997 0.04851 0.03829 0.04754 0.04632 0.04596 0.07342 0.26731 0.04061 0.04081 0.02595 0.02232 0.01617 0.01305 0.00967 0.00749 0.00475 0.00380 0.00135 
115	2	0.00001 0.00006 0.00022 0.00032 0.00190 0.00603 0.01182 0.01833 0.02687 0.04203 0.05491 0.06910 0.07314 0.05201 0.05605 0.04350 0.04344 0.04497 0.04212 0.06884 0.20186 0.03762 0.02780 0.01944 0.01562 0.01365 0.00922 0.00728 0.00509 0.00337 0.00214 0.00125 
116	2	0.00086 0.00000 0.00496 0.00508 0.00369 0.00851 0.01131 0.00837 0.00725 0.00967 0.01435 0.02603 0.02899 0.04053 0.05866 0.08054 0.08080 0.08177 0.06565 0.05653 0.04648 0.05168 0.03992 0.15327 0.06402 0.01882 0.01344 0.00773 0.00509 0.00309 0.00194 0.00095 
117	2	0.00071 0.00000 0.00908 0.00442 0.00324 0.00875 0.01414 0.00945 0.02272 0.02516 0.03227 0.02341 0.01742 0.01853 0.01328 0.01551 0.01496 0.03340 0.05330 0.07680 0.10978 0.09013 0.07572 0.12868 0.05695 0.03783 0.02970 0.02652 0.02485 0.01782 0.00472 0.00073 
118	2	0.00001 0.00002 0.00005 0.00006 0.00006 0.00007 0.00010 0.00019 0.00026 0.00026 0.00026 0.00062 0.00149 0.00428 0.00777 0.02147 0.03052 0.07705 0.09063 0.07865 0.08240 0.09318 0.12040 0.08732 0.07464 0.06803 0.11508 0.03718 0.00510 0.00172 0.00086 0.00025 
119	2	0.00001 0.00000 0.00001 0.00005 0.00093 0.00354 0.01490 0.01803 0.03217 0.03520 0.05905 0.04277 0.01885 0.00822 0.00345 0.01062 0.02858 0.03739 0.02004 0.01477 0.02824 0.11154 0.14997 0.19714 0.04207 0.04492 0.03240 0.02581 0.01267 0.00535 0.00120 0.00010 
120	2	0.00000 0.00004 0.00007 0.00027 0.00096 0.00247 0.00660 0.01210 0.02271 0.02631 0.02635 0.01698 0.01888 0.01282 0.01465 0.00934 0.01250 0.01071 0.03976 0.25344 0.26147 0.08390 0.04922 0.03438 0.02391 0.02351 0.01649 0.01289 0.00580 0.00122 0.00017 0.00009 
121	2	0.00000 0.00004 0.00015 0.00080 0.00265 0.00465 0.00845 0.01299 0.01154 0.01522 0.01595 0.01370 0.01187 0.01087 0.01411 0.01315 0.01285 0.03828 0.06404 0.12314 0.24705 0.19955 0.06261 0.03476 0.02594 0.01819 0.01542 0.01162 0.00667 0.00331 0.00035 0.00009 
122	2	0.00001 0.00000 0.00005 0.00020 0.00093 0.01031 0.01283 0.00711 0.00572 0.00731 0.00852 0.01385 0.02132 0.04380 0.05039 0.08949 0.08616 0.08114 0.07936 0.04554 0.03344 0.02030 0.02006 0.01717 0.01623 0.15565 0.12741 0.01777 0.01587 0.00800 0.00387 0.00021 
123	2	0.00001 0.00004 0.00008 0.00021 0.00030 0.00074 0.00073 0.00103 0.00175 0.00216 0.00284 0.00430 0.00459 0.00653 0.00771 0.01001 0.01183 0.01553 0.01730 0.03279 0.48261 0.32602 0.01877 0.01692 0.01026 0.00846 0.00635 0.00384 0.00280 0.00185 0.00131 0.00031 
124	2	0.00000 0.00000 0.00001 0.00002 0.00003 0.00011 0.00080 0.00337 0.00652 0.00937 0.01050 0.01702 0.02387 0.05121 0.09427 0.11803 0.09455 0.07233 0.04814 0.03618 0.02760 0.03236 0.02592 0.03025 0.09074 0.10721 0.03592 0.02875 0.02046 0.00997 0.00320 0.00129 
125	2	0.00000 0.00010 0.00060 0.00505 0.01236 0.02245 0.00985 0.00476 0.00496 0.00911 0.03608 0.06848 0.10192 0.11633 0.10170 0.08865 0.06605 0.04874 0.03209 0.02288 0.02298 0.02286 0.02223 0.02404 0.02892 0.03557 0.03260 0.02897 0.01877 0.00813 0.00206 0.00070 
126	2	0.00003 0.00000 0.00005 0.00003 0.00011 0.00024 0.00036 0.00095 0.00147 0.00449 0.00805 0.02165 0.02955 0.04482 0.04613 0.04633 0.05149 0.05365 0.05214 0.04712 0.04676 0.04455 0.05282 0.14817 0.17169 0.05086 0.03093 0.02076 0.01133 0.00677 0.00458 0.00212 
127	2	0.00001 0.00003 0.00016 0.00018 0.00040 0.00232 0.00328 0.00748 0.01671 0.02485 0.03229 0.04232 0.03994 0.04106 0.03828 0.04281 0.04265 0.04865 0.08215 0.05575 0.27702 0.05137 0.04345 0.03629 0.02127 0.01731 0.01212 0.00800 0.00520 0.00384 0.00215 0.00066 
128	2	0.00002 0.00000 0.00005 0.00006 0.00005 0.00012 0.00020 0.00023 0.00022 0.00045 0.00205 0.00850 0.01904 0.03700 0.04561 0.03423 0.01992 0.01480 0.01121 0.01311 0.03025 0.07140 0.08409 0.14429 0.23007 0.19296 0.02842 0.00603 0.00268 0.00156 0.00095 0.00041 
129	2	0.00001 0.00000 0.00001 0.00005 0.00004 0.00010 0.00023 0.00026 0.00058 0.00117 0.00355 0.01170 0.02104 0.04298 0.06506 0.05331 0.03015 0.01881 0.01227 0.01032 0.02405 0.05371 0.07503 0.12235 0.17503 0.20728 0.05410 0.00750 0.00424 0.00228 0.00153 0.00127 
130	2	0.00001 0.00000 0.00000 0.00002 0.00005 0.00015 0.00057 0.00191 0.00420 0.01182 0.01651 0.03393 0.03542 0.02479 0.01599 0.01486 0.01585 0.01246 0.01366 0.01112 0.01160 0.03097 0.14488 0.30288 0.21945 0.05447 0.01168 0.00548 0.00275 0.00137 0.00083 0.00032 
131	2	0.00000 0.00002 0.00003 0.00025 0.00056 0.00111 0.00206 0.00547 0.00888 0.01014 0.01955 0.02334 0.02662 0.03080 0.03608 0.03057 0.03452 0.03330 0.04265 0.06080 0.08190 0.09973 0.19353 0.06900 0.06445 0.04660 0.03229 0.02100 0.01112 0.00747 0.00432 0.00180 
132	2	0.00007 0.00000 0.00020 0.00016 0.00032 0.00069 0.00100 0.00093 0.00101 0.00186 0.00787 0.01970 0.02745 0.03827 0.03482 0.03133 0.03500 0.04594 0.04746 0.04816 0.04280 0.04615 0.03645 0.04413 0.06107 0.12196 0.20703 0.03710 0.02833 0.01755 0.01183 0.00335 
133	2	0.00001 0.00002 0.00005 0.00011 0.00115 0.00240 0.00502 0.01107 0.02324 0.03363 0.03773 0.04350 0.04710 0.03454 0.04478 0.03742 0.04295 0.04236 0.06071 0.07449 0.19584 0.06270 0.05401 0.04367 0.02973 0.02419 0.01572 0.01398 0.00799 0.00496 0.00343 0.00149 
134	2	0.00001 0.00002 0.00023 0.00142 0.00387 0.01272 0.02232 0.02781 0.02862 0.02505 0.02321 0.02298 0.01385 0.01984 0.01248 0.01501 0.01910 0.02460 0.03610 0.03618 0.07809 0.11925 0.17343 0.16910 0.08775 0.01033 0.00670 0.00389 0.00265 0.00173 0.00118 0.00047 
135	2	0.00004 0.00143 0.00873 0.01537 0.01395 0.01212 0.00923 0.01385 0.02297 0.03094 0.02517 0.07101 0.08322 0.12694 0.08025 0.10030 0.06680 0.06318 0.04550 0.04006 0.02766 0.01805 0.02548 0.02127 0.02109 0.01779 0.01554 0.00862 0.00481 0.00549 0.00304 0.00008 
136	2	0.00012 0.00170 0.01084 0.01632 0.00944 0.01231 0.01237 0.01922 0.02627 0.02989 0.04050 0.05310 0.06045 0.02542 0.04925 0.09777 0.09927 0.07713 0.06005 0.04099 0.03770 0.03084 0.02852 0.02235 0.02192 0.01852 0.01404 0.01527 0.02336 0.03005 0.01477 0.00027 
137	2	0.00002 0.00003 0.00010 0.00053 0.00165 0.00585 0.01031 0.01856 0.03684 0.04659 0.05107 0.05056 0.02880 0.03515 0.02088 0.02386 0.02238 0.01519 0.02241 0.03585 0.07832 0.16249 0.21111 0.08133 0.01592 0.00753 0.00595 0.00367 0.00301 0.00207 0.00139 0.00058 
138	2	0.00277 0.00000 0.03593 0.04048 0.01160 0.01897 0.01835 0.01300 0.01047 0.01291 0.01798 0.02415 0.03732 0.04547 0.05935 0.07164 0.05386 0.05457 0.04468 0.04488 0.03376 0.03326 0.03190 0.04376 0.11515 0.08305 0.01725 0.01112 0.00655 0.00334 0.00176 0.00069 
139	2	0.00192 0.00000 0.02130 0.04338 0.01339 0.02065 0.02209 0.01692 0.01225 0.01303 0.01511 0.02355 0.02762 0.03887 0.05582 0.07694 0.07530 0.07156 0.06166 0.05710 0.04824 0.05447 0.03974 0.04307 0.03880 0.03406 0.03261 0.01939 0.01073 0.00547 0.00359 0.00137 
140	3	0.00001 0.00000 0.00006 0.00033 0.00070 0.00346 0.01978 0.02824 0.03525 0.07961 0.06283 0.06810 0.04549 0.05542 0.04841 0.05022 0.05597 0.04818 0.03754 0.03543 0.03581 0.02925 0.03363 0.03331 0.03597 0.03970 0.03305 0.03018 0.02096 0.01555 0.01442 0.00314 
141	3	0.00014 0.00058 0.00300 0.00652 0.01056 0.01655 0.02377 0.03144 0.02995 0.02793 0.02201 0.03260 0.03264 0.03850 0.04356 0.04739 0.06105 0.05895 0.04292 0.05008 0.04417 0.03667 0.04242 0.04690 0.03633 0.03950 0.03453 0.02697 0.02892 0.03364 0.03575 0.01404 
142	3	0.00001 0.00000 0.00002 0.00013 0.00033 0.00446 0.02810 0.03822 0.11659 0.10429 0.06745 0.05516 0.05144 0.05168 0.03340 0.03720 0.02500 0.02965 0.02508 0.02822 0.03991 0.04191 0.03285 0.03297 0.02487 0.02683 0.02466 0.02721 0.01888 0.01628 0.01307 0.00411 
143	3	0.00039 0.00000 0.00136 0.00342 0.00892 0.03857 0.03390 0.02146 0.01910 0.02089 0.03797 0.04653 0.03903 0.04647 0.04762 0.04683 0.04342 0.05398 0.05154 0.05680 0.05405 0.06016 0.04450 0.04481 0.03770 0.03844 0.04135 0.02972 0.01871 0.00756 0.00421 0.00057 
144	3	0.00016 0.00000 0.00089 0.00178 0.00203 0.01083 0.03220 0.04436 0.04528 0.05579 0.05386 0.04704 0.03021 0.03230 0.03486 0.03839 0.03780 0.04138 0.04022 0.04455 0.04289 0.05420 0.04356 0.04755 0.04462 0.04055 0.04300 0.03928 0.03041 0.01351 0.00536 0.00113 
145	3	0.00000 0.00001 0.00002 0.00007 0.00030 0.00152 0.00347 0.00745 0.01090 0.01553 0.01926 0.02183 0.03248 0.03013 0.03730 0.04657 0.05069 0.06233 0.06744 0.07856 0.07739 0.08122 0.07088 0.07314 0.05456 0.06321 0.05065 0.02291 0.01134 0.00481 0.00323 0.00077 
146	3	0.00004 0.00010 0.00034 0.00098 0.00185 0.00570 0.01022 0.02024 0.02347 0.02596 0.02475 0.02981 0.02911 0.03411 0.03012 0.04839 0.04492 0.04647 0.05804 0.05383 0.06410 0.05833 0.07070 0.05797 0.04832 0.04901 0.04565 0.05493 0.03898 0.01675 0.00610 0.00068 
147	3	0.00002 0.00000 0.00013 0.00037 0.00040 0.00253 0.01363 0.02449 0.03320 0.04675 0.02768 0.05127 0.04291 0.05496 0.04900 0.04467 0.04967 0.05190 0.05372 0.05047 0.04997 0.04215 0.04350 0.03687 0.03748 0.03844 0.03530 0.03644 0.02720 0.02294 0.02228 0.00961 
148	3	0.00002 0.00000 0.00019 0.00049 0.00077 0.00252 0.01241 0.02340 0.02915 0.04696 0.03901 0.05406 0.03487 0.03642 0.03157 0.02902 0.02745 0.02698 0.03475 0.04060 0.04698 0.04618 0.05945 0.05002 0.04515 0.04335 0.04138 0.05235 0.04304 0.03927 0.04265 0.01954 
149	3	0.00001 0.00000 0.00015 0.00042 0.00068 0.00171 0.00760 0.00927 0.01041 0.01791 0.01461 0.02322 0.02167 0.03226 0.03502 0.04270 0.05254 0.04773 0.03943 0.03070 0.02739 0.02358 0.02776 0.02641 0.03204 0.03745 0.04217 0.06115 0.08312 0.11051 0.10766 0.03268 
150	3	0.00235 0.00000 0.00727 0.00680 0.00465 0.00983 0.01398 0.01221 0.01200 0.01937 0.01587 0.02582 0.02262 0.02805 0.02342 0.02170 0.02634 0.02835 0.02724 0.02657 0.02809 0.02754 0.03229 0.02953 0.03329 0.04096 0.05512 0.10222 0.12092 0.09799 0.06432 0.03327 
151	3	0.00152 0.00000 0.00578 0.00525 0.00377 0.00712 0.00943 0.00984 0.01122 0.01905 0.01545 0.02441 0.02082 0.02500 0.02487 0.02572 0.02854 0.02634 0.02649 0.02641 0.02766 0.02882 0.03368 0.03207 0.03565 0.03919 0.04790 0.08852 0.12150 0.11320 0.07444 0.04032 
152	3	0.00015 0.00000 0.00122 0.00141 0.00074 0.00211 0.00310 0.00315 0.00457 0.00964 0.01366 0.03257 0.03679 0.05350 0.05107 0.04402 0.04917 0.04606 0.03681 0.02902 0.03295 0.02931 0.03170 0.02906 0.02998 0.03261 0.03590 0.05380 0.06397 0.08509 0.10630 0.05055 
153	3	0.00005 0.00000 0.00024 0.00054 0.00055 0.00500 0.03789 0.07939 0.08556 0.07477 0.01700 0.01878 0.01603 0.02568 0.02718 0.03008 0.03625 0.04296 0.04681 0.04594 0.04807 0.04519 0.04874 0.04101 0.03621 0.03407 0.02894 0.03125 0.02594 0.02453 0.02889 0.01647 
154	3	0.00000 0.00016 0.00117 0.00298 0.00470 0.01064 0.00900 0.01467 0.02195 0.02892 0.03361 0.04596 0.04161 0.04514 0.03814 0.05574 0.05180 0.04987 0.06027 0.04870 0.05345 0.04470 0.05264 0.04193 0.03757 0.03916 0.03180 0.03121 0.02877 0.02332 0.03625 0.01415 
155	3	0.00015 0.00751 0.03646 0.03086 0.03640 0.03418 0.03868 0.03239 0.02729 0.03776 0.02329 0.01427 0.01938 0.01786 0.02021 0.02471 0.03355 0.03487 0.04468 0.03840 0.04926 0.06643 0.07678 0.06677 0.06302 0.04502 0.03189 0.02339 0.01215 0.00700 0.00448 0.00090 
156	3	0.00000 0.00004 0.00027 0.00019 0.00055 0.03478 0.11685 0.09102 0.06792 0.04491 0.03187 0.02335 0.03339 0.02705 0.02016 0.01915 0.02199 0.03252 0.04064 0.04476 0.04017 0.03787 0.03402 0.04251 0.03897 0.05017 0.04679 0.02602 0.01758 0.00895 0.00520 0.00032 
157	3	0.02243 0.00000 0.12050 0.02687 0.01647 0.03981 0.02990 0.06443 0.03156 0.02354 0.02555 0.01861 0.01111 0.01065 0.01002 0.00759 0.00612 0.00642 0.00712 0.01362 0.02975 0.05980 0.06458 0.09040 0.08341 0.06246 0.04967 0.02815 0.01883 0.01279 0.00721 0.00064 
158	3	0.00034 0.00000 0.00031 0.00030 0.00046 0.00061 0.00206 0.00524 0.02378 0.04452 0.03994 0.02737 0.01980 0.01727 0.01074 0.01236 0.02670 0.05173 0.06614 0.09020 0.11414 0.14213 0.11937 0.08987 0.04367 0.02478 0.01507 0.00735 0.00257 0.00092 0.00019 0.00004 
159	3	0.00188 0.00000 0.00306 0.00093 0.00043 0.00046 0.00158 0.01558 0.09194 0.08965 0.08853 0.04385 0.01603 0.01216 0.01119 0.01554 0.03658 0.06512 0.06665 0.07939 0.08338 0.09170 0.05586 0.04392 0.02746 0.01867 0.01536 0.00956 0.00719 0.00464 0.00161 0.00010 
160	3	0.00013 0.00735 0.03408 0.01492 0.02082 0.00925 0.00389 0.00363 0.00237 0.00157 0.00107 0.00134 0.00209 0.00737 0.01185 0.04075 0.10165 0.15435 0.19502 0.15098 0.09388 0.04700 0.03537 0.02010 0.01524 0.00827 0.00690 0.00404 0.00217 0.00176 0.00069 0.00010 
161	3	0.00000 0.00000 0.00068 0.00819 0.00640 0.00464 0.00170 0.04551 0.16900 0.36494 0.10378 0.04860 0.01738 0.02080 0.05057 0.03530 0.01801 0.01565 0.01530 0.01320 0.01247 0.01025 0.00999 0.00728 0.00648 0.00520 0.00345 0.00257 0.00152 0.00070 0.00024 0.00017 
162	3	0.00079 0.01746 0.02775 0.01137 0.01370 0.00851 0.00912 0.00590 0.00859 0.00361 0.00573 0.00295 0.00934 0.00867 0.01595 0.01397 0.02450 0.02096 0.04832 0.04581 0.08854 0.09537 0.16492 0.13257 0.12829 0.03931 0.03270 0.00921 0.00540 0.00058 0.00007 0.00002 
163	3	0.00069 0.00000 0.00240 0.00163 0.00069 0.00077 0.00077 0.00118 0.09404 0.18925 0.05159 0.06377 0.04019 0.04440 0.02907 0.02473 0.01673 0.02312 0.03403 0.05175 0.06152 0.06091 0.06579 0.04800 0.03548 0.02310 0.01358 0.00975 0.00581 0.00303 0.00140 0.00083 
164	3	0.00003 0.00291 0.12039 0.11562 0.05224 0.03408 0.03567 0.04384 0.02495 0.02620 0.02390 0.01490 0.01086 0.01395 0.01594 0.02065 0.02984 0.03702 0.05476 0.04474 0.06153 0.04694 0.05487 0.03414 0.02864 0.01639 0.01143 0.00973 0.00632 0.00447 0.00219 0.00085 
165	3	0.00001 0.00014 0.00650 0.01386 0.03707 0.05379 0.07823 0.07922 0.07138 0.06646 0.04204 0.04372 0.02580 0.02635 0.02297 0.02120 0.02334 0.02394 0.03263 0.04057 0.04446 0.03998 0.02569 0.01782 0.01422 0.01389 0.01541 0.01634 0.01985 0.03920 0.04133 0.00258 
166	3	0.00001 0.00000 0.00002 0.00006 0.00011 0.00055 0.00116 0.01650 0.17517 0.08113 0.05302 0.08767 0.12944 0.10918 0.05789 0.03467 0.01968 0.01414 0.01123 0.01073 0.01097 0.01252 0.01369 0.01833 0.01835 0.02688 0.03169 0.02681 0.02406 0.01090 0.00326 0.00018 
167	3	0.00000 0.00000 0.00009 0.00020 0.00020 0.00107 0.00859 0.04654 0.05717 0.08626 0.05225 0.09624 0.10309 0.10899 0.08790 0.06140 0.03603 0.01951 0.01427 0.01258 0.01360 0.01294 0.01470 0.01284 0.01431 0.01727 0.01842 0.02804 0.03017 0.03130 0.01373 0.00030 
168	3	0.00002 0.00004 0.00040 0.01058 0.02500 0.10079 0.11173 0.06455 0.05427 0.02217 0.03709 0.05548 0.08733 0.05522 0.03381 0.01462 0.00861 0.00669 0.00773 0.01118 0.01025 0.01086 0.01508 0.02320 0.03181 0.05563 0.05823 0.05123 0.02694 0.00772 0.00155 0.00015 
169	3	0.00001 0.00004 0.00299 0.04592 0.15021 0.08323 0.08927 0.06646 0.05970 0.10455 0.05578 0.03752 0.03443 0.01291 0.00877 0.00632 0.00800 0.00908 0.01380 0.02034 0.01981 0.02003 0.01995 0.01835 0.02277 0.02532 0.02632 0.02310 0.00992 0.00375 0.00113 0.00017 
170	3	0.00001 0.00002 0.00011 0.00039 0.00189 0.00635 0.01741 0.02303 0.05032 0.06581 0.05995 0.06914 0.06852 0.06221 0.05345 0.05135 0.06580 0.05120 0.04864 0.03958 0.04501 0.03415 0.02978 0.02392 0.01565 0.01652 0.01737 0.01623 0.01765 0.02549 0.02003 0.00300 
171	3	0.00006 0.00019 0.00072 0.00193 0.00259 0.00837 0.01135 0.01659 0.01874 0.02215 0.02213 0.02631 0.02694 0.03137 0.02748 0.04011 0.03648 0.03488 0.03977 0.03272 0.03579 0.03237 0.04233 0.04611 0.06914 0.09865 0.14155 0.06886 0.03042 0.01737 0.01220 0.00434 
172	3	0.00005 0.00000 0.00041 0.00060 0.00054 0.00192 0.00308 0.00381 0.00497 0.01292 0.01351 0.02608 0.02744 0.03742 0.03457 0.03902 0.04352 0.04208 0.04169 0.03970 0.03920 0.04094 0.05331 0.06537 0.10634 0.19112 0.06225 0.02548 0.01425 0.01100 0.01094 0.00645 
173	3	0.00090 0.00000 0.00335 0.00271 0.00183 0.00331 0.00348 0.00347 0.00423 0.00685 0.01062 0.01461 0.01454 0.02188 0.03781 0.06001 0.07733 0.10334 0.09766 0.09764 0.08598 0.08597 0.05709 0.05477 0.03897 0.03086 0.03248 0.02359 0.01552 0.00762 0.00134 0.00022 
174	3	0.00001 0.00000 0.00012 0.00039 0.00035 0.00158 0.00232 0.00350 0.00510 0.05133 0.21290 0.13152 0.04332 0.04059 0.02812 0.02229 0.02080 0.02574 0.03545 0.03930 0.04119 0.03535 0.03529 0.02581 0.02426 0.02280 0.02137 0.02634 0.02531 0.02796 0.03896 0.01062 
175	3	0.00000 0.00000 0.00000 0.00001 0.00001 0.00006 0.00015 0.00021 0.00038 0.00468 0.03385 0.17094 0.05924 0.03900 0.02869 0.02196 0.02322 0.02800 0.04435 0.06628 0.07828 0.06539 0.06185 0.04647 0.04082 0.03486 0.02935 0.02985 0.02543 0.02490 0.03312 0.00864 
176	3	0.00001 0.00003 0.00021 0.00058 0.00055 0.00154 0.00276 0.00791 0.05102 0.20194 0.06894 0.03286 0.02272 0.02015 0.01533 0.02327 0.02854 0.04661 0.06455 0.05053 0.05313 0.04237 0.04443 0.03190 0.02645 0.02695 0.02357 0.02466 0.02417 0.02308 0.03533 0.00390 
177	3	0.00002 0.00005 0.00011 0.00012 0.00017 0.00045 0.00053 0.00142 0.01345 0.09384 0.14975 0.12303 0.06128 0.04741 0.03560 0.03450 0.02816 0.02909 0.03137 0.03146 0.04007 0.03107 0.02970 0.02825 0.02046 0.01940 0.02001 0.01945 0.02131 0.03143 0.04474 0.01229 
178	3	0.00063 0.00000 0.00400 0.02357 0.02147 0.03569 0.05490 0.06810 0.07332 0.11975 0.06279 0.06139 0.03156 0.03492 0.03192 0.02771 0.02738 0.02852 0.02870 0.02845 0.02787 0.02606 0.03552 0.02969 0.02932 0.03221 0.02701 0.01708 0.00612 0.00192 0.00140 0.00102 
179	3	0.00077 0.00000 0.00415 0.00587 0.00843 0.03061 0.05304 0.06402 0.06847 0.08391 0.08121 0.05292 0.04748 0.03507 0.03106 0.02803 0.02092 0.02367 0.02348 0.02750 0.02439 0.02933 0.03541 0.04267 0.05069 0.05279 0.03838 0.02226 0.00838 0.00279 0.00155 0.00073 
180	3	0.00107 0.00000 0.00447 0.00656 0.00962 0.02966 0.04661 0.06333 0.05990 0.06771 0.07403 0.06560 0.03524 0.03016 0.02795 0.02717 0.02545 0.02530 0.02752 0.03177 0.03269 0.05166 0.05129 0.06500 0.05864 0.04515 0.02703 0.00520 0.00169 0.00107 0.00102 0.00043 
181	3	0.00208 0.00000 0.00977 0.01335 0.01503 0.03796 0.07928 0.08107 0.05735 0.06193 0.05975 0.04627 0.02638 0.02641 0.02774 0.02931 0.02762 0.02976 0.03100 0.04102 0.04665 0.06804 0.05516 0.06154 0.04171 0.01551 0.00372 0.00142 0.00104 0.00090 0.00085 0.00036 
182	3	0.00044 0.00000 0.00383 0.00873 0.01623 0.03698 0.02992 0.02260 0.01845 0.02420 0.01162 0.01557 0.01458 0.02457 0.02803 0.02963 0.03373 0.03897 0.05047 0.05940 0.06080 0.05495 0.05717 0.04594 0.04455 0.04137 0.03432 0.03605 0.03163 0.03852 0.06891 0.01780 
183	3	0.00014 0.00000 0.00428 0.01948 0.01972 0.04579 0.07716 0.08012 0.04859 0.07252 0.04367 0.05469 0.03517 0.04115 0.03551 0.02800 0.02702 0.02522 0.02685 0.02957 0.03355 0.03467 0.05165 0.05395 0.04937 0.03206 0.01582 0.00562 0.00299 0.00208 0.00257 0.00100 
184	3	0.00001 0.00011 0.00024 0.00091 0.00195 0.00324 0.00581 0.01417 0.01712 0.02729 0.02696 0.03764 0.03874 0.04684 0.04730 0.04696 0.06115 0.05813 0.05539 0.05978 0.06066 0.06192 0.07206 0.06600 0.06235 0.04647 0.03549 0.02444 0.01250 0.00603 0.00230 0.00002 
185	3	0.00000 0.00000 0.00000 0.00000 0.00005 0.00006 0.00052 0.00219 0.00408 0.00770 0.01074 0.01601 0.02013 0.02294 0.03055 0.03771 0.04802 0.05489 0.07006 0.07090 0.07486 0.07450 0.08137 0.08115 0.08123 0.07228 0.05817 0.03885 0.02282 0.01104 0.00576 0.00140 
186	3	0.00004 0.00026 0.00292 0.01373 0.01917 0.03580 0.05279 0.04250 0.06599 0.05290 0.04842 0.03323 0.02744 0.01762 0.02022 0.01683 0.01989 0.02385 0.02512 0.03051 0.03981 0.04508 0.04652 0.04978 0.04651 0.04693 0.03232 0.03085 0.03467 0.03259 0.03416 0.01155 
187	3	0.00003 0.00087 0.00434 0.01133 0.02253 0.02418 0.02611 0.03798 0.05047 0.05387 0.06509 0.03758 0.04105 0.02027 0.01865 0.02275 0.01919 0.02356 0.03227 0.04187 0.04520 0.04836 0.05291 0.05763 0.04481 0.03777 0.03062 0.03295 0.02525 0.02710 0.03310 0.01026 
188	3	0.00002 0.00027 0.00107 0.00695 0.01988 0.02519 0.02165 0.04602 0.05227 0.05031 0.04578 0.04864 0.02684 0.02458 0.01467 0.01912 0.01960 0.02145 0.02637 0.03361 0.03700 0.03926 0.04419 0.04243 0.04125 0.03302 0.03528 0.03697 0.03730 0.04052 0.06841 0.04005 
189	3	0.00002 0.00008 0.00096 0.00320 0.00313 0.00807 0.00949 0.01015 0.01453 0.01350 0.03175 0.03721 0.05404 0.05586 0.06960 0.07838 0.06139 0.04450 0.03109 0.03490 0.03600 0.03447 0.02858 0.04462 0.06292 0.06670 0.04556 0.02316 0.04298 0.03973 0.01070 0.00270 
190	3	0.00000 0.00004 0.00015 0.00052 0.00092 0.00336 0.00423 0.00802 0.01341 0.02636 0.04589 0.06709 0.06320 0.06656 0.06021 0.07974 0.07803 0.07230 0.05393 0.04177 0.04179 0.02761 0.02565 0.02540 0.01944 0.02103 0.02227 0.01986 0.01810 0.02317 0.02476 0.04520 
191	3	0.00002 0.00002 0.00009 0.00022 0.00048 0.00195 0.00619 0.00952 0.01257 0.02039 0.02465 0.03230 0.03421 0.03975 0.03607 0.05729 0.05175 0.04885 0.05747 0.04633 0.05372 0.04570 0.05436 0.04101 0.03153 0.03332 0.02920 0.03346 0.03835 0.05111 0.07272 0.03539 
192	3	0.00000 0.00002 0.00008 0.00055 0.00225 0.01243 0.02013 0.02327 0.02026 0.02519 0.02726 0.03777 0.04297 0.05326 0.04872 0.07042 0.05569 0.05115 0.05743 0.04628 0.04526 0.03200 0.03501 0.02825 0.02575 0.02876 0.02315 0.02647 0.03645 0.03357 0.04638 0.04380 
193	3	0.00118 0.00000 0.00425 0.00528 0.00551 0.01352 0.01848 0.01798 0.01580 0.02319 0.01686 0.02577 0.02319 0.03484 0.03600 0.03842 0.04360 0.04893 0.05140 0.05048 0.05469 0.05400 0.06087 0.05260 0.05121 0.04751 0.04114 0.04208 0.03457 0.03167 0.03525 0.01971 
194	3	0.00002 0.00010 0.00036 0.00164 0.00448 0.01990 0.03562 0.04569 0.10340 0.11367 0.08393 0.06741 0.05477 0.03347 0.05290 0.02607 0.04207 0.04488 0.02617 0.02096 0.02005 0.01480 0.01491 0.01385 0.00967 0.01383 0.01772 0.01798 0.02742 0.02472 0.01083 0.03671 
195	3	0.00002 0.00332 0.01910 0.01806 0.04106 0.03532 0.07524 0.11690 0.06708 0.07595 0.05064 0.03802 0.03885 0.03735 0.03099 0.02350 0.01882 0.01376 0.01449 0.01352 0.01209 0.01047 0.01292 0.01473 0.01686 0.02097 0.01854 0.02386 0.02088 0.01354 0.01627 0.08685 
196	3	0.00007 0.00124 0.00372 0.01499 0.01792 0.03311 0.05195 0.06707 0.12005 0.06942 0.06985 0.02978 0.01749 0.01674 0.02270 0.01325 0.01739 0.01144 0.01223 0.01268 0.01394 0.01131 0.01392 0.01328 0.02087 0.02384 0.03047 0.03297 0.02927 0.02671 0.02042 0.15991 
197	3	0.00002 0.00040 0.00091 0.00182 0.00505 0.01187 0.03807 0.06950 0.13154 0.13771 0.08337 0.06478 0.05941 0.04193 0.02895 0.02106 0.02119 0.01299 0.01065 0.00847 0.01091 0.01107 0.01466 0.02073 0.02834 0.04662 0.05557 0.03930 0.01611 0.00590 0.00069 0.00037 
198	3	0.00005 0.00070 0.00335 0.00551 0.01392 0.01689 0.03070 0.03895 0.12955 0.11822 0.08035 0.07453 0.06802 0.04094 0.02716 0.02637 0.03795 0.02495 0.01879 0.01217 0.01332 0.01010 0.01058 0.01588 0.02309 0.04527 0.05830 0.03656 0.01287 0.00426 0.00046 0.00026 
199	3	0.00000 0.00038 0.00213 0.00340 0.02073 0.08388 0.12031 0.10650 0.12864 0.07785 0.04052 0.01895 0.01371 0.00824 0.01186 0.01084 0.01369 0.01275 0.01870 0.02394 0.01673 0.01425 0.01489 0.01733 0.02250 0.03310 0.05353 0.07248 0.02984 0.00490 0.00250 0.00092 
200	3	0.00001 0.00118 0.00487 0.00573 0.01010 0.02037 0.04097 0.06978 0.06049 0.05003 0.03956 0.02921 0.02827 0.02334 0.03082 0.02750 0.03807 0.04082 0.03497 0.02708 0.02952 0.02919 0.04070 0.03798 0.04150 0.06135 0.07719 0.05156 0.02592 0.01362 0.00774 0.00055 
201	3	0.00001 0.00014 0.00215 0.00810 0.01213 0.02374 0.02069 0.03172 0.03750 0.04359 0.03569 0.03637 0.04417 0.06992 0.04975 0.07976 0.07326 0.05324 0.05582 0.04575 0.05094 0.04852 0.05000 0.02618 0.02280 0.02027 0.01702 0.02158 0.00998 0.00266 0.00491 0.00161 
202	3	0.00008 0.00042 0.00140 0.00417 0.01024 0.01747 0.01983 0.04221 0.04237 0.04907 0.04770 0.06600 0.05985 0.07120 0.04883 0.05866 0.05087 0.04418 0.03816 0.03491 0.02853 0.02440 0.02790 0.02957 0.03520 0.04160 0.04155 0.03916 0.02102 0.00238 0.00052 0.00052 
203	3	0.00002 0.00026 0.00117 0.00341 0.00612 0.00817 0.01362 0.03057 0.05754 0.06795 0.06888 0.04950 0.04266 0.04855 0.06022 0.04775 0.05333 0.04902 0.04017 0.03440 0.03610 0.03344 0.03906 0.03148 0.03678 0.03699 0.03466 0.03238 0.02727 0.00603 0.00145 0.00104 
204	3	0.00013 0.00000 0.00054 0.00066 0.00062 0.00240 0.00399 0.00469 0.00578 0.00932 0.01614 0.02437 0.02231 0.02669 0.02922 0.04111 0.04970 0.07400 0.08734 0.08700 0.07873 0.09803 0.06547 0.06570 0.07165 0.05650 0.03676 0.01746 0.01230 0.00595 0.00425 0.00121 
205	3	0.00012 0.00106 0.00610 0.01475 0.03923 0.06692 0.14911 0.19599 0.18069 0.09660 0.02427 0.01640 0.01402 0.01440 0.00935 0.01436 0.01169 0.00938 0.01006 0.00950 0.01009 0.00927 0.01023 0.00907 0.01022 0.00968 0.01144 0.01180 0.00982 0.01025 0.00930 0.00480 
206	3	0.00000 0.00020 0.00232 0.00513 0.01178 0.02527 0.04835 0.09499 0.21572 0.21503 0.08640 0.03610 0.02597 0.01908 0.01892 0.01386 0.01639 0.01179 0.01195 0.01232 0.01118 0.01057 0.01135 0.01154 0.01157 0.01223 0.01273 0.01249 0.01114 0.01022 0.00939 0.00401 
207	3	0.00002 0.00024 0.00243 0.01087 0.01563 0.03017 0.07057 0.12754 0.16534 0.11257 0.04078 0.03699 0.02596 0.02816 0.02699 0.02355 0.02938 0.02482 0.02297 0.02691 0.02811 0.02331 0.02977 0.02249 0.01695 0.01877 0.01355 0.00836 0.00659 0.00467 0.00367 0.00186 
208	3	0.00001 0.00000 0.00005 0.00018 0.00021 0.00342 0.00536 0.00348 0.00922 0.00910 0.00772 0.00661 0.00736 0.01355 0.01255 0.01610 0.01498 0.02054 0.02365 0.02867 0.04090 0.05312 0.05750 0.07175 0.07509 0.10091 0.11766 0.12814 0.11354 0.04658 0.01147 0.00057 
209	3	0.00000 0.00000 0.00002 0.00012 0.00324 0.00586 0.01478 0.01519 0.01765 0.01747 0.01927 0.02313 0.02273 0.02363 0.03465 0.03307 0.04737 0.06265 0.05431 0.03865 0.04671 0.04323 0.05542 0.05978 0.07512 0.07142 0.06632 0.05577 0.05837 0.02661 0.00713 0.00031 
210	4	0.00061 0.00000 0.00301 0.00218 0.00157 0.00345 0.00645 0.00961 0.01206 0.02199 0.02260 0.03713 0.03182 0.03717 0.02965 0.02133 0.01857 0.01415 0.00837 0.01934 0.06447 0.09000 0.10598 0.02875 0.00846 0.01269 0.13792 0.18899 0.01521 0.01010 0.01645 0.01990 
211	4	0.00077 0.00000 0.00237 0.00152 0.00136 0.00305 0.00477 0.00517 0.00513 0.00820 0.00653 0.00950 0.00767 0.01173 0.01419 0.01503 0.01789 0.01731 0.04805 0.09762 0.12117 0.10277 0.03392 0.01485 0.00908 0.07626 0.25472 0.06465 0.01000 0.01198 0.01161 0.01110 
212	4	0.00009 0.00000 0.00022 0.00039 0.00040 0.00194 0.00253 0.00212 0.00241 0.00491 0.00492 0.00943 0.00982 0.01660 0.01990 0.01983 0.02207 0.03358 0.09737 0.10169 0.09546 0.05615 0.01892 0.00934 0.00816 0.11602 0.25855 0.04252 0.00936 0.01110 0.01281 0.01137 
213	4	0.00460 0.00000 0.00515 0.00287 0.00201 0.00334 0.00332 0.00232 0.00218 0.00341 0.00261 0.00441 0.00768 0.01272 0.02260 0.04920 0.08100 0.08182 0.08272 0.06777 0.05968 0.04228 0.04522 0.04469 0.06651 0.04752 0.02596 0.01665 0.02832 0.07620 0.09182 0.01343 
214	4	0.00039 0.00000 0.00150 0.00156 0.00136 0.00291 0.00546 0.00518 0.00548 0.00984 0.00845 0.01406 0.01350 0.02268 0.02616 0.02877 0.03083 0.02901 0.03662 0.06457 0.08258 0.06232 0.05098 0.03751 0.04268 0.10165 0.15424 0.08181 0.01817 0.02182 0.02309 0.01480 
215	4	0.00037 0.00000 0.00098 0.00112 0.00120 0.00242 0.00432 0.00524 0.00617 0.00912 0.01225 0.01693 0.01582 0.02089 0.02885 0.03744 0.03681 0.03618 0.03439 0.04080 0.04005 0.07254 0.04612 0.03632 0.05361 0.09817 0.12595 0.13426 0.01370 0.02208 0.03054 0.01534 
216	4	0.00038 0.00000 0.00118 0.00122 0.00107 0.00211 0.00353 0.00348 0.00416 0.00730 0.00627 0.01057 0.00887 0.01340 0.01353 0.01392 0.01525 0.02115 0.04485 0.06141 0.04130 0.03015 0.09194 0.09112 0.11277 0.13979 0.14720 0.05259 0.01584 0.01665 0.01758 0.00942 
217	4	0.00016 0.00000 0.00049 0.00048 0.00037 0.00065 0.00081 0.00081 0.00083 0.00144 0.00116 0.00186 0.00155 0.00233 0.00253 0.00251 0.00320 0.00420 0.00566 0.00801 0.01511 0.02753 0.07532 0.14949 0.22053 0.23002 0.05142 0.05212 0.04651 0.04595 0.03502 0.01191 
218	4	0.00001 0.00000 0.00005 0.00006 0.00012 0.00127 0.00173 0.00293 0.00429 0.00675 0.00570 0.00952 0.01118 0.02018 0.02695 0.04212 0.07848 0.10672 0.10557 0.10325 0.11061 0.14887 0.04894 0.01763 0.01990 0.02214 0.02653 0.03499 0.02142 0.00902 0.00774 0.00532 
219	4	0.00008 0.00000 0.00038 0.00068 0.00095 0.00178 0.00221 0.00241 0.00276 0.00515 0.00440 0.00797 0.00822 0.01323 0.01714 0.02049 0.03150 0.05376 0.06447 0.15699 0.20722 0.11934 0.02585 0.02903 0.03242 0.03896 0.03558 0.04384 0.02671 0.02211 0.01691 0.00746 
220	4	0.00050 0.00000 0.00122 0.00171 0.00185 0.00434 0.00761 0.00754 0.00742 0.00992 0.00597 0.00614 0.00383 0.00412 0.00350 0.00499 0.01065 0.02132 0.02990 0.03532 0.04053 0.03664 0.05747 0.21738 0.09882 0.08567 0.06230 0.05235 0.06458 0.06235 0.04222 0.01180 
221	4	0.00001 0.00000 0.00005 0.00007 0.00005 0.00013 0.00031 0.00047 0.00073 0.00179 0.00245 0.00597 0.00758 0.01806 0.02663 0.03262 0.03532 0.03679 0.04864 0.12488 0.08886 0.03814 0.05118 0.02288 0.02387 0.05855 0.12028 0.10970 0.06663 0.04582 0.01945 0.01204 
222	4	0.00055 0.00000 0.00109 0.00098 0.00107 0.00373 0.00577 0.00614 0.00605 0.00948 0.00731 0.01099 0.01206 0.02548 0.03240 0.03628 0.04789 0.06731 0.08168 0.10123 0.07853 0.04309 0.03468 0.03852 0.04828 0.05418 0.06898 0.07127 0.05082 0.02124 0.01925 0.01365 
223	4	0.00017 0.00203 0.00672 0.01205 0.01060 0.01294 0.00891 0.00469 0.00162 0.00412 0.00489 0.00637 0.00239 0.00249 0.00940 0.07893 0.04257 0.02218 0.02093 0.02006 0.03007 0.03183 0.05380 0.07400 0.10110 0.11421 0.06750 0.06396 0.07303 0.05619 0.04840 0.01183 
224	4	0.00040 0.00000 0.00109 0.00095 0.00075 0.00123 0.00187 0.00187 0.00208 0.00367 0.00367 0.00598 0.00586 0.01017 0.01485 0.02228 0.03110 0.04312 0.06132 0.06338 0.06453 0.07292 0.09096 0.06607 0.07285 0.06370 0.05667 0.08592 0.04983 0.04419 0.03980 0.01691 
225	4	0.00072 0.00000 0.00189 0.00278 0.00316 0.01094 0.01041 0.00512 0.00410 0.00666 0.00592 0.00805 0.00751 0.01307 0.01725 0.01997 0.02280 0.03143 0.06987 0.24976 0.18236 0.02513 0.02385 0.01645 0.01677 0.02244 0.03274 0.05030 0.05162 0.04455 0.03014 0.01222 
226	4	0.00082 0.00000 0.00106 0.00084 0.00086 0.00175 0.00280 0.00309 0.00354 0.00711 0.00648 0.01062 0.00975 0.01607 0.01942 0.02114 0.02767 0.04011 0.04816 0.06469 0.06067 0.04780 0.04437 0.02040 0.15183 0.14390 0.09795 0.08902 0.01647 0.02321 0.01101 0.00737 
227	4	0.00010 0.00000 0.00052 0.00077 0.00110 0.00286 0.00531 0.00532 0.00558 0.00729 0.00592 0.01036 0.01085 0.02084 0.03017 0.03454 0.03767 0.03518 0.03730 0.03308 0.02718 0.04397 0.06292 0.05597 0.07754 0.11923 0.06232 0.04280 0.08142 0.08025 0.04364 0.01797 
228	4	0.00056 0.00000 0.00132 0.00098 0.00103 0.00259 0.00555 0.00710 0.00954 0.02160 0.02245 0.03625 0.03160 0.04005 0.03203 0.02894 0.03012 0.03360 0.04550 0.06461 0.05752 0.03482 0.02529 0.03143 0.06635 0.06842 0.05095 0.07003 0.01746 0.01204 0.09801 0.05225 
229	4	0.00094 0.00000 0.00148 0.00133 0.00104 0.00298 0.00499 0.00575 0.00729 0.01456 0.01397 0.02445 0.02469 0.03595 0.03462 0.03132 0.03189 0.03554 0.04418 0.05844 0.09507 0.08633 0.06307 0.04058 0.03865 0.05931 0.05403 0.04277 0.02744 0.02765 0.03516 0.05451 
230	4	0.00081 0.00000 0.00215 0.00203 0.00217 0.00446 0.00763 0.00968 0.01040 0.01815 0.01649 0.02659 0.02181 0.02533 0.01955 0.01437 0.01125 0.00709 0.01212 0.11189 0.17685 0.10660 0.04155 0.01183 0.00979 0.16118 0.11008 0.02129 0.00722 0.00810 0.00973 0.01180 
231	4	0.00126 0.00000 0.00240 0.00122 0.00094 0.00216 0.00282 0.00305 0.00331 0.00662 0.00623 0.01176 0.01242 0.02134 0.02312 0.02116 0.02012 0.01887 0.01653 0.03012 0.06483 0.08133 0.04906 0.05174 0.07801 0.18954 0.04462 0.02583 0.03627 0.08826 0.06433 0.02069 
232	4	0.00036 0.00000 0.00092 0.00077 0.00059 0.00112 0.00145 0.00167 0.00175 0.00353 0.00340 0.00665 0.00727 0.01254 0.01623 0.02010 0.02850 0.04029 0.05612 0.06378 0.06925 0.08960 0.09339 0.05032 0.02282 0.05547 0.13469 0.04007 0.01562 0.01826 0.07370 0.06978 
233	4	0.00103 0.00000 0.00149 0.00098 0.00073 0.00150 0.00264 0.00315 0.00390 0.00928 0.01019 0.01762 0.01680 0.02556 0.02677 0.02593 0.02815 0.03010 0.03380 0.07512 0.08047 0.06857 0.08952 0.06703 0.05017 0.04204 0.03472 0.04054 0.03215 0.04783 0.07462 0.05755 
234	4	0.00018 0.00000 0.00101 0.00103 0.00102 0.00239 0.00378 0.00361 0.00397 0.00784 0.00814 0.01707 0.02024 0.04100 0.05600 0.06160 0.06364 0.05833 0.05445 0.04759 0.04467 0.03477 0.08322 0.11068 0.07648 0.05363 0.03930 0.03911 0.02854 0.02497 0.00861 0.00311 
235	4	0.00069 0.00000 0.00139 0.00107 0.00125 0.00337 0.00732 0.00947 0.01197 0.02265 0.02142 0.03139 0.02484 0.03461 0.03577 0.03319 0.03208 0.03034 0.02809 0.02628 0.06169 0.13996 0.07122 0.10145 0.05970 0.04365 0.03956 0.05731 0.05622 0.00548 0.00403 0.00254 
236	4	0.00049 0.00000 0.00116 0.00089 0.00078 0.00186 0.00313 0.00385 0.00494 0.00922 0.00955 0.01661 0.01455 0.01932 0.01597 0.01497 0.02031 0.01944 0.05920 0.12289 0.13753 0.05055 0.01092 0.00459 0.11827 0.20067 0.08412 0.01137 0.00825 0.01052 0.01141 0.01269 
237	4	0.00086 0.00000 0.00118 0.00105 0.00075 0.00200 0.00292 0.00300 0.00375 0.00677 0.00637 0.01030 0.00915 0.01432 0.01549 0.01555 0.01876 0.03100 0.05566 0.06855 0.11600 0.11238 0.08308 0.01693 0.01002 0.05142 0.16222 0.14704 0.00695 0.00732 0.00727 0.01191 
238	4	0.00002 0.00002 0.00010 0.00022 0.00063 0.00172 0.08906 0.21303 0.18065 0.07429 0.04652 0.01878 0.01426 0.02139 0.02358 0.01611 0.02060 0.01957 0.02395 0.01187 0.01499 0.01270 0.01171 0.01253 0.01345 0.01351 0.01708 0.03973 0.04845 0.03684 0.00259 0.00003 
239	4	0.07714 0.15607 0.10558 0.04004 0.01270 0.00885 0.00827 0.00850 0.00693 0.01065 0.01340 0.01550 0.01763 0.03111 0.04962 0.09048 0.16009 0.14171 0.01621 0.00746 0.00503 0.00561 0.00307 0.00203 0.00158 0.00128 0.00147 0.00096 0.00057 0.00028 0.00010 0.00006 
240	4	0.00000 0.00000 0.00000 0.00000 0.02541 0.05080 0.07980 0.05411 0.05117 0.05392 0.03617 0.02135 0.02049 0.03091 0.04544 0.18104 0.26060 0.04544 0.01070 0.00748 0.00583 0.00403 0.00402 0.00252 0.00227 0.00169 0.00125 0.00226 0.00113 0.00013 0.00002 0.00001 
241	4	0.00001 0.00004 0.00020 0.00050 0.00384 0.00910 0.01605 0.01782 0.02098 0.01903 0.01610 0.01812 0.01873 0.02717 0.06697 0.09029 0.06692 0.06305 0.07770 0.07326 0.06308 0.04616 0.04919 0.03502 0.03392 0.03947 0.04429 0.03854 0.02663 0.01426 0.00340 0.00015 
242	4	0.00000 0.00002 0.00006 0.00031 0.00110 0.00245 0.00588 0.00840 0.01227 0.01169 0.01101 0.01560 0.03743 0.06699 0.07297 0.05775 0.07742 0.07834 0.09306 0.06215 0.04396 0.04210 0.04280 0.03794 0.03775 0.03890 0.04804 0.04282 0.02913 0.01510 0.00626 0.00031 
243	4	0.00002 0.00001 0.00010 0.00025 0.00050 0.00069 0.00081 0.00139 0.00201 0.11687 0.10394 0.05153 0.03422 0.05617 0.03648 0.03749 0.03944 0.01559 0.02336 0.04505 0.03435 0.02973 0.04614 0.05903 0.06393 0.06651 0.06005 0.04173 0.02113 0.00940 0.00200 0.00007 
244	4	0.00000 0.00002 0.00006 0.00017 0.00021 0.00029 0.00041 0.00057 0.00069 0.09193 0.20838 0.07558 0.02174 0.02975 0.00527 0.01509 0.09665 0.02902 0.04569 0.04485 0.04222 0.03796 0.04727 0.03876 0.04387 0.03851 0.03206 0.03568 0.01150 0.00437 0.00135 0.00008 
245	4	0.00001 0.00004 0.00036 0.00162 0.00669 0.00770 0.01877 0.01732 0.02550 0.03876 0.05193 0.06128 0.05921 0.07175 0.07073 0.05806 0.04628 0.04646 0.03885 0.04775 0.03382 0.03788 0.03116 0.03381 0.03187 0.03482 0.03158 0.03925 0.02945 0.02601 0.00127 0.00002 
246	4	0.00001 0.00001 0.00005 0.00057 0.00330 0.01829 0.02342 0.04240 0.02957 0.02440 0.03182 0.02909 0.09235 0.06963 0.11151 0.06486 0.05603 0.05541 0.03271 0.03082 0.01784 0.02156 0.02440 0.02942 0.04619 0.03644 0.04154 0.02913 0.02194 0.01387 0.00135 0.00006 
247	4	0.00001 0.00002 0.00007 0.00018 0.00098 0.00555 0.00750 0.01235 0.01205 0.01712 0.01494 0.02783 0.03476 0.04684 0.07107 0.10436 0.13544 0.11637 0.08357 0.07575 0.05289 0.01957 0.02138 0.01443 0.01675 0.01688 0.02664 0.02926 0.02439 0.01049 0.00054 0.00001 
248	4	0.00000 0.00001 0.00002 0.00011 0.00022 0.00058 0.00183 0.00469 0.00630 0.01243 0.02597 0.03808 0.03714 0.05409 0.05116 0.11969 0.07405 0.08610 0.01851 0.01401 0.01364 0.01909 0.01564 0.02165 0.04562 0.06145 0.07960 0.08657 0.09115 0.01964 0.00091 0.00003 
249	4	0.00002 0.00010 0.00041 0.00075 0.00270 0.00507 0.00580 0.01454 0.16847 0.20462 0.08029 0.01912 0.01414 0.02334 0.02578 0.01540 0.04187 0.06434 0.10933 0.04051 0.02255 0.02497 0.02852 0.01742 0.01348 0.00972 0.01075 0.01872 0.01374 0.00321 0.00031 0.00001 
250	4	0.00001 0.00008 0.00026 0.00047 0.00152 0.01077 0.02626 0.06100 0.05415 0.04158 0.03335 0.03412 0.03264 0.04161 0.03340 0.02391 0.01536 0.01153 0.00782 0.00568 0.00622 0.00457 0.00595 0.21527 0.17696 0.01377 0.01876 0.02624 0.04930 0.02339 0.01472 0.00930 
251	4	0.00000 0.00000 0.00000 0.00004 0.00007 0.00032 0.00239 0.00731 0.03991 0.03533 0.03172 0.02315 0.03231 0.02804 0.03153 0.03068 0.03386 0.03562 0.02815 0.07790 0.09568 0.08955 0.07707 0.12297 0.08418 0.03243 0.01999 0.01860 0.01522 0.00525 0.00066 0.00003 
252	4	0.00001 0.00014 0.00360 0.01294 0.04437 0.05960 0.02162 0.00339 0.00130 0.00098 0.00061 0.00066 0.00074 0.00055 0.00088 0.00114 0.12414 0.21104 0.02046 0.01665 0.01953 0.03019 0.06141 0.05522 0.06926 0.06156 0.05396 0.05850 0.05462 0.00992 0.00088 0.00010 
253	4	0.00001 0.00001 0.00005 0.00017 0.00024 0.00041 0.00083 0.02704 0.18370 0.17988 0.02644 0.00942 0.01082 0.01240 0.01192 0.01288 0.01906 0.04825 0.06874 0.06624 0.03897 0.05261 0.04937 0.05036 0.04294 0.04875 0.02778 0.00783 0.00216 0.00056 0.00015 0.00000 
254	4	0.00001 0.00003 0.00007 0.00081 0.00461 0.02862 0.01422 0.00155 0.00046 0.00029 0.00028 0.00035 0.00091 0.00213 0.00249 0.00450 0.01870 0.24909 0.14302 0.02503 0.03818 0.06432 0.02789 0.04141 0.07680 0.05937 0.05863 0.07552 0.04777 0.01130 0.00158 0.00005 
255	4	0.00000 0.00000 0.00001 0.00002 0.00007 0.00053 0.02095 0.03862 0.07201 0.01447 0.00223 0.00077 0.00095 0.00109 0.00180 0.00239 0.00365 0.07617 0.22413 0.10357 0.01798 0.02622 0.02638 0.04432 0.06400 0.07361 0.05866 0.05818 0.05542 0.01030 0.00142 0.00004 
256	4	0.00000 0.00001 0.00002 0.00006 0.00016 0.00010 0.00041 0.00435 0.10341 0.22087 0.09846 0.01954 0.00990 0.01317 0.01395 0.01077 0.01730 0.03542 0.04786 0.05133 0.05549 0.04648 0.04249 0.05603 0.04992 0.04902 0.03546 0.01334 0.00355 0.00082 0.00027 0.00004 
257	4	0.00000 0.00001 0.00003 0.00026 0.00467 0.03036 0.04096 0.03775 0.05605 0.03884 0.02535 0.02949 0.02107 0.02550 0.03950 0.02200 0.02214 0.02625 0.02474 0.04976 0.08387 0.10797 0.08215 0.05505 0.02234 0.01810 0.03350 0.03810 0.03794 0.02395 0.00224 0.00007 
258	4	0.00000 0.00000 0.00002 0.00007 0.00004 0.00037 0.00228 0.00501 0.01480 0.01470 0.01462 0.01826 0.01740 0.02291 0.02557 0.04081 0.03910 0.04507 0.03971 0.18715 0.11542 0.08127 0.08755 0.08605 0.03335 0.02847 0.02815 0.02396 0.01866 0.00777 0.00138 0.00005 
259	4	0.00001 0.00001 0.00005 0.00033 0.00177 0.00508 0.01304 0.02111 0.01628 0.01857 0.01358 0.01725 0.01997 0.03075 0.02447 0.03283 0.03153 0.02973 0.04000 0.12285 0.09854 0.11301 0.07722 0.09930 0.05139 0.01954 0.01858 0.02939 0.03166 0.01584 0.00603 0.00029 
260	4	0.00001 0.00003 0.00007 0.00009 0.00030 0.00136 0.00525 0.01119 0.01226 0.01410 0.01407 0.01097 0.01415 0.01965 0.02373 0.03016 0.03132 0.03449 0.03422 0.10992 0.09802 0.08495 0.09091 0.15685 0.06854 0.02170 0.02112 0.02399 0.02935 0.02764 0.00890 0.00065 
261	4	0.00000 0.00002 0.00035 0.01002 0.01987 0.03693 0.05088 0.04513 0.03919 0.02669 0.02482 0.02312 0.01445 0.02077 0.01472 0.01830 0.01920 0.01537 0.02647 0.06030 0.35618 0.02700 0.01261 0.01324 0.01785 0.01385 0.01647 0.01618 0.01980 0.01825 0.01775 0.00420 
262	4	0.00001 0.00004 0.00096 0.00293 0.00917 0.01514 0.02716 0.02306 0.01907 0.01899 0.01430 0.01843 0.01597 0.02165 0.02744 0.03261 0.04326 0.04385 0.04757 0.05321 0.07043 0.09930 0.21950 0.08299 0.01705 0.01618 0.01678 0.01601 0.01375 0.00784 0.00358 0.00174 
263	4	0.00000 0.00006 0.00025 0.00171 0.00656 0.01442 0.01444 0.02307 0.02582 0.02579 0.03147 0.04044 0.03832 0.04820 0.04670 0.04112 0.03883 0.03179 0.02647 0.02887 0.04889 0.06335 0.14412 0.20652 0.01137 0.01118 0.01024 0.00776 0.00551 0.00338 0.00217 0.00117 
264	4	0.00000 0.00005 0.00024 0.00168 0.00172 0.00465 0.00813 0.01043 0.00385 0.00078 0.00038 0.00026 0.00047 0.00062 0.00093 0.00116 0.00186 0.05740 0.31629 0.13770 0.01471 0.01780 0.03631 0.06421 0.07663 0.06415 0.05298 0.04510 0.05119 0.02296 0.00513 0.00021 
265	4	0.00000 0.00000 0.00001 0.00004 0.00012 0.00025 0.00037 0.00130 0.07316 0.21070 0.16842 0.03351 0.00967 0.01044 0.01113 0.00941 0.01996 0.04146 0.05107 0.05260 0.04088 0.03673 0.04562 0.03918 0.05303 0.04129 0.02436 0.01934 0.00452 0.00088 0.00043 0.00007 
266	4	0.00000 0.00000 0.00000 0.00003 0.00003 0.00009 0.00017 0.00021 0.00060 0.00159 0.07862 0.27375 0.11908 0.01262 0.00827 0.00595 0.00828 0.01573 0.02067 0.06021 0.11588 0.05242 0.03705 0.04650 0.03527 0.03911 0.04171 0.01858 0.00578 0.00125 0.00044 0.00006 
267	4	0.00001 0.00002 0.00004 0.00010 0.00016 0.00025 0.00064 0.00396 0.04193 0.22239 0.15508 0.01858 0.00795 0.00848 0.00817 0.01347 0.01922 0.04289 0.04263 0.08251 0.04491 0.03572 0.04185 0.03148 0.04147 0.04730 0.03947 0.02765 0.01438 0.00561 0.00115 0.00052 
268	4	0.00000 0.00000 0.00001 0.00003 0.00014 0.00027 0.00072 0.00233 0.02150 0.07472 0.08407 0.06352 0.05773 0.03471 0.02904 0.02635 0.03388 0.03775 0.03144 0.03907 0.04829 0.09002 0.08249 0.05727 0.04245 0.02392 0.02849 0.03991 0.02942 0.01786 0.00248 0.00007 
269	4	0.00001 0.00001 0.00004 0.00012 0.00033 0.00084 0.00194 0.02801 0.08582 0.08634 0.07815 0.05307 0.03475 0.02309 0.02461 0.03241 0.04209 0.03902 0.04140 0.04847 0.05617 0.08285 0.05809 0.04315 0.02257 0.02181 0.02560 0.03311 0.02275 0.01126 0.00204 0.00010 
270	4	0.00000 0.00001 0.00009 0.00050 0.00239 0.01432 0.02059 0.02100 0.02668 0.02415 0.02814 0.02873 0.03118 0.05358 0.05551 0.04875 0.05741 0.07174 0.06173 0.05263 0.03143 0.03825 0.03136 0.04041 0.07062 0.04850 0.04602 0.03486 0.03267 0.02295 0.00350 0.00026 
271	4	0.00005 0.00012 0.00167 0.00331 0.01300 0.01991 0.02058 0.01851 0.02259 0.02087 0.02092 0.02966 0.02835 0.06597 0.04712 0.06183 0.05465 0.06570 0.06843 0.04809 0.03370 0.02925 0.03286 0.03557 0.06328 0.04862 0.04752 0.04085 0.02962 0.02356 0.00342 0.00040 
272	4	0.00003 0.00002 0.00022 0.00157 0.00901 0.01073 0.01798 0.01713 0.02248 0.02039 0.01912 0.05157 0.05301 0.07141 0.05141 0.08167 0.09664 0.08021 0.06175 0.02779 0.03102 0.02778 0.03670 0.03241 0.03653 0.04152 0.03507 0.03633 0.02022 0.00748 0.00073 0.00004 
273	4	0.00000 0.00000 0.00000 0.00002 0.00017 0.00194 0.00635 0.01814 0.02805 0.02725 0.02355 0.02491 0.02279 0.03034 0.08242 0.07585 0.07045 0.06208 0.07222 0.06777 0.05327 0.03292 0.03080 0.02801 0.04982 0.05319 0.04899 0.03817 0.02807 0.01772 0.00456 0.00016 
274	4	0.00001 0.00002 0.00004 0.00008 0.00226 0.10936 0.14625 0.10398 0.07141 0.04947 0.01816 0.01795 0.01955 0.01904 0.01642 0.02163 0.02671 0.02625 0.03334 0.04021 0.08865 0.05696 0.02053 0.01323 0.01210 0.01167 0.01507 0.01383 0.02095 0.02000 0.00465 0.00019 
275	4	0.00002 0.00000 0.00002 0.00004 0.00002 0.00014 0.00052 0.00373 0.00835 0.03181 0.06096 0.03395 0.02277 0.01813 0.00776 0.00842 0.01077 0.01800 0.02200 0.03338 0.03290 0.04267 0.14336 0.23117 0.06006 0.03171 0.02779 0.02717 0.03858 0.05605 0.02627 0.00150 
276	4	0.00003 0.00000 0.00000 0.00028 0.00070 0.00084 0.00504 0.00663 0.00738 0.00339 0.00405 0.00550 0.00869 0.00872 0.00595 0.00745 0.00813 0.00555 0.00887 0.00850 0.00781 0.00965 0.01141 0.02341 0.08091 0.29064 0.32770 0.11413 0.03733 0.00116 0.00013 0.00001 
277	4	0.00000 0.00000 0.00001 0.00002 0.00001 0.00005 0.00014 0.00018 0.00202 0.03948 0.05764 0.00659 0.00235 0.00526 0.00699 0.01355 0.01840 0.02747 0.03429 0.04160 0.19707 0.14114 0.10605 0.04123 0.02989 0.02908 0.03219 0.04657 0.06899 0.04645 0.00513 0.00017 
278	4	0.00001 0.00002 0.00006 0.00005 0.00015 0.00020 0.00961 0.09486 0.03480 0.00273 0.00309 0.00522 0.01200 0.01365 0.01881 0.02265 0.03087 0.03925 0.15006 0.16173 0.07427 0.03050 0.02867 0.02790 0.02837 0.03818 0.03564 0.04763 0.06737 0.02006 0.00155 0.00002 
279	4	0.00007 0.00009 0.00022 0.00017 0.00328 0.01330 0.09825 0.21173 0.04384 0.00532 0.00317 0.00211 0.00275 0.00324 0.00464 0.00521 0.01143 0.07026 0.16013 0.10030 0.05500 0.05779 0.02702 0.02184 0.02192 0.02243 0.02206 0.01648 0.01000 0.00484 0.00102 0.00009 
280	5	0.00000 0.00002 0.00006 0.00036 0.00039 0.00056 0.00159 0.00352 0.00819 0.01254 0.02197 0.02265 0.03565 0.03010 0.03807 0.02318 0.02939 0.01927 0.02320 0.03121 0.03159 0.04021 0.04276 0.06459 0.08258 0.10868 0.09371 0.10156 0.06504 0.04180 0.01478 0.01076 
281	5	0.00001 0.00050 0.00345 0.01039 0.02038 0.03569 0.04642 0.06562 0.06268 0.05732 0.06854 0.05819 0.05025 0.03384 0.03547 0.03565 0.03356 0.03255 0.03062 0.03414 0.04089 0.04927 0.02770 0.02400 0.02141 0.02090 0.02382 0.01885 0.02197 0.02267 0.01132 0.00192 
282	5	0.00000 0.00001 0.00005 0.00016 0.00073 0.00307 0.00562 0.00870 0.01201 0.01502 0.01926 0.02909 0.04594 0.04844 0.07017 0.04891 0.05776 0.05692 0.04413 0.03587 0.03734 0.03939 0.04141 0.04352 0.04741 0.04935 0.04773 0.04803 0.04656 0.05210 0.04332 0.00196 
283	5	0.00000 0.00000 0.00027 0.00268 0.00558 0.00607 0.00440 0.00570 0.00483 0.00545 0.00665 0.00676 0.01087 0.01562 0.01742 0.03259 0.03743 0.03482 0.03871 0.03910 0.04210 0.05181 0.06909 0.06700 0.10004 0.09556 0.09837 0.09567 0.07479 0.02853 0.00206 0.00001 
284	5	0.00002 0.00023 0.00181 0.00699 0.00734 0.00616 0.00737 0.01100 0.01402 0.01747 0.01944 0.01418 0.01713 0.01564 0.02081 0.02601 0.02905 0.02284 0.03619 0.03711 0.04051 0.04631 0.06445 0.05970 0.07116 0.07888 0.07552 0.06965 0.10525 0.06271 0.01419 0.00084 
285	5	0.00004 0.00008 0.00114 0.00446 0.00629 0.01360 0.00956 0.00756 0.00707 0.01131 0.00830 0.01160 0.00928 0.01326 0.01278 0.01058 0.01073 0.00985 0.00854 0.01430 0.02971 0.09901 0.10189 0.06452 0.06088 0.05323 0.04975 0.09397 0.12054 0.14071 0.01536 0.00010 
286	5	0.00002 0.00012 0.00048 0.00302 0.00749 0.01500 0.02355 0.05728 0.06181 0.05961 0.07596 0.05475 0.05525 0.03444 0.03800 0.01960 0.01781 0.01634 0.01347 0.01140 0.01031 0.01052 0.00892 0.00854 0.01191 0.01346 0.02545 0.04066 0.11507 0.12377 0.06386 0.00208 
287	5	0.00000 0.00007 0.00018 0.00045 0.00080 0.00172 0.00335 0.00613 0.00933 0.01470 0.01619 0.02719 0.03823 0.05626 0.04625 0.05997 0.05021 0.05252 0.05420 0.07229 0.07540 0.06115 0.05402 0.05142 0.05592 0.04025 0.03342 0.03135 0.03317 0.02447 0.02391 0.00545 
288	5	0.00010 0.00000 0.00034 0.00024 0.00021 0.00083 0.00158 0.00211 0.00265 0.00516 0.00496 0.00830 0.00840 0.01368 0.01805 0.02222 0.03095 0.04407 0.05192 0.05467 0.06340 0.07293 0.09615 0.08921 0.10590 0.09738 0.06309 0.05680 0.03676 0.02687 0.01787 0.00317 
289	5	0.00004 0.00009 0.00023 0.00040 0.00081 0.00095 0.00181 0.00422 0.00432 0.00756 0.00429 0.00420 0.00305 0.00313 0.00228 0.00400 0.01084 0.01537 0.02133 0.04594 0.04968 0.05754 0.05620 0.05716 0.08013 0.10090 0.08539 0.11425 0.15777 0.07047 0.02430 0.01133 
290	5	0.00003 0.00015 0.00024 0.00054 0.00083 0.00179 0.00310 0.00408 0.00708 0.00509 0.00467 0.00343 0.00194 0.00245 0.00311 0.00696 0.01336 0.01594 0.04186 0.04361 0.05620 0.05686 0.05822 0.07194 0.09102 0.09022 0.10030 0.13444 0.11841 0.04086 0.01242 0.00884 
291	5	0.00014 0.00073 0.00154 0.00251 0.00193 0.00327 0.01060 0.01225 0.02151 0.02923 0.04952 0.05660 0.06663 0.05940 0.06499 0.05320 0.04394 0.06325 0.04223 0.04144 0.07026 0.04228 0.03921 0.04957 0.04291 0.04168 0.02943 0.02217 0.02199 0.00948 0.00581 0.00029 
292	5	0.00000 0.00002 0.00004 0.00017 0.00022 0.00084 0.00217 0.00340 0.00417 0.00707 0.01213 0.01407 0.01703 0.01891 0.01573 0.01696 0.02012 0.02567 0.02919 0.03155 0.03517 0.03941 0.03709 0.04032 0.05225 0.08173 0.07967 0.09966 0.13013 0.09155 0.06634 0.02722 
293	5	0.00009 0.00061 0.00211 0.00259 0.00355 0.00698 0.00457 0.01387 0.01629 0.01255 0.05425 0.05870 0.09804 0.08362 0.07809 0.04392 0.04605 0.04603 0.04761 0.04738 0.03694 0.04223 0.03733 0.04273 0.04212 0.03135 0.03280 0.02141 0.02197 0.01657 0.00693 0.00070 
294	5	0.00000 0.00019 0.00156 0.00093 0.00310 0.01888 0.01788 0.01469 0.03029 0.04210 0.05676 0.04196 0.04959 0.04840 0.03322 0.04955 0.05668 0.03648 0.06810 0.05585 0.04462 0.05677 0.05483 0.03420 0.05306 0.02679 0.03469 0.03656 0.01698 0.01224 0.00300 0.00005 
295	5	0.00002 0.00030 0.00072 0.00187 0.00284 0.00439 0.00663 0.01294 0.01696 0.02920 0.04015 0.03905 0.05720 0.06528 0.06457 0.05753 0.06177 0.06116 0.06346 0.06216 0.06272 0.05090 0.03694 0.02998 0.03337 0.03778 0.02582 0.02800 0.02677 0.01183 0.00696 0.00070 
296	5	0.00003 0.00000 0.00004 0.00005 0.00005 0.00017 0.00048 0.00064 0.00124 0.00296 0.00298 0.00525 0.00526 0.00895 0.01087 0.01222 0.01607 0.01993 0.03010 0.04415 0.07058 0.08709 0.13013 0.12242 0.10065 0.08548 0.06073 0.05810 0.04261 0.03680 0.03021 0.01372 
297	5	0.00001 0.00018 0.00084 0.00156 0.00282 0.00381 0.00910 0.00761 0.00675 0.00698 0.00653 0.00744 0.01003 0.01018 0.02061 0.02113 0.02390 0.03487 0.03542 0.04724 0.06843 0.10294 0.08433 0.07364 0.08517 0.12832 0.08657 0.04865 0.03169 0.02400 0.00732 0.00191 
298	5	0.00002 0.00017 0.00052 0.00167 0.00455 0.00762 0.00871 0.01455 0.01266 0.01892 0.02910 0.03844 0.04630 0.05105 0.05309 0.06260 0.05912 0.04385 0.04977 0.05046 0.07667 0.05519 0.04100 0.03823 0.05780 0.04507 0.03554 0.03572 0.02604 0.02435 0.01053 0.00070 
299	5	0.00000 0.00000 0.00002 0.00011 0.00152 0.00306 0.00379 0.00349 0.00394 0.00688 0.00910 0.01500 0.01694 0.01613 0.01905 0.02301 0.02678 0.02499 0.02876 0.03426 0.05223 0.06927 0.08661 0.08902 0.10232 0.11092 0.11110 0.08149 0.04804 0.01095 0.00117 0.00004 
300	5	0.00001 0.00002 0.00023 0.00051 0.00107 0.00367 0.00540 0.00982 0.01115 0.01797 0.02567 0.02629 0.02472 0.02739 0.02720 0.02812 0.03030 0.04008 0.03680 0.05323 0.05508 0.07014 0.05979 0.06982 0.08885 0.07515 0.09083 0.05953 0.03707 0.02161 0.00226 0.00018 
301	5	0.00005 0.00000 0.00017 0.00027 0.00043 0.00170 0.00358 0.00438 0.00472 0.00700 0.01227 0.02239 0.02583 0.04086 0.05774 0.06806 0.06262 0.06017 0.05045 0.04803 0.03838 0.04385 0.03684 0.03654 0.03602 0.04091 0.05280 0.04661 0.04795 0.05402 0.06973 0.02565 
302	5	0.00040 0.00000 0.00132 0.00144 0.00069 0.00137 0.00231 0.00185 0.00594 0.00855 0.01107 0.01040 0.01037 0.00992 0.01229 0.02283 0.03173 0.04008 0.04375 0.05010 0.06820 0.05680 0.07719 0.07330 0.06785 0.06152 0.07592 0.07475 0.08120 0.05479 0.03762 0.00442 
303	5	0.00000 0.00005 0.00010 0.00022 0.00042 0.00054 0.00067 0.00121 0.00183 0.00227 0.00446 0.00604 0.00890 0.01919 0.02625 0.04775 0.04795 0.08623 0.07633 0.06052 0.06929 0.05476 0.04887 0.06661 0.04250 0.05607 0.05366 0.06410 0.06447 0.04085 0.03945 0.00843 
304	5	0.00037 0.00000 0.00069 0.00000 0.00145 0.00118 0.00238 0.00204 0.00715 0.00830 0.01363 0.01143 0.01564 0.01470 0.01865 0.01712 0.02470 0.05035 0.07907 0.07879 0.07281 0.06085 0.07214 0.04984 0.05398 0.05119 0.06108 0.04797 0.06468 0.06040 0.05490 0.00252 
305	5	0.00000 0.00000 0.00002 0.00003 0.00014 0.00025 0.00065 0.00181 0.00324 0.00595 0.01088 0.01520 0.02096 0.03809 0.07294 0.07190 0.10658 0.12153 0.10222 0.08640 0.08333 0.06185 0.02751 0.01929 0.01906 0.02442 0.02131 0.02193 0.02232 0.02801 0.01094 0.00122 
306	5	0.00001 0.00004 0.00016 0.00071 0.00380 0.01111 0.02579 0.05134 0.05305 0.05223 0.05567 0.04727 0.03399 0.04291 0.04395 0.04094 0.03984 0.04359 0.04348 0.03542 0.04165 0.04060 0.03530 0.03372 0.03092 0.02727 0.02955 0.03284 0.04416 0.02482 0.01949 0.01439 
307	5	0.00001 0.00005 0.00007 0.00017 0.00018 0.00070 0.00149 0.00351 0.00698 0.01355 0.01680 0.02263 0.02465 0.03147 0.02869 0.04493 0.04292 0.04753 0.06397 0.06032 0.07759 0.07340 0.09382 0.07865 0.06488 0.05457 0.03481 0.02726 0.02205 0.01842 0.02627 0.01765 
308	5	0.00000 0.00001 0.00009 0.00053 0.00431 0.01666 0.02820 0.03589 0.04437 0.05060 0.03983 0.04529 0.04405 0.05886 0.04170 0.05743 0.04779 0.04605 0.05224 0.05064 0.05370 0.05117 0.04954 0.03830 0.03707 0.02668 0.02301 0.01820 0.01271 0.01137 0.00865 0.00504 
309	5	0.00003 0.00005 0.00019 0.00062 0.00092 0.00349 0.00635 0.01612 0.02680 0.04417 0.05016 0.06417 0.06282 0.07001 0.05587 0.07833 0.06388 0.05915 0.06769 0.05289 0.05649 0.04090 0.04111 0.02655 0.01924 0.01882 0.01577 0.01757 0.01820 0.01088 0.00842 0.00234 
310	5	0.00001 0.00000 0.00004 0.00010 0.00023 0.00088 0.00241 0.00701 0.01210 0.02085 0.03020 0.04017 0.04270 0.04538 0.03354 0.04885 0.04214 0.04195 0.05606 0.05205 0.06507 0.05690 0.07081 0.06230 0.05658 0.05882 0.04499 0.04223 0.03304 0.01963 0.01127 0.00167 
311	5	0.00000 0.00000 0.00000 0.00002 0.00004 0.00034 0.00050 0.00132 0.00446 0.00975 0.01537 0.02469 0.02901 0.03768 0.04215 0.04439 0.04345 0.04943 0.05500 0.05827 0.08141 0.07007 0.07379 0.08208 0.06190 0.06088 0.05130 0.03751 0.02789 0.02114 0.01267 0.00345 
312	5	0.00000 0.00001 0.00000 0.00002 0.00005 0.00026 0.00048 0.00176 0.00584 0.01301 0.01889 0.02715 0.02879 0.03475 0.03540 0.04377 0.04603 0.05727 0.06233 0.06803 0.09406 0.07846 0.08285 0.08010 0.04955 0.04036 0.02972 0.02118 0.01797 0.01970 0.02245 0.01974 
313	5	0.00002 0.00002 0.00010 0.00017 0.00078 0.00248 0.00489 0.00723 0.01445 0.01910 0.01985 0.02639 0.02997 0.02668 0.03732 0.03417 0.04742 0.04442 0.05032 0.05755 0.05711 0.05152 0.05318 0.05428 0.05290 0.05112 0.05226 0.05209 0.04404 0.03808 0.03948 0.03058 
314	5	0.00000 0.00000 0.00008 0.00007 0.00011 0.00034 0.00064 0.00047 0.00105 0.00108 0.00131 0.00276 0.00444 0.00641 0.00865 0.01434 0.01314 0.01826 0.02273 0.04560 0.17892 0.21230 0.21953 0.12676 0.03646 0.01718 0.01219 0.01088 0.00935 0.00670 0.00752 0.02069 
315	5	0.00000 0.00000 0.00001 0.00000 0.00005 0.00028 0.00055 0.00154 0.00396 0.00713 0.01201 0.02002 0.02367 0.03062 0.03531 0.04598 0.05155 0.06406 0.06668 0.06868 0.09482 0.07945 0.08247 0.07828 0.04627 0.03818 0.03148 0.02864 0.02896 0.03009 0.02302 0.00622 
316	5	0.00005 0.00000 0.00022 0.00015 0.00020 0.00047 0.00077 0.00101 0.00133 0.00322 0.00322 0.00659 0.00748 0.01270 0.01707 0.02246 0.03389 0.05019 0.07258 0.08716 0.10495 0.10661 0.11614 0.08788 0.07167 0.05523 0.03650 0.02889 0.01874 0.01522 0.01644 0.02098 
317	5	0.00000 0.00003 0.00071 0.00184 0.00645 0.01380 0.02811 0.04076 0.05257 0.05252 0.05553 0.06854 0.06677 0.05906 0.06640 0.04656 0.04648 0.04357 0.03699 0.02736 0.03007 0.02288 0.01838 0.01410 0.01370 0.01610 0.02345 0.02745 0.05010 0.04812 0.02106 0.00052 
318	5	0.00002 0.00000 0.00013 0.00013 0.00010 0.00027 0.00057 0.00106 0.00128 0.00285 0.00333 0.00650 0.00662 0.01208 0.01432 0.01767 0.02509 0.03402 0.04679 0.05886 0.07766 0.08870 0.10497 0.09038 0.08678 0.08137 0.06765 0.06409 0.04228 0.02784 0.02107 0.01550 
319	5	0.00001 0.00006 0.00014 0.00048 0.00076 0.00402 0.00625 0.01340 0.02664 0.04587 0.05531 0.06350 0.05789 0.05553 0.04305 0.04427 0.03974 0.04399 0.04481 0.04233 0.05153 0.03932 0.03810 0.04029 0.03323 0.03897 0.04424 0.04048 0.03220 0.02834 0.01525 0.01002 
320	5	0.00001 0.00001 0.00004 0.00007 0.00027 0.00154 0.00331 0.00856 0.01681 0.02500 0.03455 0.05312 0.06432 0.07814 0.06885 0.06934 0.06008 0.05756 0.04752 0.04058 0.04840 0.03906 0.04012 0.04342 0.03087 0.03001 0.02875 0.02590 0.02597 0.02365 0.02028 0.01387 
321	5	0.00002 0.00007 0.00012 0.00020 0.00037 0.00038 0.00079 0.00130 0.00217 0.00268 0.00432 0.01005 0.02032 0.05124 0.08325 0.12977 0.12191 0.14238 0.13861 0.13243 0.08100 0.02089 0.01443 0.01062 0.01017 0.00951 0.00427 0.00326 0.00203 0.00097 0.00042 0.00002 
322	5	0.00001 0.00001 0.00004 0.00002 0.00007 0.00007 0.00034 0.00078 0.00100 0.00184 0.00289 0.00635 0.00693 0.01765 0.02013 0.03025 0.04431 0.04496 0.07784 0.07548 0.10600 0.15477 0.16728 0.13803 0.07129 0.01541 0.00654 0.00566 0.00271 0.00099 0.00031 0.00002 
323	5	0.00002 0.00013 0.00064 0.00200 0.00482 0.00820 0.01226 0.02203 0.03746 0.04233 0.06526 0.09630 0.08360 0.11093 0.11009 0.07811 0.07003 0.04928 0.02576 0.02043 0.01630 0.01525 0.01408 0.01443 0.01873 0.01100 0.00965 0.01006 0.01745 0.02032 0.00924 0.00378 
324	5	0.00002 0.00005 0.00048 0.00175 0.00350 0.00717 0.01320 0.01473 0.02488 0.03078 0.06037 0.04705 0.09583 0.07273 0.10425 0.08311 0.08696 0.07492 0.03889 0.04600 0.02163 0.01506 0.01114 0.01298 0.01896 0.02202 0.03072 0.02818 0.01878 0.00848 0.00509 0.00028 
325	5	0.00059 0.00000 0.00112 0.00082 0.00062 0.00159 0.00381 0.00715 0.01060 0.01860 0.03410 0.05453 0.05328 0.06780 0.07938 0.08253 0.07469 0.07242 0.06134 0.05115 0.03781 0.03457 0.02002 0.02117 0.01861 0.01624 0.02012 0.02220 0.03542 0.05332 0.03760 0.00682 
326	5	0.00000 0.00007 0.00022 0.00070 0.00154 0.00270 0.00680 0.01542 0.02488 0.03332 0.06478 0.09452 0.07740 0.09732 0.10256 0.08027 0.05467 0.04439 0.04457 0.04189 0.04812 0.04007 0.02420 0.01529 0.01074 0.01052 0.01088 0.00990 0.01310 0.01090 0.00788 0.01034 
327	5	0.00000 0.00000 0.00017 0.00192 0.00415 0.01750 0.02510 0.02658 0.04580 0.05177 0.08042 0.05631 0.06118 0.04950 0.05338 0.02678 0.02996 0.02083 0.02015 0.02579 0.02104 0.02388 0.02185 0.01730 0.02372 0.02326 0.04725 0.04767 0.07562 0.06097 0.03106 0.00905 
328	5	0.00000 0.00000 0.00015 0.00274 0.01019 0.02601 0.03889 0.05892 0.06221 0.04809 0.05705 0.05633 0.03692 0.04500 0.02839 0.02278 0.02519 0.01888 0.02041 0.01589 0.02083 0.01904 0.01378 0.01802 0.01690 0.01618 0.01765 0.02146 0.02496 0.05803 0.18470 0.01438 
329	5	0.00004 0.00000 0.00012 0.00007 0.00011 0.00027 0.00072 0.00080 0.00133 0.00280 0.00347 0.00887 0.01211 0.03202 0.05685 0.07770 0.08874 0.11325 0.11964 0.10025 0.08182 0.04941 0.04005 0.02857 0.02788 0.03675 0.02794 0.02030 0.01410 0.02226 0.02821 0.00352 
330	5	0.00001 0.00002 0.00005 0.00043 0.00135 0.00214 0.00676 0.00633 0.01302 0.01148 0.01139 0.01679 0.01242 0.01552 0.02102 0.01895 0.02335 0.02624 0.03029 0.03130 0.03952 0.03498 0.03581 0.05417 0.05405 0.08473 0.07125 0.08122 0.10935 0.08008 0.08649 0.01945 
331	5	0.00000 0.00000 0.00004 0.00020 0.00033 0.00032 0.00072 0.00083 0.00146 0.00133 0.00158 0.00327 0.00412 0.00692 0.01088 0.00903 0.01130 0.01058 0.01111 0.01248 0.01368 0.01350 0.02220 0.03239 0.04002 0.06049 0.08570 0.13490 0.16525 0.16579 0.15627 0.02327 
332	5	0.00001 0.00002 0.00004 0.00015 0.00023 0.00046 0.00069 0.00079 0.00130 0.00277 0.00293 0.00555 0.00587 0.01021 0.01106 0.01240 0.01442 0.01393 0.02003 0.01703 0.02739 0.03200 0.04883 0.05316 0.08914 0.09654 0.14874 0.12414 0.09815 0.09974 0.05610 0.00617 
333	5	0.00000 0.00000 0.00003 0.00002 0.00007 0.00026 0.00050 0.00061 0.00165 0.00216 0.00428 0.00676 0.00960 0.01757 0.01865 0.03097 0.03386 0.05482 0.06606 0.07902 0.10487 0.10430 0.07761 0.06726 0.04658 0.04575 0.04942 0.04848 0.05150 0.05143 0.02445 0.00142 
334	5	0.00000 0.00004 0.00007 0.00055 0.00170 0.00348 0.00816 0.01567 0.01504 0.02107 0.02356 0.02297 0.02310 0.02285 0.03145 0.03537 0.04214 0.04754 0.04864 0.05693 0.05030 0.04208 0.04152 0.03788 0.05017 0.05400 0.06090 0.06556 0.06287 0.07709 0.03694 0.00037 
335	5	0.00000 0.00002 0.00003 0.00007 0.00037 0.00051 0.00116 0.00235 0.00325 0.00541 0.00667 0.01217 0.00995 0.01903 0.02028 0.02464 0.03347 0.05060 0.06297 0.06607 0.06975 0.06760 0.04294 0.05013 0.05384 0.05390 0.05690 0.06961 0.07928 0.07702 0.05757 0.00239 
336	5	0.00000 0.00000 0.00001 0.00003 0.00005 0.00011 0.00027 0.00067 0.00113 0.00264 0.00469 0.00920 0.01347 0.02012 0.01967 0.03218 0.03051 0.03346 0.04941 0.05714 0.08093 0.07660 0.10281 0.08017 0.06858 0.07327 0.05748 0.05172 0.04499 0.03871 0.04759 0.00237 
337	5	0.00004 0.00010 0.00017 0.00083 0.00290 0.00421 0.00852 0.01348 0.01112 0.01817 0.01613 0.01961 0.02015 0.02842 0.02375 0.03398 0.03789 0.04387 0.05935 0.08597 0.08148 0.11185 0.08340 0.03855 0.01793 0.00784 0.00413 0.00390 0.00313 0.08247 0.13657 0.00007 
338	5	0.00001 0.00007 0.00012 0.00020 0.00058 0.00193 0.00281 0.00648 0.01427 0.02107 0.02410 0.03090 0.03458 0.03715 0.04663 0.05771 0.07364 0.06897 0.07860 0.06976 0.05666 0.06235 0.04721 0.03142 0.03831 0.07144 0.06087 0.04901 0.00917 0.00298 0.00093 0.00006 
339	5	0.00000 0.00000 0.00001 0.00001 0.00002 0.00016 0.00050 0.00142 0.00311 0.00970 0.01771 0.02200 0.02011 0.02495 0.02900 0.03340 0.03876 0.05202 0.06123 0.07610 0.08362 0.10896 0.07527 0.07855 0.06111 0.05252 0.05278 0.04467 0.03206 0.01484 0.00454 0.00089 
340	5	0.00013 0.00000 0.00007 0.00010 0.00009 0.00025 0.00063 0.00099 0.00184 0.00531 0.00719 0.01944 0.03067 0.07370 0.11159 0.14070 0.14947 0.12023 0.08420 0.04454 0.02958 0.02378 0.02578 0.02092 0.02020 0.01986 0.01662 0.01690 0.01331 0.01161 0.00755 0.00276 
341	5	0.00000 0.00000 0.00010 0.00010 0.00016 0.00032 0.00126 0.01106 0.01307 0.01303 0.02111 0.04338 0.05089 0.06603 0.08155 0.09776 0.10442 0.09886 0.07454 0.04995 0.03099 0.03345 0.02614 0.03003 0.02905 0.02805 0.03117 0.02432 0.01930 0.01241 0.00565 0.00186 
342	5	0.00002 0.00017 0.00031 0.00072 0.00087 0.00198 0.00333 0.00625 0.00950 0.01725 0.02633 0.04233 0.05473 0.08086 0.07671 0.11962 0.09340 0.07166 0.07093 0.05310 0.05772 0.04522 0.04785 0.03212 0.02237 0.01785 0.01179 0.01065 0.00890 0.00604 0.00617 0.00323 
343	5	0.00001 0.00005 0.00018 0.00024 0.00033 0.00067 0.00092 0.00158 0.00231 0.00488 0.00785 0.01515 0.02324 0.04109 0.04806 0.09981 0.10179 0.09918 0.10859 0.08052 0.08357 0.06249 0.06453 0.04298 0.02781 0.02102 0.01384 0.01267 0.01149 0.00837 0.00911 0.00567 
344	5	0.00000 0.00001 0.00005 0.00010 0.00058 0.00162 0.00293 0.00513 0.00992 0.01741 0.01712 0.02091 0.02067 0.02722 0.01942 0.02933 0.02615 0.02780 0.03215 0.03450 0.03872 0.04041 0.05274 0.07532 0.15271 0.12265 0.04332 0.01740 0.01232 0.02743 0.09643 0.02754 
345	5	0.00035 0.00000 0.00107 0.00090 0.00075 0.00200 0.00408 0.00675 0.00910 0.01913 0.01477 0.01922 0.01449 0.01935 0.01667 0.01522 0.01743 0.02341 0.02736 0.02650 0.03236 0.03328 0.04440 0.05242 0.06872 0.05084 0.03524 0.08669 0.12515 0.08172 0.07574 0.07486 
346	5	0.00000 0.00045 0.00270 0.00187 0.00509 0.01002 0.01482 0.01699 0.02959 0.04127 0.04824 0.05707 0.05281 0.03572 0.03810 0.02845 0.03237 0.02628 0.02600 0.02708 0.02669 0.02861 0.03442 0.03897 0.03746 0.03302 0.02827 0.02789 0.01437 0.01085 0.07595 0.14855 
347	5	0.00001 0.00000 0.00009 0.00020 0.00024 0.00094 0.00317 0.00574 0.00967 0.02415 0.02427 0.03856 0.03312 0.04867 0.04615 0.04171 0.04433 0.04904 0.05609 0.05305 0.05222 0.04931 0.05415 0.05147 0.05372 0.06432 0.07161 0.06541 0.02881 0.01417 0.00830 0.00730 
348	5	0.00001 0.00036 0.00151 0.00583 0.01072 0.01538 0.02821 0.04458 0.05936 0.06633 0.07907 0.07294 0.05048 0.05652 0.05211 0.04263 0.03628 0.03638 0.03366 0.02738 0.03008 0.02926 0.02700 0.02752 0.02528 0.02402 0.02371 0.01970 0.01985 0.01788 0.01801 0.01793 
349	5	0.00000 0.00005 0.00005 0.00020 0.00044 0.00110 0.00202 0.00454 0.01007 0.01477 0.02178 0.02399 0.02806 0.04919 0.06608 0.07486 0.07255 0.07711 0.06856 0.05143 0.04375 0.03264 0.03296 0.05080 0.07830 0.06301 0.04229 0.03097 0.02285 0.01921 0.01558 0.00077 
