350	5	32
0	1	0.00000 0.00000 0.00002 0.00007 0.00008 0.00042 0.00111 0.00115 0.00322 0.00430 0.00625 0.00700 0.00688 0.00941 0.00737 0.00952 0.00782 0.01451 0.03490 0.05557 0.05649 0.05679 0.04731 0.05172 0.06047 0.17309 0.24477 0.05999 0.03551 0.02864 0.01385 0.00179 
1	1	0.00002 0.00009 0.00009 0.00034 0.00077 0.00192 0.00325 0.00457 0.00404 0.00407 0.00405 0.00382 0.00355 0.00439 0.00435 0.00460 0.00695 0.00569 0.00755 0.00815 0.01020 0.01161 0.01127 0.01255 0.01657 0.03554 0.17658 0.31747 0.14523 0.09244 0.08648 0.01177 
2	1	0.00000 0.00000 0.00012 0.00028 0.00033 0.00083 0.00250 0.00242 0.00748 0.00899 0.00889 0.01031 0.01214 0.01165 0.01179 0.01527 0.01435 0.01586 0.01530 0.01583 0.04373 0.08652 0.06752 0.06787 0.07650 0.12829 0.18153 0.07241 0.03245 0.06025 0.02445 0.00413 
3	1	0.00000 0.00007 0.00019 0.00090 0.00324 0.00810 0.01786 0.02257 0.01650 0.01115 0.01497 0.01446 0.01497 0.01623 0.01820 0.01598 0.01791 0.01737 0.02268 0.02037 0.02950 0.08623 0.08284 0.09503 0.05468 0.07448 0.09440 0.10047 0.04368 0.03271 0.04540 0.00683 
4	1	0.00000 0.00000 0.00002 0.00017 0.00026 0.00083 0.00360 0.00864 0.01754 0.04479 0.06305 0.03495 0.02379 0.01616 0.01479 0.01555 0.01307 0.01670 0.01700 0.02128 0.02069 0.02824 0.05472 0.03720 0.03747 0.04614 0.05172 0.18284 0.17387 0.04586 0.00669 0.00235 
5	1	0.00001 0.00005 0.00013 0.00011 0.00081 0.00092 0.00381 0.00487 0.01266 0.01226 0.01414 0.01094 0.01148 0.01270 0.01085 0.01272 0.01704 0.01672 0.01896 0.01742 0.02097 0.02037 0.01945 0.02850 0.02543 0.04215 0.06437 0.22561 0.19371 0.15121 0.02700 0.00261 
6	1	0.00000 0.00004 0.00010 0.00008 0.00070 0.00126 0.00289 0.00694 0.01197 0.01386 0.01783 0.01122 0.01052 0.01287 0.01276 0.01075 0.01659 0.01450 0.01706 0.01666 0.01722 0.02352 0.02080 0.02492 0.03207 0.04132 0.07712 0.11767 0.22257 0.21244 0.02953 0.00221 
7	1	0.00002 0.00006 0.00025 0.00070 0.00147 0.00454 0.00752 0.01469 0.01800 0.02082 0.01607 0.02380 0.02212 0.02242 0.01716 0.02235 0.01815 0.01750 0.02105 0.01981 0.02358 0.02211 0.02666 0.02376 0.02944 0.05862 0.20680 0.16744 0.11652 0.03719 0.01923 0.00012 
8	1	0.00004 0.00012 0.00057 0.00102 0.00169 0.00392 0.00523 0.00848 0.00976 0.01345 0.01392 0.01897 0.02058 0.02627 0.02505 0.04492 0.05975 0.08622 0.10340 0.06772 0.05631 0.04034 0.04619 0.05364 0.06008 0.07804 0.06636 0.04970 0.02557 0.00662 0.00395 0.00212 
9	1	0.00001 0.00005 0.00024 0.00051 0.00125 0.00354 0.00713 0.01446 0.01795 0.01807 0.01502 0.01603 0.01455 0.01705 0.01446 0.02196 0.02018 0.02128 0.02699 0.02406 0.02964 0.02620 0.03420 0.03147 0.05247 0.14884 0.14703 0.13918 0.06981 0.02039 0.01685 0.02911 
10	1	0.00000 0.00002 0.00017 0.00025 0.00132 0.00216 0.00245 0.00271 0.00281 0.00364 0.00356 0.00485 0.00793 0.01249 0.01174 0.02496 0.02513 0.02657 0.03197 0.03884 0.04796 0.04837 0.06857 0.06111 0.06002 0.08804 0.10143 0.09020 0.10647 0.09165 0.03245 0.00015 
11	1	0.00003 0.00013 0.00082 0.00141 0.00255 0.00666 0.00990 0.01698 0.01466 0.01384 0.01286 0.01417 0.01423 0.01652 0.01394 0.02175 0.02082 0.02082 0.02511 0.02337 0.02778 0.02458 0.03730 0.08986 0.14597 0.15901 0.10895 0.07805 0.02640 0.01458 0.02284 0.01411 
12	1	0.00003 0.00013 0.00037 0.00063 0.00117 0.00322 0.00520 0.01066 0.01218 0.01259 0.01124 0.01154 0.01194 0.01433 0.01217 0.01872 0.01805 0.01797 0.02245 0.02200 0.02797 0.02561 0.04118 0.07468 0.11287 0.17321 0.08342 0.08648 0.07490 0.05991 0.01620 0.01695 
13	1	0.00000 0.00000 0.00004 0.00005 0.00010 0.00048 0.00242 0.00328 0.00349 0.00558 0.00448 0.00652 0.00453 0.00587 0.00615 0.00671 0.00870 0.01219 0.02722 0.05882 0.07124 0.10081 0.11000 0.07690 0.08230 0.07622 0.06008 0.06046 0.04777 0.04382 0.03742 0.07632 
14	1	0.00170 0.00000 0.00546 0.00735 0.00687 0.01124 0.01207 0.00892 0.00738 0.01460 0.02741 0.05650 0.04812 0.06809 0.06782 0.06633 0.06714 0.08027 0.08588 0.07275 0.06192 0.05798 0.05392 0.03850 0.02267 0.01358 0.00908 0.00667 0.00592 0.00324 0.00283 0.00782 
15	1	0.00003 0.00013 0.00033 0.00137 0.00287 0.00458 0.00989 0.01282 0.01762 0.01770 0.01732 0.02149 0.01725 0.02467 0.02251 0.02274 0.01776 0.02526 0.03249 0.03601 0.01932 0.01056 0.00922 0.00791 0.00728 0.00799 0.01725 0.06064 0.21016 0.26800 0.07680 0.00001 
16	1	0.00001 0.00000 0.00000 0.00008 0.00030 0.00101 0.00125 0.00170 0.00337 0.00376 0.00528 0.00622 0.00872 0.00779 0.01312 0.02838 0.06409 0.07152 0.05695 0.02085 0.00575 0.00497 0.00577 0.00535 0.00467 0.00642 0.10545 0.20856 0.14023 0.18070 0.03707 0.00068 
17	1	0.00004 0.00000 0.00000 0.00057 0.00394 0.00297 0.01281 0.01071 0.01563 0.01931 0.01286 0.01974 0.01752 0.01650 0.01761 0.01515 0.02062 0.02235 0.04589 0.03070 0.01065 0.00626 0.00569 0.00604 0.00438 0.00521 0.00530 0.00826 0.10846 0.46472 0.09000 0.00009 
18	1	0.00003 0.00000 0.00000 0.00045 0.00366 0.00545 0.00760 0.00860 0.01765 0.01270 0.01642 0.01957 0.01535 0.02246 0.01980 0.01745 0.02133 0.02379 0.05869 0.06604 0.02891 0.00937 0.00592 0.00662 0.00644 0.00567 0.00780 0.01353 0.12550 0.42490 0.02824 0.00005 
19	1	0.00007 0.00014 0.00019 0.00055 0.00088 0.00107 0.00203 0.00279 0.00357 0.00604 0.00803 0.01335 0.01293 0.01935 0.02570 0.02836 0.02932 0.04015 0.04115 0.05007 0.04782 0.03415 0.02142 0.02106 0.02691 0.14132 0.10395 0.06692 0.05672 0.08157 0.11034 0.00209 
20	1	0.00009 0.00000 0.00000 0.00059 0.00110 0.00272 0.00332 0.00455 0.00807 0.00979 0.01644 0.02025 0.03101 0.02788 0.04598 0.04667 0.04625 0.05204 0.05184 0.05815 0.05586 0.03656 0.03057 0.02985 0.02199 0.02045 0.02555 0.01887 0.02956 0.17144 0.12824 0.00432 
21	1	0.00009 0.00000 0.00000 0.00108 0.00654 0.01429 0.01885 0.02584 0.01833 0.01865 0.02088 0.02048 0.02089 0.02411 0.02799 0.02316 0.02603 0.03182 0.02803 0.03455 0.03544 0.03480 0.03937 0.03560 0.09422 0.14543 0.10581 0.05551 0.05786 0.03097 0.00333 0.00002 
22	1	0.00001 0.00000 0.00000 0.00002 0.00008 0.00029 0.00055 0.00099 0.00163 0.00425 0.00337 0.00480 0.00582 0.00873 0.01040 0.01193 0.01830 0.01934 0.01870 0.02802 0.02873 0.03895 0.03048 0.02614 0.01977 0.01995 0.08043 0.26433 0.09342 0.16792 0.09259 0.00007 
23	1	0.00001 0.00000 0.00000 0.00014 0.00024 0.00099 0.00196 0.00311 0.00625 0.00535 0.00659 0.00706 0.00841 0.01280 0.01671 0.02626 0.03181 0.03589 0.02701 0.02366 0.01882 0.01642 0.01380 0.01225 0.01254 0.13790 0.14414 0.09446 0.06043 0.20387 0.07084 0.00027 
24	1	0.00002 0.00000 0.00000 0.00014 0.00061 0.00175 0.00348 0.00435 0.00675 0.00363 0.00565 0.00872 0.01197 0.02001 0.02107 0.03048 0.02341 0.01775 0.01762 0.01334 0.01146 0.00886 0.00874 0.09364 0.18059 0.12231 0.08152 0.08763 0.17071 0.03377 0.00871 0.00129 
25	1	0.01345 0.00000 0.00715 0.00565 0.00480 0.00877 0.01149 0.01004 0.00777 0.01207 0.00913 0.01264 0.01049 0.01437 0.01375 0.01353 0.01529 0.01692 0.01814 0.01845 0.02056 0.02175 0.05903 0.10265 0.07453 0.07145 0.06040 0.09906 0.09137 0.07126 0.03195 0.07207 
26	1	0.00001 0.00001 0.00005 0.00007 0.00060 0.00099 0.00265 0.00472 0.00440 0.00406 0.00573 0.00625 0.00752 0.01137 0.02063 0.01925 0.03001 0.03587 0.03234 0.03559 0.04977 0.06802 0.06536 0.05782 0.08386 0.12012 0.09615 0.05964 0.10191 0.07449 0.00066 0.00007 
27	1	0.00039 0.00000 0.00334 0.00261 0.00304 0.00663 0.01240 0.01380 0.01271 0.01771 0.01202 0.01744 0.01407 0.01790 0.01801 0.01679 0.01805 0.02018 0.02859 0.04907 0.05812 0.02820 0.11787 0.08342 0.06970 0.06605 0.06293 0.06540 0.04763 0.04865 0.03494 0.03232 
28	1	0.00000 0.00000 0.00000 0.00008 0.00019 0.00032 0.00059 0.00135 0.00217 0.00335 0.00392 0.00529 0.00557 0.00711 0.00857 0.00900 0.00921 0.01197 0.01224 0.01951 0.02629 0.02878 0.04020 0.04171 0.03392 0.14408 0.28458 0.07815 0.15586 0.05805 0.00782 0.00010 
29	1	0.00001 0.00000 0.00005 0.00005 0.00010 0.00023 0.00063 0.00062 0.00215 0.00237 0.00287 0.00407 0.00537 0.00562 0.00590 0.00829 0.00882 0.01139 0.01544 0.02158 0.03818 0.04522 0.05798 0.04542 0.03426 0.16493 0.28076 0.05307 0.15922 0.02232 0.00295 0.00009 
30	1	0.00001 0.00002 0.00003 0.00011 0.00020 0.00069 0.00100 0.00302 0.00333 0.00368 0.00668 0.00645 0.00932 0.00707 0.01025 0.00714 0.00810 0.01168 0.01000 0.01848 0.01867 0.03090 0.03864 0.03555 0.03925 0.02472 0.02361 0.08512 0.13821 0.38975 0.06829 0.00002 
31	1	0.00001 0.00000 0.00001 0.00005 0.00009 0.00025 0.00091 0.00119 0.00289 0.00301 0.00337 0.00520 0.00601 0.00695 0.00578 0.00756 0.00732 0.00770 0.00867 0.01076 0.01672 0.02271 0.03375 0.04043 0.03310 0.02152 0.01908 0.06545 0.11313 0.26548 0.25944 0.03144 
32	1	0.00002 0.00000 0.00000 0.00013 0.00055 0.00082 0.00130 0.00287 0.00443 0.00547 0.01102 0.00835 0.01121 0.00828 0.01243 0.02032 0.02529 0.03412 0.02322 0.02239 0.01687 0.01124 0.00962 0.01040 0.01276 0.02324 0.23985 0.22347 0.08650 0.16448 0.00929 0.00004 
33	1	0.00001 0.00006 0.00017 0.00051 0.00176 0.00420 0.01048 0.01525 0.01969 0.02658 0.03059 0.03818 0.04150 0.04454 0.05185 0.05215 0.05602 0.04946 0.04181 0.04337 0.03322 0.03483 0.03712 0.03005 0.02289 0.03469 0.06600 0.08752 0.06154 0.04366 0.02021 0.00010 
34	1	0.00000 0.00000 0.00000 0.00005 0.00016 0.00027 0.00045 0.00131 0.00297 0.00656 0.01328 0.01733 0.01963 0.02446 0.02897 0.02701 0.02510 0.03021 0.02873 0.02892 0.03181 0.03375 0.02582 0.06322 0.08770 0.13006 0.13656 0.12285 0.07316 0.03935 0.00030 0.00002 
35	1	0.00006 0.00000 0.00000 0.00030 0.00116 0.00071 0.00365 0.00302 0.00380 0.00317 0.00393 0.00377 0.00661 0.00489 0.01031 0.00788 0.01377 0.01311 0.01629 0.02429 0.03221 0.06212 0.06409 0.08037 0.08799 0.19827 0.07947 0.03534 0.03714 0.10925 0.09298 0.00005 
36	1	0.00006 0.00000 0.00000 0.00042 0.00112 0.00158 0.00205 0.00380 0.00364 0.00403 0.00335 0.00441 0.00472 0.00622 0.00822 0.00798 0.00991 0.01289 0.01290 0.01980 0.02534 0.04758 0.06271 0.08916 0.09778 0.17154 0.05112 0.02688 0.03178 0.28688 0.00208 0.00002 
37	1	0.00132 0.00000 0.00842 0.00828 0.01962 0.04652 0.06265 0.02685 0.01510 0.01634 0.01060 0.01621 0.01520 0.01997 0.03107 0.06339 0.05165 0.05472 0.02220 0.00663 0.00744 0.00794 0.01028 0.01209 0.05018 0.11276 0.12433 0.10855 0.03641 0.01242 0.01232 0.00855 
38	1	0.00008 0.00000 0.00030 0.00044 0.00060 0.00201 0.00572 0.00815 0.00993 0.01137 0.01118 0.01209 0.01097 0.01290 0.01697 0.02082 0.02138 0.02417 0.02357 0.02812 0.03077 0.04744 0.04512 0.05784 0.09267 0.17222 0.15362 0.07647 0.07314 0.02218 0.00756 0.00020 
39	1	0.00008 0.00000 0.00000 0.00032 0.00125 0.00269 0.00518 0.01327 0.01905 0.02448 0.02542 0.02244 0.02313 0.02882 0.03563 0.03753 0.03978 0.05322 0.05244 0.05278 0.05540 0.06077 0.06047 0.06199 0.05875 0.08896 0.08602 0.05534 0.02554 0.00619 0.00293 0.00012 
40	1	0.00001 0.00001 0.00006 0.00007 0.00055 0.00076 0.00353 0.00453 0.00836 0.00617 0.00720 0.00707 0.01026 0.01316 0.01370 0.02005 0.03064 0.03259 0.04193 0.04897 0.06800 0.06479 0.06352 0.06953 0.05057 0.12662 0.09723 0.07302 0.10207 0.01945 0.01546 0.00012 
41	1	0.00002 0.00000 0.00000 0.00006 0.00019 0.00037 0.00062 0.00165 0.00255 0.00369 0.00374 0.00531 0.00614 0.01063 0.01730 0.02391 0.03005 0.04457 0.04426 0.05428 0.05386 0.04802 0.06171 0.04852 0.03540 0.06595 0.06717 0.17320 0.13148 0.05937 0.00595 0.00000 
42	1	0.00004 0.00000 0.00000 0.00019 0.00034 0.00048 0.00076 0.00079 0.00226 0.00293 0.00565 0.01179 0.01183 0.02112 0.02330 0.02358 0.03025 0.02483 0.03134 0.02812 0.03217 0.03353 0.04783 0.10293 0.12437 0.10857 0.11275 0.08921 0.07029 0.05693 0.00177 0.00005 
43	1	0.00009 0.00023 0.00035 0.00119 0.00196 0.00522 0.00763 0.00775 0.00580 0.00567 0.00587 0.00518 0.00528 0.00599 0.00625 0.00660 0.00986 0.00844 0.01138 0.01147 0.01430 0.01648 0.02298 0.03738 0.08067 0.12524 0.23554 0.13771 0.06730 0.06531 0.08023 0.00464 
44	1	0.00003 0.00006 0.00015 0.00038 0.00065 0.00161 0.00213 0.00217 0.00219 0.00171 0.00218 0.00156 0.00238 0.00249 0.00261 0.00259 0.00433 0.00357 0.00490 0.00650 0.00768 0.01015 0.02274 0.05727 0.14140 0.23766 0.20607 0.10211 0.07782 0.04313 0.03573 0.01402 
45	1	0.00001 0.00005 0.00026 0.00062 0.00137 0.00505 0.01229 0.03558 0.05350 0.07449 0.04357 0.04118 0.02587 0.01967 0.01388 0.01797 0.01426 0.01422 0.01822 0.01709 0.02270 0.02377 0.03425 0.04857 0.03232 0.02668 0.04039 0.11950 0.16888 0.06452 0.00847 0.00080 
46	1	0.00001 0.00009 0.00018 0.00052 0.00085 0.00237 0.00401 0.00737 0.00890 0.00992 0.00778 0.01099 0.01103 0.01202 0.01012 0.01138 0.01385 0.01191 0.01477 0.01824 0.04763 0.07307 0.09685 0.05654 0.04949 0.06655 0.18671 0.20637 0.03771 0.01226 0.00937 0.00115 
47	1	0.00000 0.00000 0.00005 0.00005 0.00027 0.00033 0.00157 0.00204 0.00407 0.00565 0.00590 0.00548 0.00702 0.00738 0.00828 0.00802 0.00921 0.01032 0.00887 0.01330 0.05010 0.06534 0.10768 0.10177 0.08076 0.06202 0.10516 0.21233 0.06445 0.03025 0.01883 0.00347 
48	1	0.00028 0.00000 0.00235 0.00207 0.00240 0.00531 0.01101 0.01267 0.01289 0.01795 0.01123 0.01626 0.01308 0.01784 0.01676 0.01647 0.01858 0.02041 0.02466 0.03324 0.06632 0.04109 0.05904 0.12307 0.07572 0.05992 0.05479 0.07322 0.05232 0.05103 0.04988 0.03815 
49	1	0.00003 0.00005 0.00011 0.00024 0.00041 0.00087 0.00205 0.00247 0.00272 0.00351 0.00462 0.00410 0.00480 0.00568 0.00568 0.00628 0.00619 0.00685 0.01570 0.03777 0.05744 0.07464 0.08848 0.11695 0.12950 0.18892 0.09180 0.04600 0.03544 0.02949 0.02574 0.00546 
50	1	0.00000 0.00000 0.00005 0.00008 0.00021 0.00051 0.00107 0.00193 0.00244 0.00337 0.00311 0.00460 0.00475 0.00609 0.00555 0.00902 0.00837 0.00874 0.01072 0.01168 0.02811 0.08917 0.10117 0.10760 0.11409 0.12738 0.20097 0.06566 0.03250 0.02475 0.02283 0.00346 
51	1	0.00005 0.00013 0.00047 0.00040 0.00177 0.00188 0.00395 0.00696 0.00878 0.00809 0.00786 0.00874 0.00713 0.00887 0.01315 0.01137 0.01667 0.01707 0.01329 0.01415 0.01512 0.01491 0.01589 0.02402 0.03140 0.06792 0.12418 0.09315 0.11020 0.23797 0.11383 0.00061 
52	1	0.00003 0.00019 0.00014 0.00087 0.00110 0.00288 0.00582 0.00785 0.00880 0.00714 0.00791 0.00849 0.00782 0.00886 0.00761 0.01057 0.00945 0.01070 0.01245 0.01360 0.01387 0.01432 0.01617 0.02368 0.04631 0.12303 0.21954 0.15438 0.10810 0.13219 0.01557 0.00054 
53	1	0.00002 0.00000 0.00000 0.00072 0.00201 0.00264 0.00417 0.00842 0.00573 0.00569 0.00577 0.00685 0.00867 0.00968 0.00900 0.00725 0.00784 0.01051 0.01017 0.01403 0.01556 0.01718 0.02443 0.04242 0.11418 0.10540 0.20608 0.17834 0.06913 0.06639 0.04092 0.00080 
54	1	0.00001 0.00000 0.00024 0.00051 0.00047 0.00117 0.00263 0.00266 0.00724 0.00593 0.00480 0.00412 0.00470 0.00905 0.00598 0.00672 0.00548 0.00647 0.00646 0.00676 0.00913 0.01155 0.01177 0.01712 0.02058 0.05224 0.11068 0.44507 0.13187 0.08308 0.02527 0.00024 
55	1	0.00002 0.00000 0.00023 0.00067 0.00129 0.00497 0.01425 0.01082 0.01249 0.00531 0.00250 0.00197 0.00182 0.00177 0.00174 0.00210 0.00165 0.00211 0.00191 0.00190 0.00243 0.02086 0.01735 0.01901 0.23731 0.26023 0.19218 0.10935 0.04306 0.02248 0.00620 0.00002 
56	1	0.00000 0.00000 0.00000 0.00005 0.00110 0.00161 0.00970 0.01030 0.01421 0.00975 0.00324 0.00276 0.00205 0.00165 0.00174 0.00193 0.00184 0.00152 0.00192 0.00207 0.00195 0.00194 0.00274 0.00265 0.00343 0.14580 0.24857 0.27933 0.13253 0.08389 0.02682 0.00290 
57	1	0.00002 0.00000 0.00000 0.00045 0.00214 0.00139 0.00332 0.00582 0.00594 0.00662 0.00661 0.01462 0.01589 0.04062 0.05827 0.07919 0.06025 0.01465 0.00454 0.00207 0.00252 0.00240 0.00235 0.00242 0.00521 0.06710 0.20211 0.14768 0.17585 0.06205 0.00772 0.00015 
58	1	0.00010 0.00000 0.00000 0.00086 0.00414 0.00586 0.00659 0.00682 0.01350 0.00967 0.01315 0.01762 0.01482 0.02974 0.04693 0.06877 0.09504 0.03829 0.01115 0.00400 0.00365 0.00377 0.00282 0.00313 0.00603 0.01361 0.11448 0.12785 0.19217 0.12977 0.01486 0.00081 
59	1	0.00089 0.00000 0.00753 0.00566 0.00616 0.01066 0.01569 0.01295 0.01015 0.01373 0.01033 0.01472 0.01166 0.01666 0.01612 0.01742 0.02513 0.03668 0.05421 0.02270 0.06720 0.04672 0.05502 0.06037 0.08975 0.10090 0.07612 0.07464 0.05390 0.03356 0.01814 0.01462 
60	1	0.00003 0.00000 0.00000 0.00053 0.00425 0.00310 0.00814 0.01582 0.01645 0.01572 0.01866 0.01652 0.01955 0.01872 0.02430 0.03410 0.06978 0.06295 0.07802 0.02716 0.01085 0.00525 0.00603 0.00471 0.00505 0.00467 0.00541 0.01238 0.25616 0.24943 0.00622 0.00002 
61	1	0.00017 0.00000 0.00000 0.00121 0.00252 0.00629 0.00741 0.00774 0.01096 0.01078 0.01420 0.01412 0.01847 0.01909 0.03592 0.07097 0.09672 0.04496 0.01459 0.00623 0.00404 0.00378 0.00421 0.00380 0.00368 0.00437 0.03065 0.14646 0.25422 0.16016 0.00225 0.00002 
62	1	0.00002 0.00002 0.00010 0.00012 0.00018 0.00037 0.00073 0.00095 0.00183 0.00213 0.00567 0.00758 0.01891 0.02170 0.02271 0.01464 0.04383 0.08556 0.06345 0.08364 0.08817 0.11175 0.05087 0.05710 0.04441 0.07024 0.05565 0.05818 0.05240 0.03129 0.00571 0.00010 
63	1	0.00005 0.00012 0.00023 0.00047 0.00060 0.00072 0.00150 0.00100 0.00249 0.00293 0.00320 0.01002 0.02237 0.03195 0.03101 0.02199 0.00728 0.00330 0.01601 0.06987 0.12350 0.07585 0.07920 0.05686 0.05387 0.10538 0.07400 0.06536 0.07811 0.04853 0.01188 0.00032 
64	1	0.00002 0.00003 0.00030 0.00030 0.00243 0.00389 0.01102 0.02857 0.04332 0.06534 0.14442 0.11885 0.07740 0.05481 0.02983 0.01444 0.00990 0.00682 0.00693 0.00682 0.00634 0.00774 0.00593 0.00637 0.00752 0.00572 0.00695 0.16764 0.15296 0.00689 0.00045 0.00002 
65	1	0.00002 0.00000 0.00066 0.00000 0.00492 0.01063 0.03368 0.03450 0.08299 0.08665 0.13385 0.06507 0.03523 0.01137 0.00628 0.00499 0.00498 0.00447 0.00455 0.00336 0.00423 0.00375 0.00594 0.00574 0.01516 0.13995 0.21669 0.05108 0.01668 0.00976 0.00273 0.00007 
66	1	0.00020 0.00000 0.00000 0.00174 0.00888 0.01610 0.03213 0.08867 0.08263 0.05933 0.03405 0.01541 0.00615 0.00547 0.00539 0.00476 0.00396 0.00443 0.00391 0.00360 0.00582 0.00546 0.02399 0.10282 0.22997 0.18347 0.03054 0.01876 0.01498 0.00645 0.00083 0.00008 
67	1	0.00001 0.00007 0.00018 0.00116 0.00356 0.01514 0.02239 0.02505 0.02933 0.04849 0.05665 0.07140 0.06455 0.06061 0.04564 0.03717 0.03172 0.02342 0.01328 0.00795 0.00730 0.00647 0.00702 0.00535 0.00713 0.00684 0.00745 0.01290 0.08499 0.29021 0.00654 0.00005 
68	1	0.00000 0.00002 0.00004 0.00007 0.00020 0.00059 0.00145 0.00408 0.00775 0.01468 0.01353 0.01920 0.01596 0.01814 0.01535 0.02233 0.01920 0.01920 0.02308 0.02050 0.02527 0.02406 0.06002 0.13493 0.12170 0.05775 0.07918 0.07212 0.11601 0.04914 0.04129 0.00315 
69	1	0.00000 0.00000 0.00000 0.00001 0.00009 0.00024 0.00046 0.00149 0.00305 0.00700 0.01179 0.01180 0.01151 0.01301 0.01499 0.01447 0.01372 0.01694 0.01658 0.01627 0.02027 0.06002 0.09386 0.08540 0.06220 0.05702 0.06272 0.14420 0.16742 0.05439 0.03564 0.00342 
70	2	0.00085 0.00000 0.00582 0.00860 0.01059 0.02647 0.03873 0.03422 0.02811 0.02985 0.02349 0.01770 0.01994 0.03107 0.04439 0.05370 0.05172 0.10132 0.10563 0.08601 0.04419 0.03196 0.02946 0.02581 0.02840 0.03551 0.02914 0.02594 0.01653 0.00784 0.00411 0.00289 
71	2	0.00150 0.00000 0.00735 0.01145 0.01412 0.04538 0.05368 0.04102 0.03024 0.03723 0.01992 0.02244 0.01384 0.01578 0.01805 0.02381 0.03749 0.06373 0.11994 0.10708 0.07355 0.03488 0.02930 0.02501 0.02741 0.02765 0.02650 0.03000 0.02130 0.01142 0.00728 0.00162 
72	2	0.00079 0.00000 0.00546 0.00861 0.01082 0.03520 0.04245 0.03312 0.02801 0.03669 0.02066 0.02491 0.01880 0.02958 0.03659 0.04448 0.06892 0.10654 0.09815 0.05321 0.03659 0.02680 0.02635 0.02587 0.03408 0.04268 0.03912 0.03742 0.01757 0.00639 0.00339 0.00072 
73	2	0.00220 0.00000 0.01287 0.01989 0.01999 0.03777 0.03702 0.02949 0.02417 0.02557 0.02344 0.04185 0.05320 0.06663 0.07694 0.09075 0.05781 0.04277 0.03363 0.03134 0.02639 0.03163 0.02657 0.03265 0.03219 0.03270 0.03711 0.02704 0.01382 0.00562 0.00440 0.00253 
74	2	0.00317 0.00000 0.01405 0.01923 0.02009 0.04395 0.05297 0.03750 0.02527 0.02298 0.01934 0.01697 0.01977 0.02305 0.03589 0.06163 0.07137 0.08564 0.06841 0.05609 0.03012 0.02326 0.02198 0.02169 0.02657 0.03550 0.04275 0.05405 0.03642 0.00807 0.00175 0.00045 
75	2	0.00001 0.00039 0.00080 0.00058 0.00062 0.00088 0.00147 0.00292 0.00389 0.00702 0.00966 0.01747 0.02202 0.03653 0.05236 0.08656 0.09912 0.14188 0.13147 0.14300 0.11164 0.06518 0.03926 0.00601 0.00437 0.00324 0.00245 0.00203 0.00251 0.00233 0.00225 0.00004 
76	2	0.00000 0.00000 0.00000 0.00004 0.00021 0.00019 0.00034 0.00075 0.00228 0.00341 0.00467 0.00727 0.01097 0.01526 0.02087 0.03185 0.05432 0.06163 0.08760 0.09508 0.10459 0.11463 0.12338 0.09120 0.04953 0.03811 0.03105 0.02316 0.01284 0.00755 0.00537 0.00182 
77	2	0.00003 0.00016 0.00018 0.00054 0.00096 0.00121 0.00115 0.00212 0.00264 0.00617 0.00861 0.01252 0.02217 0.02980 0.04089 0.08121 0.13145 0.11466 0.14686 0.12248 0.07613 0.07391 0.02327 0.01713 0.01801 0.01310 0.02497 0.01899 0.00359 0.00281 0.00172 0.00055 
78	2	0.00010 0.00115 0.00419 0.00807 0.01280 0.01110 0.01600 0.02159 0.01405 0.02049 0.02152 0.02835 0.02994 0.02635 0.01470 0.01619 0.01175 0.01124 0.01515 0.02102 0.03607 0.04575 0.10272 0.29778 0.09620 0.02787 0.01767 0.01747 0.02231 0.02102 0.00872 0.00069 
79	2	0.00002 0.00012 0.00035 0.00169 0.00496 0.01072 0.01823 0.02154 0.01742 0.02241 0.02306 0.02161 0.01567 0.02085 0.01937 0.01712 0.01595 0.01987 0.02788 0.03182 0.05618 0.06073 0.13568 0.30502 0.05521 0.02159 0.01364 0.01097 0.01371 0.01020 0.00593 0.00047 
80	2	0.00004 0.00014 0.00078 0.00182 0.00285 0.00696 0.00955 0.01355 0.02373 0.03656 0.03388 0.04686 0.03705 0.03706 0.03181 0.02852 0.03373 0.03196 0.02695 0.03243 0.02832 0.02280 0.04072 0.41545 0.01280 0.01275 0.00977 0.00645 0.00593 0.00403 0.00396 0.00078 
81	2	0.00000 0.00001 0.00015 0.00075 0.00192 0.00246 0.00220 0.00447 0.00501 0.00560 0.00460 0.00612 0.00554 0.00799 0.00673 0.01311 0.01468 0.01082 0.01129 0.01337 0.02198 0.04273 0.04685 0.07994 0.13406 0.14613 0.12216 0.11343 0.08079 0.05570 0.03885 0.00054 
82	2	0.00001 0.00393 0.00956 0.00616 0.00674 0.00993 0.01122 0.02502 0.03483 0.02099 0.02587 0.02633 0.04290 0.03967 0.05976 0.09739 0.14409 0.10441 0.02790 0.03258 0.03173 0.03108 0.02400 0.01977 0.01007 0.01005 0.01566 0.02419 0.03861 0.04372 0.02096 0.00085 
83	2	0.00002 0.00085 0.00274 0.00517 0.00912 0.01056 0.02243 0.02630 0.02276 0.03149 0.03464 0.04543 0.04028 0.05450 0.08884 0.14082 0.06259 0.02302 0.01795 0.02092 0.02255 0.02202 0.02249 0.01891 0.02339 0.02847 0.04021 0.05230 0.06017 0.04343 0.00559 0.00002 
84	2	0.00001 0.00001 0.00009 0.00016 0.00045 0.00195 0.00285 0.00558 0.01339 0.02507 0.03762 0.05502 0.07997 0.09134 0.12664 0.19547 0.20565 0.01569 0.01112 0.00866 0.00790 0.00712 0.00563 0.00730 0.00685 0.00956 0.01279 0.01746 0.01773 0.01635 0.01316 0.00141 
85	2	0.00001 0.00025 0.00151 0.00208 0.00508 0.00771 0.01239 0.01917 0.03547 0.06179 0.04700 0.06862 0.08272 0.09682 0.09934 0.15255 0.04830 0.02063 0.01950 0.02127 0.01944 0.01657 0.01783 0.01518 0.00905 0.01259 0.01653 0.02651 0.02337 0.02852 0.01215 0.00003 
86	2	0.00065 0.00218 0.00245 0.01522 0.00854 0.00722 0.01255 0.01606 0.02604 0.02158 0.01937 0.02375 0.02279 0.04155 0.05872 0.06623 0.10197 0.15545 0.07523 0.03245 0.03472 0.02849 0.02570 0.03426 0.02407 0.03361 0.02642 0.02887 0.03547 0.01630 0.00205 0.00002 
87	2	0.00004 0.00036 0.00040 0.00247 0.00697 0.00962 0.02045 0.02133 0.04130 0.03089 0.03027 0.04603 0.03672 0.04617 0.06049 0.06165 0.10901 0.11221 0.04699 0.03304 0.03299 0.02316 0.02126 0.02603 0.02464 0.03709 0.03380 0.03775 0.03552 0.01047 0.00086 0.00003 
88	2	0.00002 0.00034 0.00125 0.00445 0.00652 0.01168 0.02158 0.03137 0.02967 0.02563 0.04187 0.03962 0.06120 0.05439 0.06150 0.10265 0.12979 0.07761 0.02718 0.03556 0.02592 0.02481 0.02263 0.02096 0.02101 0.02676 0.02764 0.03050 0.02227 0.01185 0.00171 0.00003 
89	2	0.00007 0.00150 0.00332 0.01367 0.02655 0.05611 0.07069 0.05989 0.03499 0.03219 0.01992 0.01539 0.01204 0.00597 0.00678 0.01114 0.02005 0.03015 0.05570 0.08401 0.13991 0.08019 0.09230 0.08295 0.01052 0.00694 0.00775 0.00605 0.00626 0.00463 0.00227 0.00010 
90	2	0.00007 0.00024 0.00239 0.00304 0.00705 0.01345 0.00667 0.01036 0.01809 0.02328 0.01912 0.03421 0.02703 0.02034 0.01933 0.03388 0.06374 0.05905 0.08941 0.09832 0.15778 0.14396 0.06324 0.01904 0.01820 0.01195 0.01031 0.00856 0.00652 0.00637 0.00436 0.00062 
91	2	0.00001 0.00003 0.00005 0.00018 0.00025 0.00029 0.00045 0.00061 0.00090 0.00115 0.00155 0.00177 0.00285 0.00282 0.00460 0.00409 0.00708 0.00695 0.00934 0.01172 0.01125 0.02852 0.47133 0.38019 0.01432 0.01342 0.00842 0.00672 0.00410 0.00251 0.00187 0.00065 
92	2	0.00001 0.00004 0.00015 0.00042 0.00158 0.00523 0.01059 0.01628 0.02205 0.02121 0.02284 0.01914 0.01334 0.01837 0.02600 0.08543 0.14831 0.08162 0.05450 0.04293 0.10053 0.03499 0.05111 0.05064 0.05196 0.04518 0.04029 0.02205 0.00940 0.00282 0.00072 0.00023 
93	2	0.00000 0.00000 0.00000 0.00007 0.00014 0.00068 0.00193 0.00561 0.01023 0.02077 0.03631 0.05204 0.07441 0.08680 0.04950 0.05307 0.04211 0.05707 0.06232 0.07522 0.07886 0.08452 0.06379 0.06803 0.04352 0.02087 0.00645 0.00278 0.00182 0.00078 0.00020 0.00004 
94	2	0.00000 0.00003 0.00010 0.00030 0.00160 0.00478 0.01023 0.01827 0.04051 0.05175 0.04882 0.04372 0.05216 0.03435 0.04600 0.04204 0.05420 0.07218 0.06380 0.07342 0.05615 0.06182 0.04684 0.06285 0.04458 0.03793 0.02097 0.00687 0.00290 0.00072 0.00009 0.00001 
95	2	0.00000 0.00000 0.00001 0.00006 0.00022 0.00055 0.00182 0.00459 0.00672 0.02159 0.02986 0.05327 0.04356 0.04958 0.05496 0.04474 0.04718 0.04388 0.05514 0.06177 0.11374 0.12702 0.11825 0.05397 0.03920 0.01625 0.00764 0.00279 0.00080 0.00039 0.00033 0.00012 
96	2	0.00001 0.00005 0.00005 0.00017 0.00114 0.00254 0.00693 0.01903 0.07233 0.04191 0.02926 0.02495 0.03384 0.03332 0.03324 0.03493 0.05075 0.05209 0.05155 0.05044 0.06584 0.06241 0.06249 0.06552 0.06720 0.06537 0.04590 0.02000 0.00576 0.00087 0.00009 0.00001 
97	2	0.00000 0.00001 0.00002 0.00008 0.00031 0.00065 0.00122 0.00158 0.00229 0.01524 0.07302 0.09807 0.05740 0.04582 0.04334 0.04828 0.05019 0.06507 0.09892 0.10689 0.07606 0.05222 0.04271 0.03446 0.02838 0.02315 0.01740 0.01048 0.00437 0.00173 0.00062 0.00002 
98	2	0.00000 0.00000 0.00001 0.00006 0.00016 0.00038 0.00071 0.00155 0.00579 0.06360 0.06914 0.04711 0.02615 0.02705 0.01903 0.03350 0.03357 0.06380 0.09412 0.05930 0.03968 0.04389 0.08693 0.12040 0.07735 0.05019 0.02496 0.00803 0.00245 0.00070 0.00031 0.00007 
99	2	0.00001 0.00003 0.00006 0.00037 0.00036 0.00047 0.00065 0.00051 0.00055 0.00050 0.00120 0.03584 0.19102 0.10377 0.03553 0.02961 0.02270 0.03228 0.03780 0.05108 0.05959 0.08659 0.08837 0.07877 0.05169 0.04160 0.02772 0.01170 0.00720 0.00203 0.00039 0.00001 
100	2	0.00003 0.00020 0.00026 0.00052 0.00043 0.00060 0.00056 0.00053 0.01111 0.14097 0.07717 0.00711 0.00782 0.00807 0.00964 0.01231 0.03378 0.07445 0.10803 0.09715 0.07317 0.06040 0.06013 0.05912 0.07055 0.05484 0.02104 0.00642 0.00272 0.00076 0.00009 0.00000 
101	2	0.00000 0.00000 0.00000 0.00002 0.00016 0.00045 0.00048 0.00047 0.00047 0.00061 0.00055 0.00168 0.10959 0.09044 0.02795 0.00760 0.00661 0.00965 0.01247 0.02761 0.11098 0.14148 0.11808 0.07234 0.05899 0.05921 0.04325 0.05792 0.03102 0.00858 0.00129 0.00002 
102	2	0.00002 0.00012 0.00029 0.00063 0.00105 0.00377 0.00455 0.00840 0.01142 0.02066 0.02030 0.02067 0.02856 0.02898 0.02403 0.03356 0.03971 0.03658 0.04262 0.20597 0.30614 0.03565 0.03592 0.02388 0.01965 0.01415 0.01170 0.00792 0.00565 0.00390 0.00257 0.00095 
103	2	0.00003 0.00024 0.00122 0.00187 0.00378 0.00474 0.00963 0.01432 0.02099 0.02508 0.02882 0.04550 0.05040 0.06630 0.09326 0.07069 0.06552 0.05867 0.05078 0.06600 0.06864 0.06490 0.07261 0.04253 0.04307 0.02181 0.00606 0.00223 0.00027 0.00005 0.00000 0.00000 
104	2	0.00000 0.00002 0.00022 0.00103 0.00632 0.01406 0.01276 0.01502 0.01679 0.02199 0.04963 0.08584 0.08438 0.08376 0.05164 0.05522 0.05497 0.04827 0.06711 0.09466 0.08414 0.08165 0.04312 0.01626 0.00765 0.00175 0.00099 0.00064 0.00007 0.00001 0.00002 0.00000 
105	2	0.00002 0.00045 0.00627 0.05196 0.09901 0.06915 0.03613 0.02188 0.03541 0.02417 0.04720 0.03477 0.04888 0.04939 0.06068 0.04585 0.04552 0.04207 0.03376 0.03732 0.02940 0.03313 0.02601 0.03171 0.02498 0.03212 0.01774 0.00895 0.00411 0.00137 0.00048 0.00006 
106	2	0.00001 0.00005 0.00029 0.00103 0.00556 0.00944 0.01965 0.02912 0.02749 0.04822 0.05102 0.04846 0.07445 0.08401 0.11464 0.08740 0.05155 0.04181 0.02957 0.03570 0.03520 0.04422 0.06371 0.04185 0.02455 0.01519 0.00688 0.00502 0.00219 0.00099 0.00070 0.00005 
107	2	0.00001 0.00000 0.00007 0.00027 0.00067 0.00176 0.00665 0.01557 0.02001 0.02945 0.03792 0.04008 0.05031 0.05627 0.04542 0.04448 0.04918 0.05648 0.06541 0.07993 0.09109 0.10815 0.09644 0.06280 0.03123 0.00880 0.00122 0.00024 0.00004 0.00002 0.00000 0.00000 
108	2	0.00001 0.00002 0.00001 0.00005 0.00147 0.03202 0.09366 0.05907 0.03212 0.02325 0.01975 0.02598 0.02242 0.02307 0.03114 0.04406 0.07387 0.08453 0.06205 0.05807 0.05332 0.04838 0.03441 0.04331 0.04585 0.04189 0.02432 0.01204 0.00752 0.00202 0.00030 0.00002 
109	2	0.00001 0.00001 0.00003 0.00023 0.00683 0.07469 0.13320 0.05533 0.03410 0.02285 0.01860 0.02047 0.01936 0.02202 0.02755 0.02634 0.03540 0.04571 0.04610 0.04435 0.04451 0.05807 0.04522 0.06805 0.06003 0.03825 0.02924 0.01437 0.00588 0.00256 0.00056 0.00007 
110	2	0.00001 0.00003 0.00007 0.00037 0.00075 0.00080 0.00096 0.00091 0.00079 0.00095 0.00100 0.00263 0.02795 0.08783 0.05656 0.03821 0.03510 0.03505 0.06225 0.09817 0.08417 0.05527 0.08534 0.09102 0.09301 0.06044 0.04467 0.02421 0.00992 0.00150 0.00008 0.00001 
111	2	0.00013 0.00000 0.00035 0.00501 0.00525 0.00462 0.00225 0.00198 0.00220 0.00471 0.00900 0.01451 0.02373 0.03194 0.04775 0.05730 0.04736 0.06093 0.06223 0.08077 0.08306 0.10521 0.10937 0.07752 0.06377 0.05417 0.02577 0.00927 0.00410 0.00235 0.00193 0.00141 
112	2	0.00000 0.00002 0.00003 0.00020 0.00064 0.00122 0.00372 0.00794 0.01140 0.01641 0.01940 0.02441 0.02425 0.02194 0.02140 0.02594 0.11451 0.15243 0.10020 0.04099 0.06926 0.10616 0.04251 0.04107 0.03804 0.03705 0.03620 0.02776 0.01108 0.00334 0.00038 0.00010 
113	2	0.00000 0.00000 0.00001 0.00003 0.00007 0.00032 0.00115 0.00206 0.00336 0.00727 0.00785 0.01465 0.01510 0.02418 0.02591 0.02626 0.03111 0.03762 0.04533 0.07166 0.50932 0.04263 0.03777 0.02635 0.02081 0.01592 0.01123 0.00922 0.00551 0.00359 0.00250 0.00118 
114	2	0.00002 0.00009 0.00026 0.00065 0.00150 0.00483 0.00487 0.00956 0.01792 0.02528 0.03220 0.04523 0.04803 0.05100 0.04493 0.04545 0.04296 0.04752 0.04688 0.05205 0.29842 0.04011 0.03426 0.03068 0.01950 0.01727 0.01317 0.00923 0.00633 0.00514 0.00353 0.00111 
115	2	0.00001 0.00008 0.00020 0.00038 0.00090 0.00289 0.00816 0.01334 0.02112 0.03562 0.04781 0.06877 0.06712 0.06937 0.04811 0.06067 0.04595 0.04189 0.03820 0.04874 0.17456 0.09493 0.03030 0.02242 0.01839 0.01248 0.00964 0.00667 0.00490 0.00356 0.00179 0.00101 
116	2	0.00158 0.00000 0.00517 0.00489 0.00586 0.00934 0.01134 0.00899 0.00834 0.01158 0.01936 0.02590 0.03496 0.04200 0.06112 0.08109 0.06956 0.08129 0.06546 0.06027 0.04486 0.04296 0.04302 0.13521 0.07719 0.02015 0.01087 0.00739 0.00477 0.00289 0.00172 0.00086 
117	2	0.00177 0.00000 0.00951 0.00593 0.00657 0.01007 0.01734 0.01297 0.02748 0.02997 0.03075 0.01980 0.01357 0.01541 0.01216 0.01762 0.02593 0.04873 0.07104 0.08757 0.09745 0.07492 0.06532 0.11768 0.04965 0.03418 0.02856 0.02429 0.02425 0.01551 0.00352 0.00048 
118	2	0.00000 0.00000 0.00002 0.00002 0.00002 0.00007 0.00010 0.00006 0.00017 0.00023 0.00033 0.00037 0.00062 0.00236 0.00464 0.01205 0.02232 0.03837 0.04224 0.06050 0.09440 0.11120 0.09505 0.14560 0.08636 0.08027 0.10000 0.09020 0.00896 0.00227 0.00082 0.00037 
119	2	0.00000 0.00000 0.00000 0.00001 0.00011 0.00105 0.00595 0.01199 0.01945 0.03115 0.04346 0.05727 0.03928 0.01703 0.00807 0.00303 0.00230 0.01490 0.03992 0.03410 0.01949 0.03514 0.12290 0.22271 0.12689 0.04928 0.04457 0.02323 0.01785 0.00714 0.00172 0.00002 
120	2	0.00000 0.00001 0.00002 0.00007 0.00030 0.00104 0.00357 0.00793 0.01752 0.02517 0.02535 0.02511 0.01916 0.01471 0.01401 0.01402 0.01175 0.01061 0.01196 0.04219 0.31937 0.22484 0.06451 0.05135 0.03155 0.02299 0.01893 0.01295 0.00715 0.00164 0.00011 0.00007 
121	2	0.00000 0.00001 0.00006 0.00012 0.00093 0.00273 0.00634 0.00911 0.01355 0.01480 0.01505 0.01574 0.01341 0.01213 0.01260 0.01391 0.01307 0.01248 0.03335 0.08111 0.13245 0.28983 0.14567 0.06623 0.03217 0.02062 0.01685 0.01177 0.00950 0.00391 0.00040 0.00008 
122	2	0.00000 0.00002 0.00008 0.00032 0.00095 0.01055 0.01257 0.00755 0.00557 0.00767 0.00931 0.01165 0.02612 0.03679 0.05638 0.07836 0.08903 0.09083 0.07215 0.05121 0.03098 0.02268 0.01691 0.01862 0.01454 0.12902 0.15624 0.01560 0.01601 0.00802 0.00393 0.00032 
123	2	0.00001 0.00002 0.00009 0.00017 0.00030 0.00087 0.00080 0.00124 0.00193 0.00247 0.00320 0.00449 0.00514 0.00715 0.00842 0.01084 0.01256 0.01654 0.01853 0.03113 0.56478 0.24530 0.01720 0.01537 0.00921 0.00773 0.00543 0.00349 0.00253 0.00164 0.00121 0.00019 
124	2	0.00000 0.00000 0.00003 0.00003 0.00004 0.00024 0.00126 0.00375 0.00653 0.01029 0.01008 0.01777 0.02628 0.05492 0.09245 0.11517 0.09345 0.07494 0.04959 0.03612 0.02693 0.03146 0.02582 0.02968 0.08661 0.11075 0.03557 0.02782 0.01978 0.00873 0.00280 0.00107 
125	2	0.00001 0.00017 0.00086 0.00382 0.01390 0.02222 0.00942 0.00493 0.00476 0.01092 0.04265 0.06660 0.09254 0.10936 0.09952 0.09260 0.06882 0.05246 0.03422 0.02432 0.02338 0.02325 0.02271 0.02369 0.02873 0.03635 0.03240 0.02846 0.01715 0.00726 0.00190 0.00060 
126	2	0.00005 0.00000 0.00003 0.00013 0.00008 0.00032 0.00104 0.00160 0.00249 0.00624 0.01435 0.03037 0.02962 0.03826 0.04382 0.04888 0.05081 0.05310 0.04817 0.04773 0.04312 0.05350 0.04410 0.15689 0.16962 0.04458 0.03180 0.01657 0.01057 0.00629 0.00423 0.00161 
127	2	0.00000 0.00006 0.00013 0.00026 0.00064 0.00286 0.00368 0.00811 0.01749 0.02513 0.03330 0.04328 0.04090 0.04262 0.03961 0.04337 0.04311 0.05057 0.08560 0.06550 0.26758 0.04782 0.04042 0.03360 0.01910 0.01610 0.01108 0.00722 0.00487 0.00350 0.00197 0.00048 
128	2	0.00000 0.00000 0.00003 0.00009 0.00005 0.00015 0.00017 0.00026 0.00032 0.00087 0.00345 0.00985 0.02980 0.04186 0.03893 0.02730 0.01582 0.01443 0.01137 0.01162 0.01511 0.04414 0.07708 0.12717 0.15918 0.33690 0.02315 0.00568 0.00246 0.00149 0.00080 0.00045 
129	2	0.00000 0.00000 0.00004 0.00004 0.00007 0.00011 0.00030 0.00070 0.00110 0.00234 0.00660 0.01846 0.03103 0.05345 0.05598 0.04181 0.02366 0.01620 0.01177 0.01018 0.01300 0.03989 0.06299 0.11938 0.16032 0.25831 0.05741 0.00696 0.00355 0.00186 0.00149 0.00099 
130	2	0.00001 0.00000 0.00001 0.00007 0.00014 0.00038 0.00186 0.00267 0.00840 0.01506 0.02515 0.02970 0.03092 0.01797 0.01711 0.01431 0.01401 0.01434 0.01097 0.01382 0.01034 0.01616 0.06486 0.29736 0.29712 0.07877 0.00894 0.00471 0.00252 0.00126 0.00077 0.00027 
131	2	0.00000 0.00003 0.00006 0.00033 0.00077 0.00124 0.00245 0.00559 0.00893 0.00985 0.01979 0.02397 0.02701 0.03199 0.03687 0.03151 0.03503 0.03452 0.04369 0.05894 0.08656 0.14214 0.15639 0.07127 0.06012 0.04151 0.02875 0.01867 0.00988 0.00676 0.00396 0.00137 
132	2	0.00010 0.00000 0.00022 0.00022 0.00027 0.00070 0.00123 0.00107 0.00144 0.00451 0.01123 0.02355 0.03805 0.03386 0.02815 0.02873 0.03063 0.04661 0.04893 0.05412 0.04200 0.03994 0.04034 0.04141 0.05388 0.15372 0.18316 0.03605 0.02650 0.01624 0.01008 0.00305 
133	2	0.00001 0.00002 0.00004 0.00015 0.00047 0.00241 0.00408 0.00910 0.01550 0.03538 0.03700 0.03736 0.05005 0.04382 0.03458 0.04459 0.04888 0.04313 0.06088 0.06933 0.19382 0.06773 0.06348 0.03894 0.03095 0.02169 0.01725 0.01180 0.00771 0.00553 0.00310 0.00120 
134	2	0.00002 0.00005 0.00011 0.00117 0.00480 0.01350 0.01602 0.03182 0.02904 0.02523 0.02087 0.02405 0.01712 0.02016 0.01302 0.01497 0.01295 0.01478 0.03012 0.04379 0.07097 0.08896 0.17242 0.20573 0.10521 0.00874 0.00585 0.00378 0.00230 0.00117 0.00111 0.00017 
135	2	0.00003 0.00061 0.00413 0.01498 0.02086 0.01355 0.00773 0.01551 0.02515 0.03125 0.03504 0.06214 0.06251 0.11389 0.13310 0.09833 0.06880 0.05890 0.03940 0.02642 0.02771 0.02464 0.02438 0.02068 0.01951 0.01253 0.01477 0.00940 0.00474 0.00524 0.00386 0.00022 
136	2	0.00007 0.00076 0.00748 0.01743 0.01942 0.01284 0.02011 0.02155 0.02472 0.02482 0.04083 0.03983 0.07999 0.04662 0.06369 0.08675 0.08193 0.07395 0.05713 0.03792 0.03407 0.02914 0.02705 0.02028 0.02114 0.01520 0.01369 0.01595 0.02363 0.02982 0.01195 0.00022 
137	2	0.00000 0.00003 0.00007 0.00025 0.00093 0.00244 0.00710 0.01599 0.02848 0.04262 0.05582 0.04914 0.03343 0.03641 0.03144 0.02538 0.02104 0.02027 0.01907 0.01787 0.05295 0.12767 0.25295 0.12406 0.01295 0.00724 0.00525 0.00330 0.00264 0.00174 0.00130 0.00014 
138	2	0.00357 0.00000 0.03252 0.01823 0.03647 0.02342 0.01834 0.00912 0.01498 0.01391 0.02032 0.02583 0.03185 0.05179 0.05079 0.07166 0.06260 0.05390 0.04478 0.04094 0.03427 0.03253 0.02935 0.04904 0.11415 0.07785 0.01629 0.01036 0.00594 0.00312 0.00150 0.00056 
139	2	0.00228 0.00000 0.01311 0.01997 0.04147 0.02798 0.02254 0.01616 0.01249 0.01395 0.01708 0.02664 0.02831 0.03960 0.05717 0.07763 0.07524 0.07287 0.06150 0.05693 0.04775 0.05355 0.03891 0.04200 0.03770 0.03245 0.02960 0.01724 0.00910 0.00488 0.00294 0.00097 
140	3	0.00002 0.00000 0.00025 0.00062 0.00210 0.01353 0.03445 0.04676 0.05842 0.07885 0.07176 0.06897 0.05066 0.06065 0.05782 0.04841 0.03388 0.03432 0.03147 0.02732 0.02486 0.03401 0.02958 0.03927 0.03657 0.03220 0.03072 0.01965 0.01450 0.01088 0.00656 0.00092 
141	3	0.00003 0.00036 0.00432 0.00578 0.01320 0.01977 0.03081 0.03817 0.03253 0.02966 0.03049 0.03935 0.05247 0.04218 0.05127 0.04258 0.05764 0.04857 0.04540 0.04580 0.04290 0.03842 0.03927 0.04006 0.03442 0.03135 0.02946 0.02852 0.02867 0.03225 0.01825 0.00604 
142	3	0.00001 0.00000 0.00000 0.00011 0.00347 0.02255 0.06022 0.08812 0.08741 0.09510 0.07833 0.06252 0.05061 0.03756 0.02978 0.02417 0.02166 0.02941 0.03133 0.03251 0.03246 0.03169 0.02540 0.02421 0.02636 0.03245 0.02262 0.02078 0.01307 0.00963 0.00620 0.00026 
143	3	0.00033 0.00000 0.00177 0.00475 0.01061 0.03265 0.04741 0.03302 0.03523 0.04005 0.04966 0.04951 0.05538 0.04715 0.04878 0.06027 0.04781 0.05750 0.05173 0.05135 0.03783 0.03714 0.03419 0.03341 0.03491 0.03510 0.02438 0.01904 0.01079 0.00481 0.00288 0.00055 
144	3	0.00026 0.00000 0.00179 0.00439 0.00679 0.02095 0.04565 0.05975 0.05519 0.05803 0.05117 0.04472 0.03174 0.03434 0.03815 0.04144 0.04000 0.04355 0.04265 0.04492 0.04229 0.05111 0.03967 0.04414 0.04171 0.03889 0.04065 0.02050 0.00951 0.00407 0.00155 0.00039 
145	3	0.00001 0.00002 0.00016 0.00092 0.00205 0.00505 0.00747 0.01375 0.01757 0.02521 0.02758 0.02947 0.04255 0.03736 0.04675 0.05662 0.06147 0.07218 0.07248 0.07729 0.07269 0.07114 0.06475 0.06890 0.04959 0.04052 0.01944 0.00757 0.00511 0.00254 0.00161 0.00019 
146	3	0.00001 0.00000 0.00010 0.00022 0.00040 0.00192 0.00687 0.01280 0.01902 0.03798 0.02734 0.03855 0.03040 0.04104 0.04277 0.04312 0.04965 0.05580 0.06265 0.06192 0.06700 0.06263 0.06599 0.05185 0.04975 0.05686 0.05237 0.03467 0.01261 0.00985 0.00366 0.00019 
147	3	0.00002 0.00000 0.00036 0.00089 0.00163 0.00795 0.02523 0.03199 0.04380 0.05897 0.04532 0.06265 0.04458 0.05644 0.05248 0.04660 0.04980 0.05079 0.04817 0.04151 0.04113 0.03762 0.04071 0.03342 0.03342 0.03300 0.02831 0.02942 0.02143 0.01581 0.01226 0.00428 
148	3	0.00002 0.00000 0.00022 0.00052 0.00098 0.00302 0.01156 0.02467 0.03397 0.05467 0.04138 0.05342 0.03500 0.03822 0.03430 0.03153 0.03210 0.03940 0.04830 0.04675 0.05291 0.05307 0.05308 0.04443 0.04358 0.04281 0.03818 0.04087 0.03427 0.03295 0.02237 0.01146 
149	3	0.00002 0.00000 0.00013 0.00040 0.00046 0.00168 0.00497 0.00992 0.01197 0.02020 0.01504 0.02428 0.02228 0.03275 0.03627 0.04324 0.05579 0.04963 0.04060 0.03256 0.03029 0.02725 0.03127 0.03080 0.03402 0.03600 0.03742 0.05723 0.07999 0.10298 0.09881 0.03176 
150	3	0.00138 0.00000 0.00619 0.00674 0.00601 0.01160 0.01528 0.01415 0.01346 0.02108 0.01660 0.02717 0.02367 0.02837 0.02455 0.02500 0.02978 0.03007 0.03003 0.02777 0.02909 0.02768 0.03110 0.02887 0.03324 0.04377 0.06017 0.10170 0.10773 0.08702 0.05887 0.03186 
151	3	0.00144 0.00000 0.00515 0.00478 0.00497 0.00865 0.01232 0.01239 0.01133 0.01893 0.01542 0.02520 0.02094 0.02683 0.02597 0.02802 0.03186 0.03229 0.03032 0.02831 0.03052 0.02881 0.03261 0.03054 0.03251 0.03858 0.04637 0.08802 0.11216 0.10290 0.07155 0.04030 
152	3	0.00010 0.00000 0.00048 0.00066 0.00067 0.00224 0.00348 0.00370 0.00510 0.01088 0.01313 0.03245 0.03895 0.05874 0.05430 0.04883 0.05533 0.04670 0.03746 0.03374 0.03323 0.03065 0.03211 0.02681 0.02977 0.03667 0.03816 0.04998 0.06310 0.08011 0.09084 0.04162 
153	3	0.00006 0.00000 0.00055 0.00132 0.00232 0.02174 0.05195 0.07919 0.08386 0.06417 0.01865 0.03026 0.02554 0.03639 0.03568 0.03669 0.04001 0.04365 0.04687 0.04504 0.04495 0.04108 0.04067 0.03184 0.03021 0.02875 0.02527 0.02619 0.02336 0.01970 0.01567 0.00837 
154	3	0.00010 0.00061 0.00355 0.00667 0.00952 0.01307 0.01699 0.02804 0.03284 0.04637 0.04609 0.04952 0.04764 0.05464 0.04480 0.06426 0.04950 0.04243 0.05043 0.04203 0.04548 0.03685 0.04256 0.03523 0.03190 0.03230 0.02655 0.02707 0.02528 0.02122 0.02104 0.00540 
155	3	0.00018 0.01897 0.03337 0.02730 0.03720 0.04456 0.02665 0.03324 0.03639 0.03256 0.02584 0.01653 0.02489 0.01899 0.02918 0.04752 0.04066 0.04475 0.05363 0.07017 0.07238 0.06879 0.06434 0.05409 0.03135 0.01749 0.01165 0.00916 0.00463 0.00250 0.00100 0.00004 
156	3	0.00000 0.00000 0.00002 0.00014 0.00017 0.00035 0.00296 0.08035 0.09937 0.09108 0.06321 0.03905 0.03195 0.02832 0.03777 0.02805 0.02383 0.03836 0.04840 0.05846 0.04236 0.04019 0.04228 0.04355 0.04923 0.04845 0.02700 0.01690 0.01022 0.00581 0.00208 0.00010 
157	3	0.01442 0.00000 0.11360 0.02483 0.02682 0.03657 0.03361 0.05062 0.04592 0.02340 0.03131 0.01705 0.01452 0.01060 0.00915 0.00721 0.00587 0.00704 0.01000 0.03423 0.05379 0.07810 0.09537 0.08187 0.06062 0.04530 0.02698 0.01986 0.01360 0.00638 0.00122 0.00013 
158	3	0.00038 0.00000 0.00000 0.00033 0.00093 0.00078 0.00176 0.00952 0.02423 0.03824 0.04420 0.02933 0.01816 0.01409 0.01352 0.02367 0.04800 0.07401 0.08737 0.10671 0.13249 0.13185 0.08602 0.05134 0.02950 0.01859 0.00875 0.00407 0.00144 0.00054 0.00014 0.00001 
159	3	0.00250 0.00000 0.00246 0.00089 0.00058 0.00054 0.00282 0.03411 0.09506 0.09583 0.07392 0.03146 0.01813 0.01148 0.01126 0.02391 0.05824 0.08589 0.08323 0.10235 0.08097 0.06273 0.04158 0.02598 0.01803 0.01397 0.00867 0.00691 0.00424 0.00190 0.00035 0.00002 
160	3	0.00013 0.00740 0.02506 0.02412 0.01751 0.01066 0.00477 0.00321 0.00222 0.00205 0.00114 0.00183 0.00320 0.01215 0.02666 0.08883 0.16325 0.17003 0.17908 0.09332 0.06302 0.03378 0.02573 0.01427 0.01062 0.00566 0.00445 0.00255 0.00173 0.00115 0.00033 0.00004 
161	3	0.00031 0.00000 0.00297 0.00802 0.00707 0.00233 0.00177 0.10873 0.14757 0.34686 0.08675 0.04260 0.01502 0.01153 0.01414 0.03740 0.04205 0.02356 0.01894 0.01614 0.01507 0.01199 0.01099 0.00796 0.00680 0.00552 0.00322 0.00245 0.00132 0.00058 0.00017 0.00016 
162	3	0.00079 0.02759 0.01883 0.01393 0.01085 0.01204 0.00855 0.00903 0.00762 0.00814 0.00780 0.01562 0.01465 0.02503 0.02297 0.04475 0.06335 0.07278 0.13059 0.16228 0.16112 0.08063 0.04777 0.01973 0.00808 0.00401 0.00118 0.00016 0.00005 0.00007 0.00002 0.00001 
163	3	0.00119 0.00000 0.00257 0.00120 0.00090 0.00077 0.00097 0.01148 0.15703 0.14235 0.04449 0.06389 0.03797 0.03652 0.02460 0.02509 0.02300 0.03580 0.06189 0.06743 0.06911 0.05932 0.05210 0.03003 0.02006 0.01288 0.00795 0.00531 0.00211 0.00080 0.00057 0.00060 
164	3	0.00003 0.00235 0.08666 0.13314 0.05283 0.03917 0.03780 0.04236 0.02967 0.03104 0.02076 0.01802 0.01112 0.01331 0.01853 0.02615 0.04891 0.06095 0.05414 0.06426 0.06098 0.04534 0.03738 0.02480 0.01310 0.01168 0.00758 0.00398 0.00196 0.00080 0.00052 0.00064 
165	3	0.00002 0.00008 0.00098 0.00902 0.03062 0.06182 0.07313 0.08389 0.08183 0.06722 0.05947 0.04060 0.03058 0.03343 0.02585 0.02643 0.03577 0.04067 0.05141 0.03174 0.02995 0.01735 0.01816 0.01401 0.01615 0.01677 0.02169 0.03611 0.03034 0.01099 0.00247 0.00141 
166	3	0.00001 0.00000 0.00008 0.00026 0.00042 0.00156 0.00378 0.03737 0.18706 0.09456 0.09004 0.11964 0.10078 0.10287 0.02690 0.01801 0.01106 0.01066 0.01371 0.01270 0.01752 0.01776 0.02600 0.02697 0.02681 0.02713 0.01578 0.00823 0.00197 0.00012 0.00008 0.00016 
167	3	0.00002 0.00000 0.00017 0.00037 0.00062 0.00285 0.01348 0.05538 0.07368 0.10432 0.07302 0.15204 0.12824 0.09707 0.04483 0.02001 0.01408 0.01378 0.01483 0.01416 0.01388 0.01400 0.01695 0.01663 0.02081 0.02497 0.02657 0.02989 0.01185 0.00110 0.00022 0.00015 
168	3	0.00002 0.00002 0.00012 0.00012 0.00755 0.01526 0.05087 0.16272 0.06307 0.09828 0.09137 0.08384 0.03431 0.02917 0.02183 0.02056 0.01307 0.00956 0.01328 0.01100 0.01783 0.02254 0.03750 0.04620 0.06009 0.04927 0.02721 0.01041 0.00209 0.00070 0.00010 0.00003 
169	3	0.00001 0.00001 0.00003 0.00036 0.00560 0.07588 0.13468 0.09382 0.09936 0.07005 0.05457 0.08471 0.05754 0.04145 0.03566 0.01882 0.01998 0.01516 0.01852 0.02362 0.01615 0.01906 0.02658 0.02358 0.02171 0.01980 0.01427 0.00531 0.00243 0.00105 0.00017 0.00004 
170	3	0.00001 0.00002 0.00008 0.00026 0.00088 0.00358 0.00939 0.01868 0.03672 0.06746 0.06638 0.09632 0.07320 0.07602 0.06614 0.05960 0.06743 0.05997 0.04572 0.04492 0.03466 0.02266 0.02233 0.02037 0.01652 0.02064 0.02158 0.02062 0.01874 0.00463 0.00244 0.00200 
171	3	0.00001 0.00000 0.00013 0.00062 0.00105 0.00389 0.01277 0.01772 0.01959 0.03237 0.02609 0.03762 0.03011 0.04104 0.03769 0.03612 0.03910 0.03924 0.03808 0.03443 0.03765 0.03897 0.05669 0.09329 0.16171 0.09140 0.02978 0.01776 0.00904 0.00690 0.00594 0.00318 
172	3	0.00015 0.00000 0.00062 0.00109 0.00118 0.00327 0.00733 0.01135 0.01551 0.03311 0.02982 0.04289 0.03447 0.04877 0.04176 0.03550 0.03744 0.03762 0.03831 0.03907 0.04774 0.06671 0.15763 0.15560 0.04815 0.01857 0.01145 0.01035 0.00762 0.00650 0.00587 0.00453 
173	3	0.00140 0.00000 0.00392 0.00308 0.00240 0.00353 0.00516 0.00653 0.00704 0.01096 0.01720 0.02538 0.03258 0.05418 0.08287 0.10795 0.10182 0.11129 0.09191 0.07674 0.06246 0.05817 0.03529 0.03285 0.02668 0.01893 0.01298 0.00435 0.00146 0.00056 0.00028 0.00003 
174	3	0.00003 0.00000 0.00042 0.00096 0.00127 0.00221 0.00420 0.00647 0.01006 0.08344 0.22516 0.11474 0.03731 0.03492 0.02674 0.02563 0.03443 0.04218 0.04359 0.03745 0.03434 0.02697 0.02645 0.02121 0.02204 0.02276 0.02269 0.02823 0.02742 0.02085 0.01213 0.00370 
175	3	0.00001 0.00004 0.00016 0.00015 0.00021 0.00062 0.00158 0.00883 0.05249 0.17152 0.05802 0.03447 0.02590 0.02570 0.02425 0.05021 0.06433 0.06303 0.06756 0.05030 0.05187 0.03710 0.03977 0.02996 0.02542 0.02528 0.02237 0.02371 0.02202 0.01199 0.00893 0.00216 
176	3	0.00000 0.00000 0.00004 0.00019 0.00043 0.00100 0.00229 0.00439 0.00840 0.03915 0.15306 0.14386 0.03029 0.02762 0.02299 0.02867 0.05103 0.06525 0.06232 0.05258 0.04953 0.03827 0.03575 0.02750 0.02709 0.02552 0.02290 0.02561 0.02518 0.01896 0.00820 0.00193 
177	3	0.00002 0.00004 0.00015 0.00022 0.00025 0.00055 0.00094 0.00242 0.00675 0.04867 0.15808 0.15580 0.07208 0.05098 0.03275 0.04462 0.03602 0.03741 0.04565 0.03670 0.03756 0.02539 0.02749 0.02046 0.01867 0.02068 0.01980 0.02514 0.02933 0.02243 0.01827 0.00467 
178	3	0.00125 0.00000 0.00439 0.03835 0.02297 0.04407 0.08967 0.10517 0.09569 0.09792 0.04294 0.04557 0.03211 0.03707 0.03151 0.02792 0.03004 0.03017 0.02995 0.03277 0.03229 0.02837 0.03344 0.02742 0.01836 0.01047 0.00408 0.00231 0.00126 0.00104 0.00085 0.00058 
179	3	0.00178 0.00000 0.00558 0.01112 0.01853 0.03990 0.08236 0.05772 0.12120 0.07789 0.06340 0.04500 0.03212 0.03568 0.02373 0.02740 0.02660 0.02896 0.03000 0.03581 0.03892 0.04733 0.04370 0.04744 0.02983 0.01540 0.00582 0.00269 0.00187 0.00127 0.00080 0.00014 
180	3	0.00194 0.00000 0.00553 0.01305 0.01832 0.03507 0.07884 0.08515 0.06706 0.07410 0.06536 0.04015 0.03384 0.02817 0.02929 0.03147 0.03047 0.03722 0.04291 0.05942 0.05826 0.05901 0.04713 0.03405 0.01369 0.00486 0.00191 0.00120 0.00102 0.00080 0.00064 0.00007 
181	3	0.00385 0.00000 0.00847 0.02246 0.02573 0.05158 0.11737 0.07995 0.06191 0.05701 0.04725 0.03352 0.03291 0.03014 0.03317 0.03705 0.03581 0.05258 0.06034 0.06878 0.05745 0.04537 0.02268 0.00649 0.00221 0.00165 0.00111 0.00090 0.00091 0.00068 0.00055 0.00012 
182	3	0.00035 0.00000 0.00202 0.00425 0.01124 0.03389 0.04225 0.02950 0.02360 0.03412 0.02050 0.03210 0.02843 0.04061 0.03952 0.03556 0.04976 0.06384 0.06259 0.05485 0.05127 0.04380 0.04477 0.03358 0.03080 0.02900 0.02570 0.03175 0.04010 0.03537 0.01931 0.00552 
183	3	0.00044 0.00000 0.00159 0.03577 0.03237 0.05058 0.11906 0.06702 0.05593 0.07037 0.04581 0.05268 0.03573 0.04022 0.03140 0.02553 0.03049 0.03453 0.04376 0.05108 0.05856 0.04389 0.03222 0.01633 0.00746 0.00431 0.00305 0.00294 0.00242 0.00167 0.00210 0.00067 
184	3	0.00005 0.00009 0.00040 0.00162 0.00262 0.00726 0.01580 0.02515 0.03402 0.03854 0.04570 0.03667 0.05820 0.05222 0.05858 0.05746 0.05251 0.05815 0.05737 0.06762 0.06671 0.06031 0.05821 0.04623 0.03504 0.02621 0.01894 0.01064 0.00505 0.00232 0.00030 0.00000 
185	3	0.00000 0.00001 0.00000 0.00002 0.00008 0.00042 0.00140 0.00447 0.01139 0.01462 0.02085 0.02719 0.03643 0.04152 0.04019 0.05418 0.06026 0.06978 0.07465 0.07162 0.07065 0.07782 0.06582 0.07202 0.06613 0.04355 0.03586 0.01926 0.01032 0.00629 0.00281 0.00035 
186	3	0.00002 0.00048 0.00418 0.01220 0.02344 0.04436 0.05217 0.05805 0.07254 0.06499 0.03606 0.03440 0.02212 0.02472 0.02682 0.03186 0.04597 0.05086 0.04681 0.05473 0.04896 0.03730 0.03535 0.03192 0.02338 0.02691 0.02417 0.01908 0.01850 0.01363 0.00855 0.00544 
187	3	0.00002 0.00038 0.00441 0.01281 0.02805 0.03433 0.04166 0.04997 0.07036 0.07242 0.03944 0.03270 0.02477 0.03127 0.02528 0.04652 0.05024 0.05512 0.05887 0.05275 0.04837 0.03870 0.03284 0.02512 0.02517 0.01997 0.02022 0.01900 0.01448 0.01270 0.00780 0.00422 
188	3	0.00022 0.00174 0.00572 0.01715 0.03268 0.03999 0.03529 0.06497 0.05831 0.04537 0.03341 0.03109 0.02106 0.02829 0.02364 0.03513 0.03884 0.03899 0.04300 0.04557 0.03946 0.03332 0.03246 0.02888 0.02951 0.02652 0.03038 0.03045 0.02507 0.01747 0.03299 0.03302 
189	3	0.00001 0.00022 0.00120 0.00290 0.00701 0.01134 0.01449 0.02355 0.03876 0.04388 0.06487 0.05944 0.09437 0.05977 0.05426 0.05141 0.03325 0.03370 0.03238 0.03841 0.04251 0.05262 0.06031 0.06465 0.04701 0.02267 0.01599 0.01420 0.00585 0.00306 0.00317 0.00271 
190	3	0.00000 0.00009 0.00057 0.00159 0.00291 0.01050 0.01450 0.04012 0.07703 0.07340 0.06378 0.07121 0.07872 0.08687 0.06795 0.05435 0.03894 0.03340 0.02692 0.02330 0.02592 0.01832 0.01826 0.02103 0.01737 0.01922 0.01787 0.01520 0.01389 0.01251 0.01051 0.04372 
191	3	0.00002 0.00003 0.00020 0.00055 0.00159 0.00745 0.01361 0.02530 0.02875 0.03500 0.03442 0.04357 0.04542 0.05262 0.04318 0.06240 0.04956 0.04415 0.05172 0.04397 0.04867 0.03409 0.03687 0.02910 0.02723 0.03023 0.02568 0.02706 0.02349 0.03415 0.06639 0.03351 
192	3	0.00000 0.00000 0.00000 0.00002 0.00006 0.00052 0.00820 0.02206 0.02393 0.03702 0.03241 0.05095 0.04453 0.06381 0.06253 0.05715 0.06009 0.06045 0.05912 0.04775 0.03905 0.03132 0.03225 0.02566 0.02335 0.02182 0.01865 0.01958 0.02917 0.03480 0.04508 0.04864 
193	3	0.00121 0.00000 0.00321 0.00553 0.00701 0.01524 0.02307 0.02421 0.02268 0.03522 0.02780 0.04255 0.03525 0.04990 0.04663 0.04317 0.04767 0.05118 0.05529 0.05146 0.05321 0.04864 0.05162 0.04132 0.03862 0.03569 0.02984 0.03117 0.02470 0.02039 0.02118 0.01533 
194	3	0.00002 0.00016 0.00029 0.00387 0.01063 0.02349 0.05828 0.06628 0.11373 0.10350 0.09567 0.05825 0.06912 0.06445 0.05074 0.03102 0.03900 0.02135 0.01333 0.01552 0.01114 0.01919 0.01639 0.01517 0.01112 0.01323 0.01071 0.00956 0.00650 0.00460 0.00812 0.03555 
195	3	0.00004 0.00260 0.01287 0.01745 0.03413 0.07245 0.06771 0.10807 0.11650 0.08431 0.05793 0.03415 0.02576 0.02937 0.02433 0.02112 0.01874 0.01361 0.01657 0.01729 0.01750 0.01972 0.01695 0.01667 0.01390 0.01116 0.00830 0.00527 0.00615 0.00841 0.01675 0.08420 
196	3	0.00004 0.00085 0.00453 0.01142 0.02262 0.02967 0.06526 0.05472 0.12314 0.10082 0.05445 0.03578 0.02224 0.02667 0.02016 0.01423 0.01565 0.01216 0.01657 0.01606 0.02139 0.02621 0.02312 0.02773 0.01865 0.01663 0.01240 0.01187 0.00765 0.00872 0.02140 0.15718 
197	3	0.00005 0.00041 0.00128 0.00279 0.00723 0.01085 0.03282 0.07167 0.14068 0.17806 0.11822 0.07385 0.03719 0.03313 0.01455 0.01565 0.01230 0.01243 0.01645 0.01880 0.03227 0.05107 0.05782 0.03547 0.01551 0.00476 0.00273 0.00102 0.00031 0.00015 0.00013 0.00030 
198	3	0.00006 0.00112 0.00500 0.01058 0.02472 0.03085 0.02927 0.04287 0.10813 0.15123 0.10720 0.08377 0.05709 0.05387 0.02538 0.02393 0.01582 0.01273 0.01227 0.01377 0.02567 0.04781 0.06139 0.03397 0.01333 0.00430 0.00235 0.00081 0.00022 0.00016 0.00013 0.00019 
199	3	0.00000 0.00045 0.00278 0.01155 0.04233 0.15314 0.10276 0.13285 0.09328 0.04107 0.01883 0.01350 0.01227 0.01194 0.01237 0.01627 0.02217 0.02322 0.01754 0.01709 0.02488 0.02737 0.03830 0.07151 0.06479 0.01054 0.00460 0.00494 0.00373 0.00241 0.00077 0.00071 
200	3	0.00007 0.00308 0.00696 0.00942 0.01936 0.07439 0.05172 0.05088 0.04802 0.04044 0.03391 0.03697 0.03042 0.03744 0.03177 0.03797 0.03505 0.02739 0.02610 0.03216 0.05036 0.05026 0.07926 0.08809 0.02919 0.01567 0.01175 0.01322 0.01192 0.01109 0.00542 0.00025 
201	3	0.00008 0.00113 0.01041 0.02316 0.02489 0.03947 0.03819 0.04536 0.03345 0.03972 0.04280 0.05836 0.06685 0.07277 0.05866 0.08190 0.06372 0.04851 0.05473 0.04252 0.03754 0.02282 0.02647 0.02521 0.01605 0.00682 0.00393 0.00342 0.00283 0.00226 0.00455 0.00140 
202	3	0.00003 0.00067 0.00509 0.00715 0.01943 0.04232 0.05152 0.05533 0.06497 0.06455 0.06453 0.06548 0.06689 0.04724 0.05584 0.04098 0.04265 0.03218 0.03201 0.03484 0.03769 0.04775 0.04502 0.04097 0.02202 0.00479 0.00272 0.00204 0.00173 0.00075 0.00044 0.00038 
203	3	0.00002 0.00085 0.00309 0.00550 0.00842 0.03807 0.05042 0.07333 0.07478 0.06027 0.05483 0.05906 0.05351 0.05497 0.05057 0.04778 0.04077 0.04271 0.03876 0.03254 0.04285 0.03813 0.03762 0.03812 0.02548 0.01264 0.00591 0.00352 0.00227 0.00114 0.00126 0.00080 
204	3	0.00019 0.00000 0.00070 0.00132 0.00136 0.00318 0.00551 0.00746 0.01068 0.01750 0.02537 0.03496 0.02975 0.03814 0.06054 0.09000 0.08907 0.08693 0.08353 0.09064 0.07975 0.09357 0.05395 0.03812 0.01917 0.01351 0.01132 0.00565 0.00407 0.00246 0.00135 0.00024 
205	3	0.00001 0.00263 0.00929 0.03757 0.08070 0.15165 0.22026 0.17074 0.08050 0.03465 0.01808 0.01344 0.00975 0.01252 0.01395 0.01314 0.01075 0.01028 0.00982 0.00801 0.00964 0.01018 0.00952 0.00962 0.00811 0.00841 0.00832 0.00656 0.00687 0.00661 0.00569 0.00274 
206	3	0.00001 0.00056 0.00530 0.02100 0.04672 0.10378 0.18073 0.20837 0.12141 0.05125 0.03153 0.02048 0.01685 0.01454 0.01752 0.01402 0.01381 0.01205 0.01064 0.01021 0.01095 0.00996 0.01243 0.01001 0.00986 0.00864 0.00835 0.00806 0.00800 0.00587 0.00483 0.00224 
207	3	0.00000 0.00150 0.00842 0.02638 0.05320 0.09371 0.15407 0.15450 0.08285 0.03999 0.03227 0.02573 0.01822 0.02672 0.03134 0.02534 0.02392 0.02938 0.02683 0.02272 0.02671 0.02149 0.01863 0.01720 0.01268 0.00775 0.00591 0.00314 0.00333 0.00248 0.00250 0.00107 
208	3	0.00001 0.00000 0.00000 0.00012 0.00294 0.00459 0.00450 0.01040 0.00905 0.00900 0.00988 0.01287 0.01534 0.01750 0.02121 0.01897 0.02363 0.03647 0.03646 0.05213 0.05907 0.06075 0.07798 0.08238 0.11135 0.11646 0.11605 0.06415 0.02280 0.00362 0.00031 0.00000 
209	3	0.00001 0.00000 0.00022 0.00289 0.01057 0.01320 0.01461 0.01953 0.02570 0.02080 0.02687 0.02758 0.03601 0.04223 0.04214 0.05622 0.04867 0.04767 0.04799 0.04395 0.04718 0.05657 0.05593 0.07084 0.06588 0.05532 0.06360 0.03866 0.01525 0.00359 0.00030 0.00004 
210	4	0.00045 0.00000 0.00191 0.00163 0.00202 0.00303 0.00558 0.00735 0.01015 0.02515 0.02272 0.03802 0.03222 0.03740 0.02911 0.02083 0.01774 0.01531 0.00910 0.00834 0.03608 0.06137 0.11482 0.07781 0.01713 0.00699 0.03899 0.24314 0.06782 0.01059 0.01770 0.01949 
211	4	0.00068 0.00000 0.00184 0.00095 0.00130 0.00276 0.00486 0.00499 0.00570 0.00910 0.00647 0.00882 0.00679 0.00965 0.01211 0.01297 0.01685 0.01847 0.01693 0.06512 0.11340 0.11254 0.08906 0.02125 0.01346 0.00834 0.15845 0.22880 0.01265 0.01293 0.01196 0.01078 
212	4	0.00007 0.00000 0.00013 0.00017 0.00027 0.00057 0.00105 0.00168 0.00284 0.00444 0.00355 0.00657 0.00697 0.01255 0.01524 0.01838 0.02270 0.02286 0.03039 0.09082 0.11017 0.08585 0.06883 0.01712 0.00968 0.01232 0.15356 0.25360 0.01070 0.01154 0.01454 0.01085 
213	4	0.00461 0.00000 0.00500 0.00338 0.00252 0.00342 0.00373 0.00247 0.00233 0.00352 0.00282 0.00424 0.00385 0.00727 0.01654 0.02530 0.06657 0.09464 0.08869 0.07545 0.06171 0.04547 0.04362 0.03763 0.04760 0.06382 0.04145 0.02705 0.02939 0.08894 0.08562 0.01135 
214	4	0.00026 0.00000 0.00073 0.00112 0.00118 0.00263 0.00427 0.00475 0.00499 0.00899 0.00738 0.01218 0.01211 0.01941 0.02284 0.02647 0.03107 0.03091 0.02827 0.03494 0.07467 0.07106 0.06749 0.04517 0.04446 0.04800 0.13874 0.17089 0.02342 0.02638 0.02855 0.00666 
215	4	0.00020 0.00000 0.00056 0.00071 0.00089 0.00218 0.00357 0.00437 0.00545 0.00795 0.01123 0.01215 0.01679 0.01879 0.02597 0.03483 0.03178 0.03840 0.03242 0.03970 0.03892 0.03553 0.06834 0.04800 0.03892 0.07452 0.11378 0.13372 0.09141 0.02518 0.03449 0.00922 
216	4	0.00026 0.00000 0.00057 0.00080 0.00090 0.00191 0.00311 0.00345 0.00355 0.00544 0.00722 0.00964 0.00827 0.01048 0.01275 0.01470 0.01488 0.01532 0.01745 0.04055 0.06234 0.04645 0.02955 0.10520 0.09613 0.11166 0.17982 0.13017 0.02094 0.01986 0.02084 0.00578 
217	4	0.00013 0.00000 0.00034 0.00042 0.00029 0.00072 0.00077 0.00083 0.00082 0.00147 0.00115 0.00175 0.00160 0.00235 0.00239 0.00252 0.00313 0.00390 0.00494 0.00673 0.01140 0.01907 0.04166 0.08017 0.16572 0.21704 0.21841 0.06731 0.05005 0.04901 0.03610 0.00782 
218	4	0.00002 0.00000 0.00003 0.00004 0.00003 0.00009 0.00035 0.00093 0.00110 0.00235 0.00337 0.00709 0.00446 0.00792 0.01087 0.01607 0.02452 0.04453 0.07679 0.11270 0.11882 0.10959 0.12967 0.15207 0.05404 0.02243 0.02973 0.03531 0.01660 0.00800 0.00810 0.00239 
219	4	0.00002 0.00000 0.00010 0.00014 0.00025 0.00095 0.00175 0.00214 0.00248 0.00497 0.00470 0.00826 0.00797 0.01388 0.01749 0.02170 0.03066 0.03481 0.04028 0.03856 0.04195 0.13004 0.26655 0.09182 0.03385 0.04289 0.03632 0.04700 0.03170 0.02317 0.01665 0.00692 
220	4	0.00038 0.00000 0.00081 0.00169 0.00187 0.00413 0.00714 0.00775 0.00731 0.01034 0.00605 0.00670 0.00391 0.00404 0.00281 0.00332 0.00685 0.01741 0.02912 0.03608 0.04215 0.03734 0.03777 0.09381 0.22037 0.09936 0.07191 0.05240 0.06530 0.06374 0.04573 0.01240 
221	4	0.00001 0.00000 0.00002 0.00004 0.00004 0.00008 0.00027 0.00037 0.00066 0.00167 0.00210 0.00518 0.00691 0.01663 0.02540 0.03128 0.03465 0.03652 0.04327 0.06301 0.14375 0.04465 0.04372 0.03522 0.02542 0.05112 0.10057 0.12936 0.07775 0.04710 0.02099 0.01222 
222	4	0.00041 0.00000 0.00097 0.00109 0.00121 0.00337 0.00528 0.00617 0.00639 0.00987 0.00760 0.01104 0.01195 0.02563 0.03027 0.03337 0.04318 0.05275 0.06130 0.06943 0.09985 0.07191 0.04258 0.03569 0.05004 0.05797 0.07159 0.07401 0.05225 0.02855 0.02054 0.01374 
223	4	0.00000 0.00012 0.00093 0.00958 0.01274 0.01767 0.01059 0.00570 0.00337 0.00436 0.00584 0.00472 0.00210 0.00282 0.01036 0.06598 0.04377 0.02991 0.01050 0.02194 0.02484 0.03645 0.05017 0.06708 0.07498 0.14578 0.07947 0.06913 0.07611 0.05457 0.04962 0.00879 
224	4	0.00031 0.00000 0.00070 0.00078 0.00070 0.00122 0.00164 0.00170 0.00167 0.00342 0.00327 0.00537 0.00546 0.00925 0.01270 0.02024 0.02886 0.03982 0.05723 0.06187 0.06097 0.06425 0.08887 0.06656 0.07435 0.07388 0.05010 0.06773 0.07975 0.05545 0.04375 0.01816 
225	4	0.00057 0.00000 0.00134 0.00192 0.00265 0.00838 0.01249 0.00617 0.00377 0.00650 0.00554 0.00821 0.00707 0.01218 0.01598 0.01927 0.02177 0.02344 0.03470 0.07428 0.32479 0.10017 0.02665 0.01911 0.01716 0.02172 0.03150 0.05064 0.05245 0.04579 0.03192 0.01183 
226	4	0.00087 0.00000 0.00082 0.00108 0.00092 0.00170 0.00292 0.00305 0.00313 0.00643 0.00602 0.00940 0.00888 0.01439 0.01739 0.02053 0.02624 0.03335 0.03961 0.04972 0.06718 0.04350 0.05338 0.03662 0.01873 0.21154 0.11637 0.13705 0.02408 0.02460 0.01289 0.00759 
227	4	0.00005 0.00000 0.00025 0.00052 0.00071 0.00190 0.00420 0.00497 0.00569 0.00946 0.00646 0.01102 0.01053 0.02111 0.03044 0.03494 0.03884 0.03604 0.03668 0.03298 0.02576 0.02064 0.06974 0.05305 0.07616 0.10746 0.09117 0.04064 0.07273 0.08861 0.04852 0.01872 
228	4	0.00052 0.00000 0.00085 0.00107 0.00109 0.00254 0.00507 0.00679 0.00873 0.02134 0.02198 0.03595 0.03020 0.03889 0.03266 0.02885 0.03146 0.03515 0.04711 0.06535 0.05688 0.03442 0.02521 0.01370 0.01451 0.05109 0.08335 0.08457 0.05301 0.01594 0.10309 0.04865 
229	4	0.00059 0.00000 0.00162 0.00097 0.00154 0.00299 0.00493 0.00625 0.00750 0.01630 0.01527 0.02825 0.02543 0.03630 0.03176 0.02852 0.03053 0.03561 0.04750 0.06425 0.09916 0.08032 0.05798 0.03875 0.03477 0.02986 0.04654 0.06246 0.03904 0.03105 0.03977 0.05421 
230	4	0.00061 0.00000 0.00122 0.00157 0.00199 0.00425 0.00662 0.00763 0.00982 0.01920 0.01714 0.02859 0.02308 0.02726 0.02012 0.01423 0.01098 0.00650 0.00481 0.02999 0.17798 0.14919 0.07651 0.01810 0.00980 0.02050 0.20630 0.06839 0.00738 0.00852 0.01005 0.01166 
231	4	0.00106 0.00000 0.00170 0.00173 0.00123 0.00246 0.00322 0.00333 0.00386 0.00782 0.00762 0.01446 0.01493 0.02400 0.02290 0.01910 0.01849 0.01577 0.01063 0.01931 0.04832 0.08650 0.06131 0.04077 0.07433 0.07150 0.18418 0.02747 0.03484 0.08385 0.07219 0.02110 
232	4	0.00031 0.00000 0.00074 0.00085 0.00070 0.00119 0.00163 0.00184 0.00204 0.00396 0.00392 0.00772 0.00820 0.01408 0.01799 0.02239 0.03107 0.04216 0.05825 0.06428 0.07007 0.08587 0.10512 0.03496 0.01129 0.01604 0.06460 0.14623 0.01778 0.01922 0.06857 0.07693 
233	4	0.00095 0.00000 0.00115 0.00102 0.00076 0.00162 0.00263 0.00303 0.00405 0.00967 0.00977 0.01737 0.01689 0.02612 0.02732 0.02605 0.02871 0.03039 0.03438 0.04042 0.06440 0.10786 0.08845 0.07041 0.05304 0.03652 0.03612 0.03843 0.03176 0.04754 0.08010 0.06305 
234	4	0.00012 0.00000 0.00032 0.00050 0.00055 0.00172 0.00389 0.00456 0.00467 0.00905 0.00908 0.02030 0.02421 0.04661 0.05948 0.05905 0.05808 0.05367 0.05230 0.04684 0.04357 0.03452 0.03494 0.03020 0.14357 0.08803 0.04726 0.04477 0.03312 0.02960 0.01246 0.00295 
235	4	0.00074 0.00000 0.00099 0.00139 0.00141 0.00348 0.00682 0.00909 0.01113 0.02125 0.01994 0.03068 0.02580 0.03465 0.03573 0.03346 0.03287 0.03112 0.02849 0.02610 0.02777 0.05440 0.15874 0.07265 0.10170 0.05086 0.04134 0.04477 0.07727 0.00864 0.00418 0.00252 
236	4	0.00045 0.00000 0.00092 0.00075 0.00089 0.00152 0.00277 0.00358 0.00460 0.00916 0.00975 0.01609 0.01318 0.01915 0.01597 0.01197 0.01443 0.02059 0.02520 0.05891 0.13736 0.12284 0.04353 0.00714 0.01150 0.15533 0.20985 0.03845 0.00904 0.01082 0.01227 0.01200 
237	4	0.00067 0.00000 0.00099 0.00096 0.00104 0.00193 0.00306 0.00321 0.00370 0.00723 0.00662 0.01082 0.00953 0.01435 0.01442 0.01414 0.01436 0.01941 0.03548 0.05394 0.08497 0.11805 0.12620 0.04449 0.01355 0.01176 0.09063 0.24988 0.01793 0.00835 0.00664 0.01166 
238	4	0.00000 0.00003 0.00003 0.00024 0.00054 0.00124 0.00262 0.00521 0.16699 0.19070 0.20356 0.04926 0.02330 0.01858 0.02072 0.01872 0.01990 0.01910 0.01878 0.01725 0.01187 0.01409 0.01035 0.01387 0.01048 0.01480 0.01837 0.02481 0.06032 0.03858 0.00561 0.00003 
239	4	0.00031 0.15036 0.17766 0.05184 0.01127 0.01065 0.01195 0.00780 0.01142 0.01372 0.00985 0.01659 0.03275 0.03584 0.07289 0.16462 0.13094 0.05692 0.00897 0.00611 0.00408 0.00317 0.00270 0.00197 0.00140 0.00154 0.00104 0.00086 0.00043 0.00021 0.00012 0.00000 
240	4	0.00000 0.00000 0.00000 0.00000 0.00001 0.00001 0.04572 0.09722 0.06945 0.05908 0.05470 0.03046 0.02588 0.02380 0.04177 0.20173 0.25903 0.04749 0.00927 0.00857 0.00579 0.00469 0.00345 0.00273 0.00228 0.00177 0.00176 0.00225 0.00087 0.00015 0.00002 0.00002 
241	4	0.00000 0.00002 0.00007 0.00020 0.00166 0.00636 0.01460 0.01635 0.01597 0.01955 0.01747 0.01797 0.01592 0.01720 0.02128 0.05668 0.10961 0.07582 0.08456 0.07905 0.08100 0.04777 0.05368 0.03285 0.03330 0.03851 0.04355 0.04277 0.03276 0.01791 0.00526 0.00031 
242	4	0.00001 0.00002 0.00016 0.00060 0.00191 0.00452 0.00670 0.01181 0.00928 0.01088 0.01257 0.01250 0.01619 0.03727 0.09409 0.07874 0.06472 0.10679 0.08526 0.06942 0.03942 0.05234 0.03161 0.03162 0.04122 0.03606 0.04800 0.04182 0.02800 0.01969 0.00631 0.00047 
243	4	0.00001 0.00003 0.00016 0.00036 0.00042 0.00102 0.00116 0.00120 0.00200 0.00139 0.10512 0.12908 0.05452 0.02980 0.07434 0.03895 0.03965 0.01659 0.01838 0.04563 0.03196 0.03816 0.03495 0.05965 0.05695 0.06937 0.06509 0.04097 0.02658 0.01127 0.00497 0.00027 
244	4	0.00000 0.00005 0.00009 0.00014 0.00025 0.00032 0.00047 0.00051 0.00048 0.00325 0.23229 0.11069 0.04332 0.03358 0.01215 0.04238 0.07070 0.03414 0.03934 0.04959 0.03430 0.04343 0.03938 0.04717 0.03813 0.03954 0.03030 0.03316 0.01407 0.00458 0.00210 0.00007 
245	4	0.00000 0.00002 0.00028 0.00126 0.00560 0.00985 0.01399 0.02148 0.02372 0.02412 0.02790 0.04665 0.07289 0.06787 0.08164 0.08330 0.04613 0.04584 0.03785 0.05009 0.03825 0.03504 0.02946 0.03756 0.02875 0.03205 0.03226 0.03999 0.03355 0.02890 0.00365 0.00008 
246	4	0.00000 0.00000 0.00010 0.00074 0.00719 0.01549 0.03022 0.03107 0.03560 0.02925 0.02528 0.02751 0.03100 0.08981 0.08737 0.10991 0.07155 0.05381 0.04036 0.03226 0.01820 0.01955 0.02472 0.03820 0.03877 0.03640 0.03804 0.03502 0.02149 0.00995 0.00106 0.00007 
247	4	0.00001 0.00000 0.00007 0.00025 0.00055 0.00351 0.00652 0.01072 0.00784 0.01392 0.01729 0.02098 0.03801 0.03520 0.07353 0.06059 0.10431 0.10861 0.11412 0.08715 0.08811 0.04673 0.02195 0.01477 0.01660 0.01661 0.02623 0.02566 0.02942 0.01019 0.00051 0.00002 
248	4	0.00000 0.00001 0.00006 0.00013 0.00045 0.00113 0.00184 0.00597 0.01103 0.01807 0.03507 0.03740 0.04862 0.04358 0.03792 0.08557 0.08495 0.09197 0.03241 0.01443 0.01407 0.01696 0.01609 0.02297 0.03909 0.05636 0.08248 0.09184 0.08342 0.02455 0.00151 0.00003 
249	4	0.00001 0.00005 0.00020 0.00112 0.00204 0.00371 0.00677 0.00748 0.03227 0.19995 0.17103 0.07661 0.01638 0.01973 0.02396 0.02182 0.04922 0.09506 0.07335 0.03787 0.02302 0.02608 0.02118 0.01982 0.01555 0.01045 0.01168 0.01687 0.01275 0.00363 0.00030 0.00002 
250	4	0.00000 0.00005 0.00022 0.00060 0.00121 0.00431 0.01147 0.03753 0.06368 0.05660 0.04205 0.03672 0.02670 0.02894 0.03224 0.04246 0.02115 0.01205 0.00926 0.00559 0.00556 0.00445 0.00504 0.00577 0.04112 0.34750 0.01967 0.02445 0.05592 0.02965 0.01916 0.00884 
251	4	0.00000 0.00000 0.00002 0.00002 0.00029 0.00044 0.00230 0.01280 0.03511 0.03776 0.03882 0.02504 0.02449 0.03322 0.03194 0.02623 0.03843 0.03143 0.03061 0.02729 0.06446 0.14645 0.08274 0.11196 0.11263 0.02448 0.02182 0.02008 0.01328 0.00521 0.00058 0.00003 
252	4	0.00000 0.00005 0.00008 0.00263 0.00703 0.03568 0.06350 0.02929 0.00717 0.00177 0.00091 0.00062 0.00064 0.00072 0.00059 0.00083 0.00134 0.00452 0.23306 0.11869 0.02110 0.02073 0.04691 0.07122 0.07635 0.06304 0.05697 0.05839 0.06532 0.00985 0.00089 0.00011 
253	4	0.00001 0.00001 0.00006 0.00022 0.00032 0.00047 0.00065 0.00198 0.00351 0.14713 0.23993 0.03662 0.01050 0.01326 0.01059 0.01638 0.02253 0.04399 0.07360 0.05499 0.05793 0.04996 0.04547 0.05079 0.04981 0.03687 0.02417 0.00535 0.00221 0.00060 0.00008 0.00000 
254	4	0.00001 0.00004 0.00005 0.00046 0.00832 0.02375 0.01379 0.00333 0.00057 0.00041 0.00022 0.00032 0.00080 0.00155 0.00238 0.00472 0.00552 0.00850 0.22622 0.18525 0.03396 0.05982 0.04390 0.04209 0.07444 0.06345 0.06305 0.07001 0.04811 0.01310 0.00180 0.00006 
255	4	0.00000 0.00000 0.00000 0.00000 0.00000 0.00002 0.00011 0.00036 0.01945 0.04282 0.06795 0.01675 0.00194 0.00061 0.00108 0.00137 0.00251 0.00350 0.00570 0.05443 0.31583 0.04631 0.02981 0.03158 0.05943 0.07468 0.07771 0.06406 0.06693 0.01330 0.00168 0.00003 
256	4	0.00000 0.00001 0.00001 0.00006 0.00012 0.00014 0.00032 0.00108 0.00113 0.00622 0.19470 0.21572 0.03662 0.01137 0.01460 0.01098 0.01981 0.03135 0.03840 0.06534 0.04530 0.04951 0.05765 0.04524 0.04595 0.04500 0.04427 0.01290 0.00460 0.00133 0.00020 0.00006 
257	4	0.00000 0.00002 0.00004 0.00018 0.00064 0.00151 0.00415 0.02738 0.04272 0.05761 0.04315 0.04735 0.02517 0.03504 0.02076 0.03272 0.03857 0.02377 0.02853 0.04018 0.05945 0.07836 0.12722 0.07054 0.02924 0.02469 0.02392 0.04384 0.03992 0.02780 0.00547 0.00004 
258	4	0.00001 0.00000 0.00003 0.00000 0.00025 0.00070 0.00385 0.00609 0.01708 0.01148 0.01650 0.02228 0.01913 0.01875 0.03347 0.03884 0.04391 0.03912 0.04222 0.02879 0.21694 0.09953 0.10595 0.07621 0.05476 0.02454 0.03041 0.02258 0.01920 0.00630 0.00107 0.00002 
259	4	0.00000 0.00001 0.00004 0.00009 0.00068 0.00173 0.00856 0.01547 0.02253 0.01615 0.01907 0.01493 0.02349 0.02325 0.03347 0.02540 0.03167 0.03049 0.03355 0.03470 0.09909 0.14876 0.10255 0.11623 0.07192 0.02325 0.02217 0.02804 0.02813 0.01855 0.00569 0.00031 
260	4	0.00001 0.00002 0.00007 0.00005 0.00033 0.00067 0.00370 0.00662 0.01589 0.01276 0.01399 0.01252 0.01453 0.02039 0.02071 0.02662 0.03532 0.03101 0.03363 0.03331 0.06380 0.15690 0.08727 0.16860 0.10158 0.02757 0.01950 0.02778 0.02995 0.02447 0.00987 0.00054 
261	4	0.00000 0.00002 0.00036 0.00638 0.02957 0.02444 0.06022 0.04816 0.04018 0.02622 0.02365 0.01939 0.01708 0.01819 0.01654 0.01571 0.01625 0.01843 0.01692 0.02732 0.03524 0.34338 0.05849 0.01363 0.01603 0.01716 0.01467 0.02043 0.01769 0.01899 0.01676 0.00247 
262	4	0.00002 0.00006 0.00146 0.00379 0.00995 0.02243 0.02214 0.02787 0.01475 0.02012 0.02147 0.01507 0.02342 0.02887 0.02939 0.04424 0.04363 0.03927 0.03637 0.04978 0.03630 0.06590 0.13182 0.19737 0.04712 0.01295 0.01650 0.01619 0.01065 0.00684 0.00339 0.00084 
263	4	0.00000 0.00000 0.00008 0.00053 0.00235 0.00569 0.01707 0.02196 0.03269 0.02872 0.02854 0.04457 0.04116 0.05102 0.05384 0.03461 0.03844 0.03190 0.02941 0.02540 0.02232 0.03050 0.06246 0.14183 0.21588 0.01094 0.00861 0.00798 0.00552 0.00318 0.00210 0.00071 
264	4	0.00001 0.00005 0.00021 0.00049 0.00269 0.00472 0.00821 0.00995 0.00450 0.00080 0.00031 0.00030 0.00028 0.00061 0.00081 0.00137 0.00200 0.00295 0.12157 0.31923 0.08380 0.01759 0.04696 0.05642 0.09425 0.05103 0.05617 0.04935 0.04584 0.01550 0.00200 0.00005 
265	4	0.00001 0.00001 0.00001 0.00005 0.00016 0.00035 0.00042 0.00139 0.00207 0.06571 0.18476 0.21229 0.03193 0.01206 0.00847 0.01349 0.02315 0.03666 0.05705 0.05628 0.03827 0.03419 0.04185 0.04640 0.04887 0.03405 0.03110 0.01507 0.00283 0.00064 0.00035 0.00007 
266	4	0.00000 0.00000 0.00000 0.00002 0.00005 0.00009 0.00019 0.00025 0.00061 0.00107 0.00139 0.03984 0.29524 0.14467 0.01070 0.00762 0.00854 0.01256 0.01946 0.08837 0.08967 0.05891 0.03867 0.04097 0.03339 0.04503 0.03372 0.02317 0.00437 0.00094 0.00040 0.00006 
267	4	0.00002 0.00003 0.00003 0.00015 0.00020 0.00030 0.00092 0.00128 0.00163 0.01812 0.22380 0.17343 0.03283 0.01112 0.00760 0.01434 0.02717 0.04227 0.05753 0.08096 0.02948 0.04334 0.03956 0.03283 0.04791 0.04374 0.02937 0.02580 0.01102 0.00206 0.00081 0.00032 
268	4	0.00000 0.00000 0.00001 0.00005 0.00015 0.00021 0.00100 0.00209 0.00587 0.01698 0.02750 0.07361 0.08446 0.08041 0.04602 0.03170 0.02808 0.03676 0.03816 0.04030 0.03479 0.06667 0.09350 0.07516 0.05815 0.03079 0.02287 0.04098 0.03451 0.02411 0.00494 0.00016 
269	4	0.00000 0.00001 0.00006 0.00013 0.00037 0.00111 0.00224 0.00901 0.01345 0.03572 0.09629 0.08682 0.08743 0.04098 0.03005 0.02627 0.03380 0.04453 0.04090 0.04812 0.05572 0.07783 0.07028 0.05042 0.02659 0.02210 0.02457 0.03394 0.02437 0.01377 0.00299 0.00010 
270	4	0.00000 0.00000 0.00005 0.00023 0.00279 0.00906 0.02379 0.02007 0.02581 0.02492 0.02963 0.03058 0.03054 0.03279 0.04686 0.05530 0.05485 0.06610 0.06565 0.07164 0.03161 0.04040 0.02980 0.04045 0.06571 0.05975 0.04026 0.04301 0.02928 0.02467 0.00416 0.00021 
271	4	0.00001 0.00008 0.00057 0.00334 0.01250 0.01320 0.01944 0.02272 0.01815 0.02690 0.02166 0.03170 0.02382 0.03992 0.04732 0.05239 0.06569 0.04813 0.08604 0.06020 0.04445 0.03372 0.03324 0.03605 0.06393 0.04834 0.04174 0.04340 0.03198 0.02510 0.00390 0.00038 
272	4	0.00001 0.00005 0.00059 0.00481 0.00858 0.01577 0.01685 0.01611 0.02153 0.02002 0.02088 0.01533 0.05523 0.07746 0.06577 0.08098 0.10239 0.09958 0.05016 0.02828 0.03232 0.02817 0.03070 0.03672 0.03649 0.04179 0.03778 0.02969 0.01973 0.00562 0.00056 0.00004 
273	4	0.00000 0.00000 0.00000 0.00011 0.00049 0.00255 0.01165 0.02390 0.02204 0.02508 0.02737 0.02371 0.02337 0.02322 0.05897 0.08343 0.06853 0.06378 0.06144 0.08457 0.06509 0.03578 0.02877 0.02645 0.05392 0.05156 0.04431 0.03947 0.02574 0.01945 0.00509 0.00013 
274	4	0.00001 0.00002 0.00003 0.00011 0.00029 0.00122 0.08706 0.11610 0.14800 0.08943 0.04167 0.02724 0.02067 0.01905 0.02184 0.02148 0.02770 0.02899 0.03595 0.03048 0.09017 0.05856 0.01765 0.01603 0.01254 0.01185 0.01523 0.01383 0.02065 0.01837 0.00747 0.00028 
275	4	0.00000 0.00000 0.00002 0.00004 0.00005 0.00010 0.00068 0.00187 0.01172 0.02601 0.05165 0.04139 0.02464 0.01907 0.01074 0.00915 0.01172 0.01953 0.02425 0.02812 0.03418 0.03658 0.10316 0.13494 0.20438 0.03094 0.03112 0.03105 0.04857 0.05461 0.00937 0.00035 
276	4	0.00002 0.00000 0.00000 0.00004 0.00033 0.00078 0.00330 0.00695 0.00808 0.00295 0.00339 0.00578 0.00833 0.00924 0.00632 0.00779 0.00720 0.00675 0.00884 0.00888 0.00956 0.00884 0.01036 0.02775 0.07076 0.36195 0.22839 0.12817 0.04880 0.01034 0.00012 0.00001 
277	4	0.00001 0.00000 0.00000 0.00002 0.00002 0.00005 0.00019 0.00020 0.00278 0.03714 0.05675 0.00910 0.00344 0.00515 0.00801 0.01554 0.01827 0.03010 0.03610 0.03833 0.13727 0.17067 0.10333 0.07312 0.03410 0.03249 0.04061 0.06593 0.06347 0.01663 0.00113 0.00003 
278	4	0.00001 0.00002 0.00005 0.00006 0.00023 0.00031 0.00634 0.10121 0.03042 0.00430 0.00320 0.00577 0.01060 0.01463 0.02010 0.02063 0.03702 0.03579 0.09200 0.14882 0.11681 0.06045 0.03044 0.02872 0.03000 0.03729 0.04987 0.05896 0.04577 0.00980 0.00036 0.00001 
279	4	0.00002 0.00000 0.00000 0.00008 0.00022 0.00057 0.00172 0.00641 0.06031 0.22107 0.07915 0.00702 0.00304 0.00290 0.00289 0.00481 0.00722 0.00709 0.01565 0.10527 0.18257 0.08089 0.07195 0.02579 0.02686 0.02385 0.02400 0.01995 0.01162 0.00602 0.00102 0.00002 
280	5	0.00003 0.00005 0.00034 0.00032 0.00082 0.00142 0.00480 0.00723 0.01291 0.01458 0.02553 0.02940 0.03000 0.03370 0.02990 0.02428 0.02186 0.02173 0.02289 0.03411 0.03103 0.04067 0.04047 0.07904 0.08683 0.10432 0.08319 0.09871 0.04859 0.04768 0.01041 0.01314 
281	5	0.00020 0.00177 0.00723 0.01572 0.02009 0.03154 0.05700 0.06654 0.05967 0.07117 0.05492 0.06089 0.03914 0.03823 0.03373 0.03346 0.03037 0.03318 0.03083 0.03641 0.04452 0.03709 0.02832 0.02565 0.01912 0.02100 0.02356 0.01992 0.02239 0.02431 0.01090 0.00113 
282	5	0.00002 0.00004 0.00007 0.00045 0.00211 0.00324 0.00680 0.01196 0.01434 0.01897 0.02319 0.04167 0.03685 0.06909 0.05838 0.05102 0.05224 0.04949 0.03879 0.03293 0.03526 0.03851 0.03209 0.04732 0.05225 0.04870 0.04247 0.04838 0.04682 0.04554 0.04872 0.00231 
283	5	0.00000 0.00002 0.00038 0.00339 0.00641 0.00434 0.00416 0.00660 0.00491 0.00653 0.00456 0.00784 0.01093 0.01780 0.01698 0.03231 0.03700 0.02820 0.03977 0.04277 0.04552 0.04798 0.06721 0.08704 0.10606 0.07310 0.09683 0.09571 0.07535 0.02607 0.00410 0.00010 
284	5	0.00001 0.00018 0.00185 0.00660 0.00741 0.00725 0.00699 0.01045 0.00971 0.01649 0.02206 0.01461 0.01717 0.01893 0.02169 0.02493 0.02819 0.02742 0.03287 0.03750 0.04900 0.04996 0.05582 0.06262 0.06406 0.07580 0.09322 0.08112 0.08710 0.05655 0.01209 0.00036 
285	5	0.00000 0.00009 0.00097 0.00340 0.00583 0.01204 0.01000 0.00755 0.00809 0.00840 0.01215 0.00742 0.01088 0.01226 0.01286 0.01103 0.01147 0.01156 0.00942 0.01733 0.06365 0.11802 0.06795 0.06730 0.04661 0.05120 0.06045 0.08432 0.11613 0.12817 0.02340 0.00005 
286	5	0.00002 0.00020 0.00082 0.00425 0.00903 0.02454 0.03883 0.05256 0.06046 0.06738 0.05777 0.05210 0.04344 0.04205 0.03282 0.01995 0.02035 0.01610 0.01175 0.01145 0.01172 0.00812 0.00910 0.01002 0.01047 0.01454 0.02909 0.03980 0.09790 0.12295 0.07625 0.00416 
287	5	0.00005 0.00012 0.00036 0.00104 0.00170 0.00372 0.00680 0.00987 0.01371 0.02018 0.02390 0.03824 0.04728 0.04490 0.05040 0.04057 0.04902 0.05699 0.05426 0.06410 0.06849 0.05416 0.05333 0.05559 0.04302 0.04535 0.03519 0.03072 0.03493 0.02336 0.02292 0.00572 
288	5	0.00015 0.00000 0.00023 0.00028 0.00037 0.00085 0.00164 0.00224 0.00291 0.00575 0.00550 0.00963 0.00947 0.01598 0.01998 0.02360 0.03235 0.04557 0.05442 0.05586 0.06505 0.07742 0.09738 0.09327 0.10409 0.08582 0.05800 0.05530 0.03285 0.02563 0.01573 0.00268 
289	5	0.00004 0.00008 0.00049 0.00051 0.00100 0.00144 0.00256 0.00387 0.00794 0.00405 0.00429 0.00301 0.00277 0.00300 0.00246 0.00394 0.00837 0.01422 0.01897 0.02725 0.05800 0.06575 0.04545 0.07100 0.06558 0.09640 0.10668 0.10600 0.16743 0.07409 0.02176 0.01159 
290	5	0.00003 0.00008 0.00042 0.00028 0.00100 0.00113 0.00362 0.00380 0.00720 0.00379 0.00440 0.00371 0.00262 0.00228 0.00252 0.00370 0.00887 0.01724 0.02113 0.04832 0.04566 0.06707 0.05406 0.07642 0.07192 0.10191 0.09653 0.16006 0.11655 0.05062 0.01373 0.00930 
291	5	0.00015 0.00099 0.00140 0.00216 0.00286 0.00493 0.00832 0.01367 0.01130 0.01696 0.03826 0.05232 0.06091 0.06232 0.06591 0.04670 0.07443 0.05096 0.04701 0.05384 0.04643 0.05472 0.04612 0.05273 0.04368 0.03685 0.03504 0.02531 0.01969 0.01512 0.00788 0.00102 
292	5	0.00000 0.00005 0.00010 0.00040 0.00084 0.00177 0.00332 0.00537 0.00609 0.01021 0.01633 0.01514 0.01387 0.01368 0.01625 0.01808 0.02066 0.02215 0.02475 0.03177 0.03538 0.03634 0.03922 0.03697 0.05325 0.07214 0.08354 0.11703 0.11457 0.08802 0.07154 0.03117 
293	5	0.00007 0.00072 0.00097 0.00344 0.00437 0.00445 0.00844 0.01548 0.01113 0.01628 0.02601 0.05643 0.09605 0.09067 0.07481 0.04833 0.05640 0.04120 0.04719 0.06257 0.03427 0.03292 0.05842 0.03597 0.03319 0.04116 0.03016 0.02227 0.02609 0.01290 0.00709 0.00054 
294	5	0.00000 0.00019 0.00095 0.00098 0.00160 0.00112 0.01077 0.02270 0.01189 0.03903 0.03493 0.04989 0.06690 0.03713 0.05205 0.05211 0.04402 0.05724 0.05340 0.06000 0.06329 0.04311 0.05750 0.03672 0.05521 0.04382 0.02742 0.03784 0.01998 0.01421 0.00395 0.00004 
295	5	0.00005 0.00022 0.00112 0.00146 0.00272 0.00442 0.00670 0.01291 0.01391 0.02682 0.04021 0.03770 0.05754 0.05259 0.06568 0.07480 0.07359 0.05581 0.07450 0.06230 0.05191 0.04920 0.03768 0.03412 0.03155 0.03675 0.03005 0.02756 0.02135 0.00890 0.00534 0.00053 
296	5	0.00002 0.00000 0.00006 0.00007 0.00006 0.00028 0.00059 0.00092 0.00142 0.00320 0.00313 0.00562 0.00579 0.00983 0.01188 0.01266 0.01606 0.02047 0.03228 0.04939 0.07865 0.09459 0.13218 0.11548 0.09432 0.07929 0.05953 0.05630 0.04158 0.03402 0.02795 0.01238 
297	5	0.00003 0.00012 0.00093 0.00170 0.00210 0.00478 0.00671 0.00755 0.00842 0.00736 0.00527 0.00882 0.01003 0.01027 0.02003 0.02104 0.02575 0.03605 0.03172 0.04684 0.08506 0.08321 0.08257 0.09734 0.09457 0.10287 0.09995 0.04151 0.02792 0.02057 0.00761 0.00129 
298	5	0.00002 0.00020 0.00047 0.00123 0.00376 0.00750 0.01038 0.00949 0.01495 0.01785 0.02531 0.02805 0.04858 0.04062 0.05320 0.06543 0.06677 0.03978 0.05559 0.06011 0.06327 0.05623 0.05440 0.03797 0.04602 0.04255 0.04789 0.03820 0.02639 0.02327 0.01224 0.00228 
299	5	0.00000 0.00000 0.00004 0.00020 0.00193 0.00347 0.00403 0.00386 0.00681 0.00647 0.01382 0.01410 0.02100 0.01706 0.02340 0.01722 0.02440 0.02385 0.02855 0.03973 0.05204 0.06189 0.06677 0.08532 0.09957 0.10507 0.10531 0.08701 0.05960 0.02450 0.00290 0.00008 
300	5	0.00000 0.00000 0.00003 0.00018 0.00049 0.00135 0.00389 0.00584 0.01100 0.01525 0.02572 0.02794 0.02234 0.02965 0.02881 0.03309 0.03488 0.03056 0.04558 0.04096 0.05760 0.05752 0.06177 0.07521 0.08557 0.07913 0.07627 0.06313 0.05167 0.03048 0.00389 0.00018 
301	5	0.00000 0.00000 0.00007 0.00027 0.00023 0.00136 0.00313 0.00435 0.00494 0.00716 0.01117 0.02081 0.02504 0.03962 0.05616 0.06869 0.06419 0.06140 0.05234 0.04906 0.03821 0.04187 0.03492 0.03746 0.03602 0.04120 0.05457 0.04881 0.04912 0.05340 0.06871 0.02569 
302	5	0.00003 0.00000 0.00097 0.00090 0.00127 0.00146 0.00230 0.00209 0.00556 0.00867 0.01048 0.00992 0.00982 0.00940 0.01145 0.02075 0.03050 0.04022 0.04223 0.04880 0.06956 0.05775 0.07742 0.07475 0.06946 0.06393 0.07720 0.07655 0.08150 0.05456 0.03739 0.00308 
303	5	0.00001 0.00005 0.00013 0.00034 0.00044 0.00065 0.00082 0.00123 0.00173 0.00257 0.00428 0.00602 0.01207 0.02035 0.02254 0.05558 0.05293 0.07677 0.07647 0.07577 0.05431 0.06376 0.04724 0.06464 0.04648 0.04847 0.05722 0.08059 0.04568 0.04022 0.03839 0.00224 
304	5	0.00042 0.00000 0.00000 0.00118 0.00200 0.00212 0.00254 0.00507 0.00961 0.01199 0.01250 0.01290 0.01558 0.01797 0.01873 0.01989 0.02700 0.06053 0.08246 0.07908 0.05797 0.06140 0.05835 0.05092 0.04686 0.05982 0.05201 0.05717 0.05485 0.06695 0.04861 0.00349 
305	5	0.00000 0.00000 0.00000 0.00000 0.00004 0.00012 0.00022 0.00075 0.00157 0.00357 0.00815 0.01226 0.01712 0.02746 0.04808 0.06845 0.08764 0.12788 0.12658 0.11089 0.09175 0.06047 0.02613 0.02191 0.01846 0.02471 0.02405 0.02573 0.02655 0.02756 0.01130 0.00061 
306	5	0.00001 0.00001 0.00006 0.00030 0.00133 0.00477 0.01362 0.03030 0.05595 0.05887 0.06482 0.05397 0.04542 0.03977 0.04675 0.03792 0.04586 0.04324 0.04321 0.03974 0.04127 0.03638 0.04028 0.02916 0.02958 0.02654 0.02707 0.03339 0.04908 0.02530 0.02070 0.01530 
307	5	0.00001 0.00000 0.00004 0.00004 0.00004 0.00026 0.00058 0.00126 0.00217 0.00709 0.01054 0.02168 0.02066 0.03113 0.03344 0.03525 0.04164 0.05081 0.06243 0.06834 0.07929 0.08350 0.09834 0.08081 0.06944 0.05210 0.03429 0.02872 0.02096 0.02014 0.02487 0.02013 
308	5	0.00001 0.00001 0.00013 0.00068 0.00297 0.01518 0.03192 0.03927 0.04973 0.05561 0.04219 0.05630 0.04661 0.05397 0.04862 0.04575 0.05481 0.05339 0.04693 0.05690 0.05362 0.04277 0.04519 0.03946 0.02582 0.02455 0.01862 0.01309 0.01320 0.01030 0.00769 0.00471 
309	5	0.00001 0.00000 0.00002 0.00013 0.00018 0.00079 0.00286 0.00571 0.00990 0.03065 0.03726 0.06501 0.05803 0.07831 0.07383 0.06700 0.07135 0.07251 0.07210 0.06337 0.05803 0.04675 0.04203 0.02684 0.02044 0.01799 0.01637 0.01887 0.01799 0.01386 0.00880 0.00298 
310	5	0.00001 0.00001 0.00008 0.00022 0.00034 0.00132 0.00320 0.00927 0.01457 0.02762 0.03478 0.04405 0.04008 0.04095 0.03322 0.04779 0.04184 0.04052 0.05586 0.05115 0.06307 0.05707 0.06952 0.06141 0.05594 0.05752 0.04453 0.04153 0.03311 0.01825 0.01003 0.00111 
311	5	0.00000 0.00000 0.00000 0.00001 0.00006 0.00021 0.00051 0.00128 0.00290 0.00754 0.01397 0.02403 0.03001 0.03946 0.03767 0.05272 0.04586 0.04544 0.05959 0.05784 0.07606 0.06669 0.08303 0.07162 0.06362 0.06520 0.04474 0.04152 0.03171 0.01823 0.01530 0.00316 
312	5	0.00000 0.00000 0.00001 0.00002 0.00006 0.00020 0.00036 0.00142 0.00363 0.01047 0.01877 0.02857 0.03120 0.03692 0.03194 0.05074 0.04842 0.05202 0.07145 0.07045 0.08928 0.08094 0.09492 0.06741 0.04787 0.03687 0.02443 0.02137 0.01959 0.01635 0.02524 0.01906 
313	5	0.00001 0.00000 0.00007 0.00008 0.00026 0.00123 0.00247 0.00558 0.01165 0.01807 0.02060 0.02710 0.02785 0.03340 0.03423 0.04119 0.04402 0.05121 0.05134 0.05252 0.06658 0.04922 0.04842 0.05478 0.04590 0.05251 0.05524 0.05142 0.04399 0.04189 0.03749 0.02968 
314	5	0.00002 0.00000 0.00010 0.00015 0.00020 0.00043 0.00082 0.00066 0.00114 0.00157 0.00216 0.00400 0.00681 0.00950 0.01155 0.01590 0.01704 0.02155 0.02728 0.05967 0.21202 0.17742 0.22202 0.09892 0.02799 0.01523 0.01185 0.01035 0.00919 0.00666 0.00723 0.02053 
315	5	0.00001 0.00000 0.00002 0.00003 0.00010 0.00052 0.00099 0.00246 0.00600 0.01069 0.01612 0.02466 0.02725 0.03574 0.03988 0.05099 0.05712 0.07024 0.07366 0.07470 0.09857 0.07740 0.07026 0.05937 0.03399 0.02935 0.02710 0.02696 0.02785 0.02908 0.02310 0.00582 
316	5	0.00005 0.00000 0.00018 0.00022 0.00017 0.00052 0.00082 0.00119 0.00153 0.00360 0.00357 0.00740 0.00842 0.01448 0.01914 0.02527 0.03843 0.05587 0.07821 0.09193 0.10715 0.10489 0.11171 0.08346 0.06561 0.04805 0.03113 0.02560 0.01791 0.01502 0.01727 0.02121 
317	5	0.00000 0.00005 0.00036 0.00154 0.00591 0.01245 0.02649 0.03847 0.04727 0.05747 0.05754 0.07138 0.06972 0.06235 0.06105 0.05562 0.05186 0.03872 0.03557 0.02954 0.02663 0.02034 0.01417 0.01185 0.01297 0.01462 0.02272 0.03219 0.04663 0.04520 0.02685 0.00245 
318	5	0.00002 0.00000 0.00012 0.00010 0.00013 0.00029 0.00067 0.00108 0.00128 0.00323 0.00349 0.00693 0.00706 0.01304 0.01533 0.01893 0.02632 0.03693 0.04948 0.06202 0.08051 0.09072 0.10653 0.08974 0.08574 0.07836 0.06375 0.05863 0.03835 0.02573 0.02017 0.01529 
319	5	0.00001 0.00002 0.00012 0.00039 0.00079 0.00265 0.00537 0.01240 0.02026 0.04278 0.05603 0.07028 0.06168 0.05747 0.03837 0.04985 0.03951 0.03773 0.04759 0.04081 0.04623 0.03772 0.04434 0.03619 0.03495 0.04185 0.04057 0.04475 0.03742 0.02524 0.01763 0.00897 
320	5	0.00000 0.00001 0.00002 0.00010 0.00030 0.00084 0.00223 0.00746 0.01299 0.02498 0.03452 0.05610 0.06737 0.08253 0.06245 0.08072 0.06117 0.05249 0.05393 0.04065 0.04543 0.03829 0.04470 0.03525 0.02915 0.02962 0.02465 0.02750 0.02876 0.01944 0.02264 0.01371 
321	5	0.00003 0.00010 0.00015 0.00046 0.00047 0.00073 0.00149 0.00217 0.00380 0.00471 0.00479 0.01281 0.02275 0.04358 0.09519 0.11167 0.12848 0.14012 0.11562 0.13474 0.09962 0.02566 0.01084 0.00867 0.01142 0.00862 0.00457 0.00360 0.00170 0.00097 0.00042 0.00002 
322	5	0.00001 0.00001 0.00003 0.00005 0.00006 0.00025 0.00056 0.00095 0.00145 0.00330 0.00436 0.00725 0.00920 0.01885 0.02732 0.04154 0.05292 0.05291 0.07464 0.07687 0.10154 0.12425 0.16025 0.11695 0.09825 0.01034 0.00602 0.00544 0.00298 0.00107 0.00037 0.00002 
323	5	0.00002 0.00006 0.00052 0.00079 0.00350 0.00741 0.01527 0.02280 0.03169 0.05099 0.05339 0.08806 0.09007 0.10968 0.09468 0.07994 0.07129 0.05057 0.03425 0.02444 0.01944 0.01625 0.01465 0.01467 0.01605 0.01517 0.01079 0.00952 0.01331 0.02195 0.01393 0.00485 
324	5	0.00003 0.00003 0.00031 0.00217 0.00402 0.00805 0.01126 0.01442 0.01924 0.03438 0.06176 0.06262 0.06945 0.10489 0.08752 0.08127 0.08143 0.06985 0.04865 0.03325 0.02832 0.01737 0.01402 0.01192 0.02050 0.02544 0.03579 0.02375 0.01545 0.00851 0.00412 0.00020 
325	5	0.00043 0.00000 0.00103 0.00100 0.00087 0.00183 0.00520 0.00877 0.01322 0.02312 0.03880 0.05011 0.06537 0.07195 0.08109 0.08421 0.06511 0.06952 0.05895 0.05027 0.03274 0.02719 0.01972 0.01677 0.01673 0.01806 0.01677 0.02108 0.03345 0.05254 0.03908 0.01503 
326	5	0.00000 0.00010 0.00020 0.00082 0.00196 0.00365 0.00911 0.01929 0.02928 0.03945 0.08091 0.09828 0.07574 0.09557 0.09873 0.07340 0.05037 0.04605 0.04562 0.03911 0.04157 0.03261 0.02054 0.01388 0.01049 0.00977 0.01075 0.01005 0.01321 0.01082 0.00836 0.01032 
327	5	0.00000 0.00000 0.00005 0.00066 0.00330 0.00983 0.02187 0.02606 0.04354 0.04007 0.07852 0.06518 0.06832 0.06300 0.04769 0.03321 0.02360 0.02362 0.01739 0.02648 0.02111 0.02168 0.01898 0.02051 0.02473 0.02724 0.04264 0.06065 0.06926 0.05627 0.03399 0.01052 
328	5	0.00000 0.00000 0.00001 0.00024 0.00158 0.01140 0.03090 0.03941 0.06030 0.06750 0.06677 0.05507 0.05432 0.04049 0.03191 0.02571 0.02806 0.02219 0.01787 0.01954 0.02017 0.01566 0.01647 0.01859 0.01486 0.01721 0.01662 0.02091 0.02993 0.06283 0.18345 0.00999 
329	5	0.00006 0.00000 0.00011 0.00012 0.00018 0.00042 0.00091 0.00121 0.00190 0.00428 0.00570 0.01359 0.01943 0.04546 0.07217 0.07742 0.08558 0.10183 0.10542 0.09004 0.07671 0.04752 0.03982 0.02915 0.02984 0.03928 0.02483 0.01794 0.01360 0.02117 0.02990 0.00440 
330	5	0.00001 0.00001 0.00006 0.00007 0.00022 0.00105 0.00228 0.00320 0.00833 0.01232 0.01179 0.01369 0.01615 0.01168 0.02013 0.01426 0.02498 0.02589 0.02227 0.03310 0.04054 0.03614 0.03972 0.05612 0.04681 0.07791 0.09087 0.07776 0.10642 0.11366 0.07755 0.01500 
331	5	0.00000 0.00000 0.00002 0.00015 0.00028 0.00058 0.00063 0.00094 0.00127 0.00149 0.00225 0.00327 0.00448 0.00683 0.00892 0.00992 0.01094 0.00970 0.00956 0.01143 0.01398 0.01408 0.02030 0.02593 0.03395 0.05392 0.09057 0.12910 0.16776 0.17092 0.16361 0.03321 
332	5	0.00001 0.00002 0.00005 0.00014 0.00025 0.00033 0.00061 0.00084 0.00159 0.00191 0.00369 0.00535 0.00692 0.00850 0.01162 0.00842 0.01340 0.01615 0.01937 0.01656 0.02454 0.03320 0.04168 0.05390 0.08283 0.11417 0.12789 0.12777 0.11919 0.08620 0.06623 0.00667 
333	5	0.00002 0.00000 0.00002 0.00007 0.00011 0.00032 0.00080 0.00071 0.00224 0.00326 0.00647 0.01005 0.01382 0.02480 0.02686 0.04461 0.05364 0.07063 0.08010 0.09255 0.08476 0.07426 0.05597 0.05307 0.03637 0.03647 0.04749 0.05218 0.05160 0.05081 0.02470 0.00121 
334	5	0.00001 0.00002 0.00028 0.00053 0.00212 0.00700 0.01115 0.01606 0.01803 0.02369 0.02240 0.02677 0.02945 0.02640 0.03690 0.03489 0.04500 0.05442 0.04858 0.03951 0.03845 0.03712 0.03360 0.03207 0.04132 0.05659 0.05620 0.06731 0.07003 0.07778 0.04516 0.00112 
335	5	0.00002 0.00005 0.00017 0.00040 0.00068 0.00165 0.00230 0.00315 0.00585 0.00780 0.01188 0.01724 0.01426 0.02683 0.02384 0.03739 0.05468 0.04852 0.07154 0.04912 0.05344 0.04880 0.03510 0.03620 0.04844 0.04881 0.06532 0.06133 0.07797 0.08815 0.05502 0.00405 
336	5	0.00000 0.00000 0.00000 0.00001 0.00000 0.00003 0.00010 0.00021 0.00036 0.00141 0.00205 0.00569 0.00830 0.01787 0.02344 0.02668 0.03393 0.04074 0.05205 0.05947 0.07863 0.08971 0.09876 0.08248 0.06747 0.05292 0.04655 0.06033 0.04580 0.04488 0.05272 0.00740 
337	5	0.00000 0.00007 0.00025 0.00056 0.00186 0.00366 0.00864 0.01169 0.01663 0.01792 0.01820 0.02264 0.02327 0.02411 0.03427 0.03239 0.03973 0.04915 0.06112 0.06702 0.09666 0.10191 0.08130 0.03699 0.01374 0.00621 0.00404 0.00270 0.00310 0.01899 0.20080 0.00038 
338	5	0.00001 0.00009 0.00017 0.00027 0.00054 0.00121 0.00378 0.00678 0.01031 0.01944 0.03158 0.02826 0.03726 0.04635 0.05084 0.06539 0.07429 0.08085 0.05662 0.04357 0.04557 0.05310 0.05761 0.03865 0.02714 0.04523 0.07766 0.06258 0.02847 0.00514 0.00118 0.00004 
339	5	0.00001 0.00000 0.00001 0.00007 0.00015 0.00040 0.00155 0.00320 0.00575 0.01355 0.01900 0.01944 0.02477 0.02657 0.03054 0.03781 0.03819 0.05783 0.06678 0.08837 0.07130 0.06852 0.06667 0.06383 0.06824 0.05000 0.04743 0.04877 0.04716 0.02690 0.00580 0.00141 
340	5	0.00017 0.00000 0.00008 0.00008 0.00012 0.00022 0.00070 0.00127 0.00220 0.00626 0.00782 0.02068 0.02892 0.06525 0.09852 0.12760 0.14615 0.12531 0.09609 0.05770 0.03686 0.02569 0.02645 0.02088 0.02032 0.01950 0.01660 0.01662 0.01276 0.01040 0.00653 0.00224 
341	5	0.00001 0.00000 0.00005 0.00014 0.00017 0.00037 0.00134 0.01104 0.01155 0.01358 0.02015 0.03918 0.04722 0.06028 0.07412 0.09035 0.09875 0.10933 0.08462 0.06180 0.03583 0.03424 0.02630 0.02995 0.02918 0.02801 0.03022 0.02403 0.01920 0.01180 0.00555 0.00162 
342	5	0.00000 0.00000 0.00007 0.00015 0.00018 0.00062 0.00135 0.00263 0.00386 0.01133 0.01266 0.02968 0.03700 0.06707 0.08586 0.09848 0.11205 0.10995 0.08588 0.06537 0.05862 0.04783 0.04628 0.03053 0.02237 0.01692 0.01347 0.01240 0.00962 0.00738 0.00649 0.00388 
343	5	0.00002 0.00005 0.00018 0.00025 0.00043 0.00073 0.00118 0.00207 0.00355 0.00671 0.01116 0.02107 0.03194 0.05216 0.06116 0.11702 0.11260 0.10200 0.10109 0.07051 0.07107 0.05287 0.05159 0.03223 0.02141 0.01686 0.01234 0.01192 0.01127 0.00843 0.00924 0.00490 
344	5	0.00001 0.00000 0.00003 0.00017 0.00036 0.00175 0.00391 0.00664 0.01319 0.02098 0.01872 0.02569 0.02239 0.02651 0.02700 0.02791 0.03784 0.04190 0.03900 0.04702 0.04400 0.04278 0.07905 0.12901 0.09921 0.04772 0.02346 0.01490 0.01170 0.02040 0.08615 0.04060 
345	5	0.00052 0.00000 0.00112 0.00120 0.00132 0.00276 0.00535 0.00798 0.01058 0.02142 0.01630 0.02038 0.01578 0.01875 0.01579 0.01467 0.01739 0.02440 0.02948 0.02755 0.03454 0.03923 0.05369 0.06092 0.04981 0.03846 0.03537 0.04280 0.11377 0.11480 0.08263 0.08125 
346	5	0.00002 0.00160 0.00215 0.00460 0.00772 0.01021 0.01762 0.03052 0.04567 0.05765 0.05980 0.04682 0.03191 0.03621 0.03501 0.03076 0.02676 0.02621 0.02352 0.01873 0.02199 0.02561 0.03138 0.03722 0.03292 0.03215 0.02860 0.02410 0.01599 0.00846 0.07067 0.15740 
347	5	0.00005 0.00000 0.00016 0.00030 0.00060 0.00172 0.00549 0.01035 0.01542 0.03349 0.02993 0.04732 0.04036 0.05471 0.04932 0.04671 0.05005 0.05238 0.05267 0.04523 0.04439 0.04022 0.04619 0.04300 0.04662 0.05827 0.06842 0.06154 0.02686 0.01349 0.00780 0.00691 
348	5	0.00000 0.00014 0.00135 0.00662 0.01313 0.01842 0.02240 0.03203 0.04941 0.05908 0.07292 0.07530 0.06664 0.05417 0.05478 0.03952 0.04327 0.03600 0.03205 0.02959 0.03108 0.02805 0.03380 0.02673 0.02669 0.02599 0.02495 0.02355 0.02260 0.01706 0.01630 0.01637 
349	5	0.00001 0.00003 0.00010 0.00023 0.00065 0.00170 0.00258 0.00552 0.01175 0.01604 0.01925 0.02664 0.04097 0.04480 0.06950 0.06751 0.10400 0.08705 0.06951 0.03919 0.01963 0.01214 0.01044 0.02345 0.03923 0.08577 0.07667 0.05308 0.03100 0.02165 0.01874 0.00115 
