350	5	32
0	1	0.05806 0.00000 0.00000 0.00000 0.00000 0.00000 0.00000 0.00000 0.17797 0.00000 0.00000 0.00000 0.07935 0.00000 0.00000 0.00000 0.00000 0.00000 0.00000 0.00000 0.12560 0.00000 0.00000 0.00000 0.51747 0.00000 0.00000 0.00000 0.04156 0.00000 0.00000 0.00000 
1	1	0.04183 0.00000 0.00000 0.00000 0.00000 0.00000 0.00000 0.00000 0.02081 0.00000 0.00000 0.00000 0.04132 0.00000 0.00000 0.00000 0.00000 0.00000 0.00000 0.00000 0.11727 0.00000 0.00000 0.00000 0.70266 0.00000 0.00000 0.00000 0.07611 0.00000 0.00000 0.00000 
2	1	0.09780 0.00000 0.00000 0.00000 0.00000 0.00000 0.00000 0.00000 0.13149 0.00000 0.00000 0.00000 0.11024 0.00000 0.00000 0.00000 0.00000 0.00000 0.00000 0.00000 0.16446 0.00000 0.00000 0.00000 0.41259 0.00000 0.00000 0.00000 0.08342 0.00000 0.00000 0.00000 
3	1	0.12488 0.00000 0.00000 0.00000 0.00000 0.00000 0.00000 0.00000 0.06342 0.00000 0.00000 0.00000 0.07930 0.00000 0.00000 0.00000 0.00002 0.00000 0.00000 0.00000 0.28651 0.00000 0.00000 0.00000 0.32453 0.00000 0.00000 0.00000 0.12135 0.00000 0.00000 0.00000 
4	1	0.24213 0.00000 0.00000 0.00000 0.00000 0.00000 0.00000 0.00000 0.04915 0.00000 0.00000 0.00000 0.09341 0.00000 0.00000 0.00000 0.00000 0.00000 0.00000 0.00000 0.10555 0.00000 0.00000 0.00000 0.44842 0.00000 0.00000 0.00000 0.06133 0.00000 0.00000 0.00000 
5	1	0.09520 0.00000 0.00000 0.00000 0.00000 0.00000 0.00000 0.00000 0.04185 0.00000 0.00000 0.00000 0.08213 0.00000 0.00000 0.00000 0.00000 0.00000 0.00000 0.00000 0.07022 0.00000 0.00000 0.00000 0.63888 0.00000 0.00000 0.00000 0.07171 0.00000 0.00000 0.00000 
6	1	0.10443 0.00000 0.00000 0.00000 0.00000 0.00000 0.00000 0.00000 0.04045 0.00000 0.00000 0.00000 0.07781 0.00000 0.00000 0.00000 0.00000 0.00000 0.00000 0.00000 0.07832 0.00000 0.00000 0.00000 0.64343 0.00000 0.00000 0.00000 0.05555 0.00000 0.00000 0.00000 
7	1	0.16754 0.00000 0.00000 0.00000 0.00000 0.00000 0.00000 0.00000 0.06415 0.00000 0.00000 0.00000 0.07442 0.00000 0.00000 0.00000 0.00000 0.00000 0.00000 0.00000 0.16025 0.00000 0.00000 0.00000 0.46908 0.00000 0.00000 0.00000 0.06456 0.00000 0.00000 0.00000 
8	1	0.14896 0.00000 0.00000 0.00000 0.00048 0.00000 0.00000 0.00000 0.27123 0.00000 0.00000 0.00000 0.17585 0.00000 0.00000 0.00000 0.00000 0.00000 0.00000 0.00000 0.18097 0.00000 0.00000 0.00000 0.20105 0.00000 0.00000 0.00000 0.02146 0.00000 0.00000 0.00000 
9	1	0.13724 0.00000 0.00000 0.00000 0.00000 0.00000 0.00000 0.00000 0.06052 0.00000 0.00000 0.00000 0.10354 0.00000 0.00000 0.00000 0.00000 0.00000 0.00000 0.00000 0.12174 0.00000 0.00000 0.00000 0.47433 0.00000 0.00000 0.00000 0.10262 0.00000 0.00000 0.00000 
10	1	0.03377 0.00000 0.00000 0.00000 0.02017 0.00000 0.00000 0.00000 0.05846 0.00000 0.00000 0.00000 0.22239 0.00000 0.00000 0.00000 0.00000 0.00000 0.00000 0.00000 0.08657 0.00000 0.00000 0.00000 0.54953 0.00000 0.00000 0.00000 0.02911 0.00000 0.00000 0.00000 
11	1	0.13697 0.00000 0.00000 0.00000 0.00000 0.00000 0.00000 0.00000 0.05802 0.00000 0.00000 0.00000 0.09997 0.00000 0.00000 0.00000 0.00000 0.00000 0.00000 0.00000 0.23455 0.00000 0.00000 0.00000 0.39959 0.00000 0.00000 0.00000 0.07089 0.00000 0.00000 0.00000 
12	1	0.10640 0.00000 0.00000 0.00000 0.00000 0.00000 0.00000 0.00000 0.04395 0.00000 0.00000 0.00000 0.10377 0.00000 0.00000 0.00000 0.00000 0.00000 0.00000 0.00000 0.17571 0.00000 0.00000 0.00000 0.42027 0.00000 0.00000 0.00000 0.14990 0.00000 0.00000 0.00000 
13	1	0.05337 0.00000 0.00000 0.00000 0.00082 0.00000 0.00000 0.00000 0.06906 0.00000 0.00000 0.00000 0.26903 0.00000 0.00000 0.00000 0.00000 0.00000 0.00000 0.00000 0.15398 0.00000 0.00000 0.00000 0.26927 0.00000 0.00000 0.00000 0.18446 0.00000 0.00000 0.00000 
14	1	0.43160 0.00000 0.00000 0.00000 0.00008 0.00000 0.00000 0.00000 0.16233 0.00000 0.00000 0.00000 0.27148 0.00000 0.00000 0.00000 0.00000 0.00000 0.00000 0.00000 0.04414 0.00000 0.00000 0.00000 0.06879 0.00000 0.00000 0.00000 0.02158 0.00000 0.00000 0.00000 
15	1	0.17523 0.00000 0.00000 0.00000 0.00177 0.00000 0.00000 0.00000 0.03881 0.00000 0.00000 0.00000 0.12947 0.00000 0.00000 0.00000 0.00000 0.00000 0.00000 0.00000 0.16859 0.00000 0.00000 0.00000 0.48404 0.00000 0.00000 0.00000 0.00209 0.00000 0.00000 0.00000 
16	1	0.07748 0.00000 0.00000 0.00000 0.00015 0.00000 0.00000 0.00000 0.21040 0.00000 0.00000 0.00000 0.03017 0.00000 0.00000 0.00000 0.00887 0.00000 0.00000 0.00000 0.50876 0.00000 0.00000 0.00000 0.16270 0.00000 0.00000 0.00000 0.00146 0.00000 0.00000 0.00000 
17	1	0.17183 0.00000 0.00000 0.00000 0.00133 0.00000 0.00000 0.00000 0.06350 0.00000 0.00000 0.00000 0.07372 0.00000 0.00000 0.00000 0.00000 0.00000 0.00000 0.00000 0.03052 0.00000 0.00000 0.00000 0.51741 0.00000 0.00000 0.00000 0.14167 0.00000 0.00000 0.00000 
18	1	0.17295 0.00000 0.00000 0.00000 0.00130 0.00000 0.00000 0.00000 0.04594 0.00000 0.00000 0.00000 0.16238 0.00000 0.00000 0.00000 0.00000 0.00000 0.00000 0.00000 0.02890 0.00000 0.00000 0.00000 0.52421 0.00000 0.00000 0.00000 0.06431 0.00000 0.00000 0.00000 
19	1	0.10405 0.00000 0.00000 0.00000 0.00834 0.00000 0.00000 0.00000 0.07312 0.00000 0.00000 0.00000 0.21723 0.00000 0.00000 0.00000 0.11802 0.00000 0.00000 0.00000 0.31160 0.00000 0.00000 0.00000 0.06108 0.00000 0.00000 0.00000 0.10656 0.00000 0.00000 0.00000 
20	1	0.25620 0.00000 0.00000 0.00000 0.02696 0.00000 0.00000 0.00000 0.10248 0.00000 0.00000 0.00000 0.20232 0.00000 0.00000 0.00000 0.00541 0.00000 0.00000 0.00000 0.20250 0.00000 0.00000 0.00000 0.06779 0.00000 0.00000 0.00000 0.13633 0.00000 0.00000 0.00000 
21	1	0.22105 0.00000 0.00000 0.00000 0.01717 0.00000 0.00000 0.00000 0.05234 0.00000 0.00000 0.00000 0.16337 0.00000 0.00000 0.00000 0.00000 0.00000 0.00000 0.00000 0.20232 0.00000 0.00000 0.00000 0.33971 0.00000 0.00000 0.00000 0.00403 0.00000 0.00000 0.00000 
22	1	0.07799 0.00000 0.00000 0.00000 0.00530 0.00000 0.00000 0.00000 0.04598 0.00000 0.00000 0.00000 0.15726 0.00000 0.00000 0.00000 0.00048 0.00000 0.00000 0.00000 0.68325 0.00000 0.00000 0.00000 0.02970 0.00000 0.00000 0.00000 0.00004 0.00000 0.00000 0.00000 
23	1	0.12871 0.00000 0.00000 0.00000 0.00474 0.00000 0.00000 0.00000 0.05552 0.00000 0.00000 0.00000 0.09663 0.00000 0.00000 0.00000 0.23767 0.00000 0.00000 0.00000 0.39729 0.00000 0.00000 0.00000 0.03600 0.00000 0.00000 0.00000 0.04342 0.00000 0.00000 0.00000 
24	1	0.12037 0.00000 0.00000 0.00000 0.00826 0.00000 0.00000 0.00000 0.05529 0.00000 0.00000 0.00000 0.06299 0.00000 0.00000 0.00000 0.30017 0.00000 0.00000 0.00000 0.29680 0.00000 0.00000 0.00000 0.07211 0.00000 0.00000 0.00000 0.08400 0.00000 0.00000 0.00000 
25	1	0.17040 0.00000 0.00000 0.00000 0.00000 0.00000 0.00000 0.00000 0.00000 0.00000 0.00000 0.00000 0.15485 0.00000 0.00000 0.00000 0.00000 0.00000 0.00000 0.00000 0.00000 0.00000 0.00000 0.00000 0.36674 0.00000 0.00000 0.00000 0.30801 0.00000 0.00000 0.00000 
26	1	0.05404 0.00000 0.00000 0.00000 0.02330 0.00000 0.00000 0.00000 0.06130 0.00000 0.00000 0.00000 0.24614 0.00000 0.00000 0.00000 0.00000 0.00000 0.00000 0.00000 0.08685 0.00000 0.00000 0.00000 0.51620 0.00000 0.00000 0.00000 0.01217 0.00000 0.00000 0.00000 
27	1	0.17254 0.00000 0.00000 0.00000 0.00001 0.00000 0.00000 0.00000 0.03839 0.00000 0.00000 0.00000 0.20483 0.00000 0.00000 0.00000 0.00000 0.00000 0.00000 0.00000 0.15160 0.00000 0.00000 0.00000 0.24807 0.00000 0.00000 0.00000 0.18456 0.00000 0.00000 0.00000 
28	1	0.04925 0.00000 0.00000 0.00000 0.00218 0.00000 0.00000 0.00000 0.01623 0.00000 0.00000 0.00000 0.09969 0.00000 0.00000 0.00000 0.00000 0.00000 0.00000 0.00000 0.28430 0.00000 0.00000 0.00000 0.53740 0.00000 0.00000 0.00000 0.01094 0.00000 0.00000 0.00000 
29	1	0.03689 0.00000 0.00000 0.00000 0.00144 0.00000 0.00000 0.00000 0.01637 0.00000 0.00000 0.00000 0.10374 0.00000 0.00000 0.00000 0.00000 0.00000 0.00000 0.00000 0.12934 0.00000 0.00000 0.00000 0.70461 0.00000 0.00000 0.00000 0.00761 0.00000 0.00000 0.00000 
30	1	0.03089 0.00000 0.00000 0.00000 0.00437 0.00000 0.00000 0.00000 0.00626 0.00000 0.00000 0.00000 0.07482 0.00000 0.00000 0.00000 0.00000 0.00000 0.00000 0.00000 0.01143 0.00000 0.00000 0.00000 0.50633 0.00000 0.00000 0.00000 0.36590 0.00000 0.00000 0.00000 
31	1	0.03016 0.00000 0.00000 0.00000 0.00075 0.00000 0.00000 0.00000 0.00909 0.00000 0.00000 0.00000 0.07458 0.00000 0.00000 0.00000 0.00000 0.00000 0.00000 0.00000 0.03540 0.00000 0.00000 0.00000 0.84950 0.00000 0.00000 0.00000 0.00052 0.00000 0.00000 0.00000 
32	1	0.08429 0.00000 0.00000 0.00000 0.00026 0.00000 0.00000 0.00000 0.04302 0.00000 0.00000 0.00000 0.10962 0.00000 0.00000 0.00000 0.00000 0.00000 0.00000 0.00000 0.15553 0.00000 0.00000 0.00000 0.60703 0.00000 0.00000 0.00000 0.00025 0.00000 0.00000 0.00000 
33	1	0.16765 0.00000 0.00000 0.00000 0.01972 0.00000 0.00000 0.00000 0.04971 0.00000 0.00000 0.00000 0.32935 0.00000 0.00000 0.00000 0.00000 0.00000 0.00000 0.00000 0.06610 0.00000 0.00000 0.00000 0.28747 0.00000 0.00000 0.00000 0.08000 0.00000 0.00000 0.00000 
34	1	0.12841 0.00000 0.00000 0.00000 0.00984 0.00000 0.00000 0.00000 0.04382 0.00000 0.00000 0.00000 0.15555 0.00000 0.00000 0.00000 0.05864 0.00000 0.00000 0.00000 0.34081 0.00000 0.00000 0.00000 0.21704 0.00000 0.00000 0.00000 0.04588 0.00000 0.00000 0.00000 
35	1	0.05813 0.00000 0.00000 0.00000 0.01536 0.00000 0.00000 0.00000 0.15538 0.00000 0.00000 0.00000 0.17577 0.00000 0.00000 0.00000 0.00000 0.00000 0.00000 0.00000 0.20184 0.00000 0.00000 0.00000 0.39221 0.00000 0.00000 0.00000 0.00130 0.00000 0.00000 0.00000 
36	1	0.05046 0.00000 0.00000 0.00000 0.00743 0.00000 0.00000 0.00000 0.10760 0.00000 0.00000 0.00000 0.08763 0.00000 0.00000 0.00000 0.00000 0.00000 0.00000 0.00000 0.21796 0.00000 0.00000 0.00000 0.52515 0.00000 0.00000 0.00000 0.00377 0.00000 0.00000 0.00000 
37	1	0.38113 0.00000 0.00000 0.00000 0.00000 0.00000 0.00000 0.00000 0.09634 0.00000 0.00000 0.00000 0.03647 0.00000 0.00000 0.00000 0.00000 0.00000 0.00000 0.00000 0.00657 0.00000 0.00000 0.00000 0.35131 0.00000 0.00000 0.00000 0.12817 0.00000 0.00000 0.00000 
38	1	0.10546 0.00000 0.00000 0.00000 0.03015 0.00000 0.00000 0.00000 0.06028 0.00000 0.00000 0.00000 0.13805 0.00000 0.00000 0.00000 0.00000 0.00000 0.00000 0.00000 0.04082 0.00000 0.00000 0.00000 0.52567 0.00000 0.00000 0.00000 0.09956 0.00000 0.00000 0.00000 
39	1	0.21762 0.00000 0.00000 0.00000 0.04025 0.00000 0.00000 0.00000 0.05933 0.00000 0.00000 0.00000 0.29099 0.00000 0.00000 0.00000 0.00000 0.00000 0.00000 0.00000 0.08143 0.00000 0.00000 0.00000 0.29914 0.00000 0.00000 0.00000 0.01123 0.00000 0.00000 0.00000 
40	1	0.05841 0.00000 0.00000 0.00000 0.02189 0.00000 0.00000 0.00000 0.09673 0.00000 0.00000 0.00000 0.20545 0.00000 0.00000 0.00000 0.00000 0.00000 0.00000 0.00000 0.03440 0.00000 0.00000 0.00000 0.52085 0.00000 0.00000 0.00000 0.06227 0.00000 0.00000 0.00000 
41	1	0.06385 0.00000 0.00000 0.00000 0.02937 0.00000 0.00000 0.00000 0.08726 0.00000 0.00000 0.00000 0.24466 0.00000 0.00000 0.00000 0.00000 0.00000 0.00000 0.00000 0.22364 0.00000 0.00000 0.00000 0.31083 0.00000 0.00000 0.00000 0.04040 0.00000 0.00000 0.00000 
42	1	0.11465 0.00000 0.00000 0.00000 0.01524 0.00000 0.00000 0.00000 0.12079 0.00000 0.00000 0.00000 0.14475 0.00000 0.00000 0.00000 0.11095 0.00000 0.00000 0.00000 0.37148 0.00000 0.00000 0.00000 0.07927 0.00000 0.00000 0.00000 0.04286 0.00000 0.00000 0.00000 
43	1	0.06877 0.00000 0.00000 0.00000 0.00000 0.00000 0.00000 0.00000 0.02905 0.00000 0.00000 0.00000 0.06858 0.00000 0.00000 0.00000 0.00000 0.00000 0.00000 0.00000 0.21318 0.00000 0.00000 0.00000 0.56110 0.00000 0.00000 0.00000 0.05931 0.00000 0.00000 0.00000 
44	1	0.02373 0.00000 0.00000 0.00000 0.00000 0.00000 0.00000 0.00000 0.01337 0.00000 0.00000 0.00000 0.04507 0.00000 0.00000 0.00000 0.00000 0.00000 0.00000 0.00000 0.30592 0.00000 0.00000 0.00000 0.56505 0.00000 0.00000 0.00000 0.04686 0.00000 0.00000 0.00000 
45	1	0.32265 0.00000 0.00000 0.00000 0.00000 0.00000 0.00000 0.00000 0.04595 0.00000 0.00000 0.00000 0.07826 0.00000 0.00000 0.00000 0.00000 0.00000 0.00000 0.00000 0.10841 0.00000 0.00000 0.00000 0.35065 0.00000 0.00000 0.00000 0.09407 0.00000 0.00000 0.00000 
46	1	0.08479 0.00000 0.00000 0.00000 0.00000 0.00000 0.00000 0.00000 0.13478 0.00000 0.00000 0.00000 0.04436 0.00000 0.00000 0.00000 0.00166 0.00000 0.00000 0.00000 0.20441 0.00000 0.00000 0.00000 0.50710 0.00000 0.00000 0.00000 0.02290 0.00000 0.00000 0.00000 
47	1	0.04857 0.00000 0.00000 0.00000 0.00000 0.00000 0.00000 0.00000 0.11432 0.00000 0.00000 0.00000 0.06848 0.00000 0.00000 0.00000 0.00000 0.00000 0.00000 0.00000 0.29582 0.00000 0.00000 0.00000 0.43437 0.00000 0.00000 0.00000 0.03842 0.00000 0.00000 0.00000 
48	1	0.16202 0.00000 0.00000 0.00000 0.00000 0.00000 0.00000 0.00000 0.03446 0.00000 0.00000 0.00000 0.17505 0.00000 0.00000 0.00000 0.00000 0.00000 0.00000 0.00000 0.18160 0.00000 0.00000 0.00000 0.23383 0.00000 0.00000 0.00000 0.21305 0.00000 0.00000 0.00000 
49	1	0.03289 0.00000 0.00000 0.00000 0.00000 0.00000 0.00000 0.00000 0.09925 0.00000 0.00000 0.00000 0.07060 0.00000 0.00000 0.00000 0.00001 0.00000 0.00000 0.00000 0.30254 0.00000 0.00000 0.00000 0.42980 0.00000 0.00000 0.00000 0.06492 0.00000 0.00000 0.00000 
50	1	0.03284 0.00000 0.00000 0.00000 0.00000 0.00000 0.00000 0.00000 0.09509 0.00000 0.00000 0.00000 0.05221 0.00000 0.00000 0.00000 0.00216 0.00000 0.00000 0.00000 0.35019 0.00000 0.00000 0.00000 0.42024 0.00000 0.00000 0.00000 0.04727 0.00000 0.00000 0.00000 
51	1	0.07809 0.00000 0.00000 0.00000 0.00000 0.00000 0.00000 0.00000 0.04241 0.00000 0.00000 0.00000 0.06486 0.00000 0.00000 0.00000 0.00000 0.00000 0.00000 0.00000 0.09288 0.00000 0.00000 0.00000 0.60886 0.00000 0.00000 0.00000 0.11290 0.00000 0.00000 0.00000 
52	1	0.07134 0.00000 0.00000 0.00000 0.00000 0.00000 0.00000 0.00000 0.03055 0.00000 0.00000 0.00000 0.05455 0.00000 0.00000 0.00000 0.00000 0.00000 0.00000 0.00000 0.10196 0.00000 0.00000 0.00000 0.69739 0.00000 0.00000 0.00000 0.04422 0.00000 0.00000 0.00000 
53	1	0.08077 0.00000 0.00000 0.00000 0.00000 0.00000 0.00000 0.00000 0.01384 0.00000 0.00000 0.00000 0.08302 0.00000 0.00000 0.00000 0.00000 0.00000 0.00000 0.00000 0.06786 0.00000 0.00000 0.00000 0.61678 0.00000 0.00000 0.00000 0.13773 0.00000 0.00000 0.00000 
54	1	0.05712 0.00000 0.00000 0.00000 0.00000 0.00000 0.00000 0.00000 0.00834 0.00000 0.00000 0.00000 0.04275 0.00000 0.00000 0.00000 0.00000 0.00000 0.00000 0.00000 0.01770 0.00000 0.00000 0.00000 0.67541 0.00000 0.00000 0.00000 0.19870 0.00000 0.00000 0.00000 
55	1	0.06313 0.00000 0.00000 0.00000 0.00000 0.00000 0.00000 0.00000 0.00475 0.00000 0.00000 0.00000 0.04480 0.00000 0.00000 0.00000 0.00000 0.00000 0.00000 0.00000 0.46547 0.00000 0.00000 0.00000 0.39556 0.00000 0.00000 0.00000 0.02629 0.00000 0.00000 0.00000 
56	1	0.06264 0.00000 0.00000 0.00000 0.00000 0.00000 0.00000 0.00000 0.00562 0.00000 0.00000 0.00000 0.00930 0.00000 0.00000 0.00000 0.00000 0.00000 0.00000 0.00000 0.53029 0.00000 0.00000 0.00000 0.38452 0.00000 0.00000 0.00000 0.00763 0.00000 0.00000 0.00000 
57	1	0.19155 0.00000 0.00000 0.00000 0.00005 0.00000 0.00000 0.00000 0.13152 0.00000 0.00000 0.00000 0.00867 0.00000 0.00000 0.00000 0.10762 0.00000 0.00000 0.00000 0.45302 0.00000 0.00000 0.00000 0.10168 0.00000 0.00000 0.00000 0.00589 0.00000 0.00000 0.00000 
58	1	0.16366 0.00000 0.00000 0.00000 0.00025 0.00000 0.00000 0.00000 0.21454 0.00000 0.00000 0.00000 0.01950 0.00000 0.00000 0.00000 0.00001 0.00000 0.00000 0.00000 0.25032 0.00000 0.00000 0.00000 0.24820 0.00000 0.00000 0.00000 0.10352 0.00000 0.00000 0.00000 
59	1	0.17377 0.00000 0.00000 0.00000 0.00000 0.00000 0.00000 0.00000 0.07666 0.00000 0.00000 0.00000 0.19202 0.00000 0.00000 0.00000 0.00000 0.00000 0.00000 0.00000 0.07407 0.00000 0.00000 0.00000 0.34804 0.00000 0.00000 0.00000 0.13545 0.00000 0.00000 0.00000 
60	1	0.18500 0.00000 0.00000 0.00000 0.00095 0.00000 0.00000 0.00000 0.19264 0.00000 0.00000 0.00000 0.08126 0.00000 0.00000 0.00000 0.00000 0.00000 0.00000 0.00000 0.15533 0.00000 0.00000 0.00000 0.32222 0.00000 0.00000 0.00000 0.06261 0.00000 0.00000 0.00000 
61	1	0.21116 0.00000 0.00000 0.00000 0.00010 0.00000 0.00000 0.00000 0.17158 0.00000 0.00000 0.00000 0.01693 0.00000 0.00000 0.00000 0.00019 0.00000 0.00000 0.00000 0.52087 0.00000 0.00000 0.00000 0.07526 0.00000 0.00000 0.00000 0.00391 0.00000 0.00000 0.00000 
62	1	0.10212 0.00000 0.00000 0.00000 0.00001 0.00000 0.00000 0.00000 0.54197 0.00000 0.00000 0.00000 0.00410 0.00000 0.00000 0.00000 0.09492 0.00000 0.00000 0.00000 0.20385 0.00000 0.00000 0.00000 0.04219 0.00000 0.00000 0.00000 0.01085 0.00000 0.00000 0.00000 
63	1	0.08246 0.00000 0.00000 0.00000 0.00000 0.00000 0.00000 0.00000 0.47097 0.00000 0.00000 0.00000 0.00549 0.00000 0.00000 0.00000 0.18692 0.00000 0.00000 0.00000 0.20622 0.00000 0.00000 0.00000 0.03617 0.00000 0.00000 0.00000 0.01176 0.00000 0.00000 0.00000 
64	1	0.53936 0.00000 0.00000 0.00000 0.00002 0.00000 0.00000 0.00000 0.04853 0.00000 0.00000 0.00000 0.04868 0.00000 0.00000 0.00000 0.00000 0.00000 0.00000 0.00000 0.01772 0.00000 0.00000 0.00000 0.33136 0.00000 0.00000 0.00000 0.01432 0.00000 0.00000 0.00000 
65	1	0.50994 0.00000 0.00000 0.00000 0.00000 0.00000 0.00000 0.00000 0.01287 0.00000 0.00000 0.00000 0.01590 0.00000 0.00000 0.00000 0.00000 0.00000 0.00000 0.00000 0.19839 0.00000 0.00000 0.00000 0.25030 0.00000 0.00000 0.00000 0.01260 0.00000 0.00000 0.00000 
66	1	0.36018 0.00000 0.00000 0.00000 0.00000 0.00000 0.00000 0.00000 0.01386 0.00000 0.00000 0.00000 0.01574 0.00000 0.00000 0.00000 0.01430 0.00000 0.00000 0.00000 0.44079 0.00000 0.00000 0.00000 0.14847 0.00000 0.00000 0.00000 0.00666 0.00000 0.00000 0.00000 
67	1	0.43445 0.00000 0.00000 0.00000 0.00001 0.00000 0.00000 0.00000 0.06214 0.00000 0.00000 0.00000 0.08042 0.00000 0.00000 0.00000 0.00000 0.00000 0.00000 0.00000 0.07138 0.00000 0.00000 0.00000 0.27291 0.00000 0.00000 0.00000 0.07867 0.00000 0.00000 0.00000 
68	1	0.10676 0.00000 0.00000 0.00000 0.00000 0.00000 0.00000 0.00000 0.07022 0.00000 0.00000 0.00000 0.07899 0.00000 0.00000 0.00000 0.00000 0.00000 0.00000 0.00000 0.34319 0.00000 0.00000 0.00000 0.29435 0.00000 0.00000 0.00000 0.10649 0.00000 0.00000 0.00000 
69	1	0.09625 0.00000 0.00000 0.00000 0.00000 0.00000 0.00000 0.00000 0.13120 0.00000 0.00000 0.00000 0.10142 0.00000 0.00000 0.00000 0.00000 0.00000 0.00000 0.00000 0.19109 0.00000 0.00000 0.00000 0.41864 0.00000 0.00000 0.00000 0.06141 0.00000 0.00000 0.00000 
70	2	0.33382 0.00000 0.00000 0.00000 0.00000 0.00000 0.00000 0.00000 0.38362 0.00000 0.00000 0.00000 0.07830 0.00000 0.00000 0.00000 0.00000 0.00000 0.00000 0.00000 0.07874 0.00000 0.00000 0.00000 0.11292 0.00000 0.00000 0.00000 0.01260 0.00000 0.00000 0.00000 
71	2	0.34111 0.00000 0.00000 0.00000 0.00003 0.00000 0.00000 0.00000 0.36226 0.00000 0.00000 0.00000 0.08552 0.00000 0.00000 0.00000 0.00000 0.00000 0.00000 0.00000 0.07625 0.00000 0.00000 0.00000 0.11347 0.00000 0.00000 0.00000 0.02136 0.00000 0.00000 0.00000 
72	2	0.34631 0.00000 0.00000 0.00000 0.00000 0.00000 0.00000 0.00000 0.33845 0.00000 0.00000 0.00000 0.07972 0.00000 0.00000 0.00000 0.00000 0.00000 0.00000 0.00000 0.07344 0.00000 0.00000 0.00000 0.15022 0.00000 0.00000 0.00000 0.01187 0.00000 0.00000 0.00000 
73	2	0.52395 0.00000 0.00000 0.00000 0.00000 0.00000 0.00000 0.00000 0.17664 0.00000 0.00000 0.00000 0.08287 0.00000 0.00000 0.00000 0.00000 0.00000 0.00000 0.00000 0.08161 0.00000 0.00000 0.00000 0.12288 0.00000 0.00000 0.00000 0.01205 0.00000 0.00000 0.00000 
74	2	0.38581 0.00000 0.00000 0.00000 0.00000 0.00000 0.00000 0.00000 0.30337 0.00000 0.00000 0.00000 0.06501 0.00000 0.00000 0.00000 0.00000 0.00000 0.00000 0.00000 0.06687 0.00000 0.00000 0.00000 0.17112 0.00000 0.00000 0.00000 0.00781 0.00000 0.00000 0.00000 
75	2	0.00009 0.00000 0.00000 0.00000 0.00000 0.00000 0.00000 0.00000 0.01279 0.00000 0.00000 0.00000 0.03002 0.00000 0.00000 0.00000 0.00525 0.00000 0.00000 0.00000 0.06065 0.00000 0.00000 0.00000 0.87083 0.00000 0.00000 0.00000 0.02036 0.00000 0.00000 0.00000 
76	2	0.00000 0.00000 0.00000 0.00000 0.00000 0.00000 0.00000 0.00000 0.00448 0.00000 0.00000 0.00000 0.01095 0.00000 0.00000 0.00000 0.00350 0.00000 0.00000 0.00000 0.03784 0.00000 0.00000 0.00000 0.75565 0.00000 0.00000 0.00000 0.18759 0.00000 0.00000 0.00000 
77	2	0.00000 0.00000 0.00000 0.00000 0.00000 0.00000 0.00000 0.00000 0.00564 0.00000 0.00000 0.00000 0.02417 0.00000 0.00000 0.00000 0.00821 0.00000 0.00000 0.00000 0.36622 0.00000 0.00000 0.00000 0.52983 0.00000 0.00000 0.00000 0.06593 0.00000 0.00000 0.00000 
78	2	0.04483 0.00000 0.00000 0.00000 0.00000 0.00000 0.00000 0.00000 0.04960 0.00000 0.00000 0.00000 0.15197 0.00000 0.00000 0.00000 0.00018 0.00000 0.00000 0.00000 0.09565 0.00000 0.00000 0.00000 0.57547 0.00000 0.00000 0.00000 0.08227 0.00000 0.00000 0.00000 
79	2	0.02559 0.00000 0.00000 0.00000 0.00000 0.00000 0.00000 0.00000 0.04657 0.00000 0.00000 0.00000 0.13796 0.00000 0.00000 0.00000 0.00110 0.00000 0.00000 0.00000 0.16073 0.00000 0.00000 0.00000 0.57621 0.00000 0.00000 0.00000 0.05183 0.00000 0.00000 0.00000 
80	2	0.16544 0.00000 0.00000 0.00000 0.00000 0.00000 0.00000 0.00000 0.18064 0.00000 0.00000 0.00000 0.07887 0.00000 0.00000 0.00000 0.00000 0.00000 0.00000 0.00000 0.47192 0.00000 0.00000 0.00000 0.09105 0.00000 0.00000 0.00000 0.01207 0.00000 0.00000 0.00000 
81	2	0.04104 0.00000 0.00000 0.00000 0.00079 0.00000 0.00000 0.00000 0.00654 0.00000 0.00000 0.00000 0.08984 0.00000 0.00000 0.00000 0.00000 0.00000 0.00000 0.00000 0.12978 0.00000 0.00000 0.00000 0.56431 0.00000 0.00000 0.00000 0.16771 0.00000 0.00000 0.00000 
82	2	0.00000 0.00000 0.00000 0.00000 0.00000 0.00000 0.00000 0.00000 0.14474 0.00000 0.00000 0.00000 0.07204 0.00000 0.00000 0.00000 0.00069 0.00000 0.00000 0.00000 0.47980 0.00000 0.00000 0.00000 0.16530 0.00000 0.00000 0.00000 0.13743 0.00000 0.00000 0.00000 
83	2	0.00000 0.00000 0.00000 0.00000 0.00000 0.00000 0.00000 0.00000 0.12955 0.00000 0.00000 0.00000 0.07921 0.00000 0.00000 0.00000 0.00679 0.00000 0.00000 0.00000 0.40670 0.00000 0.00000 0.00000 0.17052 0.00000 0.00000 0.00000 0.20723 0.00000 0.00000 0.00000 
84	2	0.00000 0.00000 0.00000 0.00000 0.00000 0.00000 0.00000 0.00000 0.03696 0.00000 0.00000 0.00000 0.12798 0.00000 0.00000 0.00000 0.00040 0.00000 0.00000 0.00000 0.69202 0.00000 0.00000 0.00000 0.06655 0.00000 0.00000 0.00000 0.07609 0.00000 0.00000 0.00000 
85	2	0.00000 0.00000 0.00000 0.00000 0.00000 0.00000 0.00000 0.00000 0.03598 0.00000 0.00000 0.00000 0.10207 0.00000 0.00000 0.00000 0.00142 0.00000 0.00000 0.00000 0.53397 0.00000 0.00000 0.00000 0.21533 0.00000 0.00000 0.00000 0.11123 0.00000 0.00000 0.00000 
86	2	0.00000 0.00000 0.00000 0.00000 0.00000 0.00000 0.00000 0.00000 0.15110 0.00000 0.00000 0.00000 0.05338 0.00000 0.00000 0.00000 0.00120 0.00000 0.00000 0.00000 0.49229 0.00000 0.00000 0.00000 0.20458 0.00000 0.00000 0.00000 0.09745 0.00000 0.00000 0.00000 
87	2	0.00000 0.00000 0.00000 0.00000 0.00000 0.00000 0.00000 0.00000 0.17920 0.00000 0.00000 0.00000 0.06668 0.00000 0.00000 0.00000 0.00755 0.00000 0.00000 0.00000 0.42864 0.00000 0.00000 0.00000 0.20581 0.00000 0.00000 0.00000 0.11212 0.00000 0.00000 0.00000 
88	2	0.00000 0.00000 0.00000 0.00000 0.00000 0.00000 0.00000 0.00000 0.16445 0.00000 0.00000 0.00000 0.07656 0.00000 0.00000 0.00000 0.00561 0.00000 0.00000 0.00000 0.46790 0.00000 0.00000 0.00000 0.19353 0.00000 0.00000 0.00000 0.09195 0.00000 0.00000 0.00000 
89	2	0.08647 0.00000 0.00000 0.00000 0.00000 0.00000 0.00000 0.00000 0.20877 0.00000 0.00000 0.00000 0.06484 0.00000 0.00000 0.00000 0.00104 0.00000 0.00000 0.00000 0.19048 0.00000 0.00000 0.00000 0.42835 0.00000 0.00000 0.00000 0.02005 0.00000 0.00000 0.00000 
90	2	0.00896 0.00000 0.00000 0.00000 0.00000 0.00000 0.00000 0.00000 0.13198 0.00000 0.00000 0.00000 0.03787 0.00000 0.00000 0.00000 0.01455 0.00000 0.00000 0.00000 0.31507 0.00000 0.00000 0.00000 0.46072 0.00000 0.00000 0.00000 0.03084 0.00000 0.00000 0.00000 
91	2	0.00692 0.00000 0.00000 0.00000 0.00000 0.00000 0.00000 0.00000 0.02645 0.00000 0.00000 0.00000 0.01830 0.00000 0.00000 0.00000 0.00152 0.00000 0.00000 0.00000 0.89752 0.00000 0.00000 0.00000 0.04402 0.00000 0.00000 0.00000 0.00527 0.00000 0.00000 0.00000 
92	2	0.12611 0.00000 0.00000 0.00000 0.00236 0.00000 0.00000 0.00000 0.04547 0.00000 0.00000 0.00000 0.45527 0.00000 0.00000 0.00000 0.00000 0.00000 0.00000 0.00000 0.10767 0.00000 0.00000 0.00000 0.22798 0.00000 0.00000 0.00000 0.03514 0.00000 0.00000 0.00000 
93	2	0.28118 0.00000 0.00000 0.00000 0.00000 0.00000 0.00000 0.00000 0.12528 0.00000 0.00000 0.00000 0.31381 0.00000 0.00000 0.00000 0.00000 0.00000 0.00000 0.00000 0.10370 0.00000 0.00000 0.00000 0.17218 0.00000 0.00000 0.00000 0.00385 0.00000 0.00000 0.00000 
94	2	0.14299 0.00000 0.00000 0.00000 0.00000 0.00000 0.00000 0.00000 0.13436 0.00000 0.00000 0.00000 0.36497 0.00000 0.00000 0.00000 0.00000 0.00000 0.00000 0.00000 0.08256 0.00000 0.00000 0.00000 0.27150 0.00000 0.00000 0.00000 0.00360 0.00000 0.00000 0.00000 
95	2	0.02260 0.00000 0.00000 0.00000 0.00000 0.00000 0.00000 0.00000 0.11783 0.00000 0.00000 0.00000 0.30134 0.00000 0.00000 0.00000 0.00000 0.00000 0.00000 0.00000 0.23706 0.00000 0.00000 0.00000 0.31613 0.00000 0.00000 0.00000 0.00503 0.00000 0.00000 0.00000 
96	2	0.29123 0.00000 0.00000 0.00000 0.00002 0.00000 0.00000 0.00000 0.07728 0.00000 0.00000 0.00000 0.30825 0.00000 0.00000 0.00000 0.00000 0.00000 0.00000 0.00000 0.08606 0.00000 0.00000 0.00000 0.23565 0.00000 0.00000 0.00000 0.00151 0.00000 0.00000 0.00000 
97	2	0.27694 0.00000 0.00000 0.00000 0.00003 0.00000 0.00000 0.00000 0.08131 0.00000 0.00000 0.00000 0.42548 0.00000 0.00000 0.00000 0.00000 0.00000 0.00000 0.00000 0.03965 0.00000 0.00000 0.00000 0.16345 0.00000 0.00000 0.00000 0.01313 0.00000 0.00000 0.00000 
98	2	0.24645 0.00000 0.00000 0.00000 0.00016 0.00000 0.00000 0.00000 0.12901 0.00000 0.00000 0.00000 0.27133 0.00000 0.00000 0.00000 0.00000 0.00000 0.00000 0.00000 0.17763 0.00000 0.00000 0.00000 0.17479 0.00000 0.00000 0.00000 0.00062 0.00000 0.00000 0.00000 
99	2	0.32735 0.00000 0.00000 0.00000 0.00002 0.00000 0.00000 0.00000 0.07215 0.00000 0.00000 0.00000 0.24697 0.00000 0.00000 0.00000 0.00000 0.00000 0.00000 0.00000 0.12070 0.00000 0.00000 0.00000 0.21932 0.00000 0.00000 0.00000 0.01348 0.00000 0.00000 0.00000 
100	2	0.26857 0.00000 0.00000 0.00000 0.00001 0.00000 0.00000 0.00000 0.14057 0.00000 0.00000 0.00000 0.33973 0.00000 0.00000 0.00000 0.00000 0.00000 0.00000 0.00000 0.05419 0.00000 0.00000 0.00000 0.19577 0.00000 0.00000 0.00000 0.00116 0.00000 0.00000 0.00000 
101	2	0.24421 0.00000 0.00000 0.00000 0.00002 0.00000 0.00000 0.00000 0.02488 0.00000 0.00000 0.00000 0.41466 0.00000 0.00000 0.00000 0.00000 0.00000 0.00000 0.00000 0.05678 0.00000 0.00000 0.00000 0.24371 0.00000 0.00000 0.00000 0.01574 0.00000 0.00000 0.00000 
102	2	0.13454 0.00000 0.00000 0.00000 0.00000 0.00000 0.00000 0.00000 0.14357 0.00000 0.00000 0.00000 0.55043 0.00000 0.00000 0.00000 0.00000 0.00000 0.00000 0.00000 0.09945 0.00000 0.00000 0.00000 0.06226 0.00000 0.00000 0.00000 0.00975 0.00000 0.00000 0.00000 
103	2	0.05989 0.00000 0.00000 0.00000 0.00000 0.00000 0.00000 0.00000 0.14360 0.00000 0.00000 0.00000 0.37045 0.00000 0.00000 0.00000 0.00000 0.00000 0.00000 0.00000 0.12379 0.00000 0.00000 0.00000 0.29550 0.00000 0.00000 0.00000 0.00677 0.00000 0.00000 0.00000 
104	2	0.07646 0.00000 0.00000 0.00000 0.00000 0.00000 0.00000 0.00000 0.25076 0.00000 0.00000 0.00000 0.30112 0.00000 0.00000 0.00000 0.00000 0.00000 0.00000 0.00000 0.14333 0.00000 0.00000 0.00000 0.22725 0.00000 0.00000 0.00000 0.00107 0.00000 0.00000 0.00000 
105	2	0.30646 0.00000 0.00000 0.00000 0.00000 0.00000 0.00000 0.00000 0.13326 0.00000 0.00000 0.00000 0.28568 0.00000 0.00000 0.00000 0.00000 0.00000 0.00000 0.00000 0.04832 0.00000 0.00000 0.00000 0.19834 0.00000 0.00000 0.00000 0.02792 0.00000 0.00000 0.00000 
106	2	0.07094 0.00000 0.00000 0.00000 0.00000 0.00000 0.00000 0.00000 0.18694 0.00000 0.00000 0.00000 0.43003 0.00000 0.00000 0.00000 0.00000 0.00000 0.00000 0.00000 0.05546 0.00000 0.00000 0.00000 0.24369 0.00000 0.00000 0.00000 0.01293 0.00000 0.00000 0.00000 
107	2	0.13217 0.00000 0.00000 0.00000 0.00010 0.00000 0.00000 0.00000 0.09522 0.00000 0.00000 0.00000 0.38549 0.00000 0.00000 0.00000 0.00000 0.00000 0.00000 0.00000 0.16039 0.00000 0.00000 0.00000 0.22657 0.00000 0.00000 0.00000 0.00005 0.00000 0.00000 0.00000 
108	2	0.24087 0.00000 0.00000 0.00000 0.00004 0.00000 0.00000 0.00000 0.06190 0.00000 0.00000 0.00000 0.32760 0.00000 0.00000 0.00000 0.00000 0.00000 0.00000 0.00000 0.09326 0.00000 0.00000 0.00000 0.24823 0.00000 0.00000 0.00000 0.02810 0.00000 0.00000 0.00000 
109	2	0.34280 0.00000 0.00000 0.00000 0.00000 0.00000 0.00000 0.00000 0.06452 0.00000 0.00000 0.00000 0.21223 0.00000 0.00000 0.00000 0.00000 0.00000 0.00000 0.00000 0.08967 0.00000 0.00000 0.00000 0.27693 0.00000 0.00000 0.00000 0.01386 0.00000 0.00000 0.00000 
110	2	0.06794 0.00000 0.00000 0.00000 0.00000 0.00000 0.00000 0.00000 0.15157 0.00000 0.00000 0.00000 0.31642 0.00000 0.00000 0.00000 0.00000 0.00000 0.00000 0.00000 0.05455 0.00000 0.00000 0.00000 0.38839 0.00000 0.00000 0.00000 0.02114 0.00000 0.00000 0.00000 
111	2	0.20003 0.00000 0.00000 0.00000 0.00000 0.00000 0.00000 0.00000 0.11218 0.00000 0.00000 0.00000 0.36354 0.00000 0.00000 0.00000 0.00000 0.00000 0.00000 0.00000 0.11390 0.00000 0.00000 0.00000 0.19818 0.00000 0.00000 0.00000 0.01215 0.00000 0.00000 0.00000 
112	2	0.12384 0.00000 0.00000 0.00000 0.00768 0.00000 0.00000 0.00000 0.04438 0.00000 0.00000 0.00000 0.48204 0.00000 0.00000 0.00000 0.00000 0.00000 0.00000 0.00000 0.12134 0.00000 0.00000 0.00000 0.18417 0.00000 0.00000 0.00000 0.03654 0.00000 0.00000 0.00000 
113	2	0.11426 0.00000 0.00000 0.00000 0.00000 0.00000 0.00000 0.00000 0.29870 0.00000 0.00000 0.00000 0.44958 0.00000 0.00000 0.00000 0.00000 0.00000 0.00000 0.00000 0.07933 0.00000 0.00000 0.00000 0.04946 0.00000 0.00000 0.00000 0.00866 0.00000 0.00000 0.00000 
114	2	0.22702 0.00000 0.00000 0.00000 0.00000 0.00000 0.00000 0.00000 0.16821 0.00000 0.00000 0.00000 0.41460 0.00000 0.00000 0.00000 0.00000 0.00000 0.00000 0.00000 0.10065 0.00000 0.00000 0.00000 0.07515 0.00000 0.00000 0.00000 0.01436 0.00000 0.00000 0.00000 
115	2	0.30357 0.00000 0.00000 0.00000 0.00000 0.00000 0.00000 0.00000 0.21035 0.00000 0.00000 0.00000 0.30871 0.00000 0.00000 0.00000 0.00000 0.00000 0.00000 0.00000 0.11389 0.00000 0.00000 0.00000 0.05458 0.00000 0.00000 0.00000 0.00890 0.00000 0.00000 0.00000 
116	2	0.28682 0.00000 0.00000 0.00000 0.00000 0.00000 0.00000 0.00000 0.28591 0.00000 0.00000 0.00000 0.12395 0.00000 0.00000 0.00000 0.00000 0.00000 0.00000 0.00000 0.25024 0.00000 0.00000 0.00000 0.04706 0.00000 0.00000 0.00000 0.00602 0.00000 0.00000 0.00000 
117	2	0.21932 0.00000 0.00000 0.00000 0.00046 0.00000 0.00000 0.00000 0.11972 0.00000 0.00000 0.00000 0.31442 0.00000 0.00000 0.00000 0.00000 0.00000 0.00000 0.00000 0.15953 0.00000 0.00000 0.00000 0.17438 0.00000 0.00000 0.00000 0.01215 0.00000 0.00000 0.00000 
118	2	0.00927 0.00000 0.00000 0.00000 0.00055 0.00000 0.00000 0.00000 0.29930 0.00000 0.00000 0.00000 0.10292 0.00000 0.00000 0.00000 0.07990 0.00000 0.00000 0.00000 0.26995 0.00000 0.00000 0.00000 0.23557 0.00000 0.00000 0.00000 0.00254 0.00000 0.00000 0.00000 
119	2	0.20490 0.00000 0.00000 0.00000 0.00000 0.00000 0.00000 0.00000 0.13227 0.00000 0.00000 0.00000 0.00362 0.00000 0.00000 0.00000 0.03289 0.00000 0.00000 0.00000 0.52229 0.00000 0.00000 0.00000 0.09912 0.00000 0.00000 0.00000 0.00492 0.00000 0.00000 0.00000 
120	2	0.12908 0.00000 0.00000 0.00000 0.00000 0.00000 0.00000 0.00000 0.25515 0.00000 0.00000 0.00000 0.14102 0.00000 0.00000 0.00000 0.00889 0.00000 0.00000 0.00000 0.39973 0.00000 0.00000 0.00000 0.06483 0.00000 0.00000 0.00000 0.00130 0.00000 0.00000 0.00000 
121	2	0.09325 0.00000 0.00000 0.00000 0.00000 0.00000 0.00000 0.00000 0.22568 0.00000 0.00000 0.00000 0.04989 0.00000 0.00000 0.00000 0.03487 0.00000 0.00000 0.00000 0.53650 0.00000 0.00000 0.00000 0.05843 0.00000 0.00000 0.00000 0.00139 0.00000 0.00000 0.00000 
122	2	0.12897 0.00000 0.00000 0.00000 0.00000 0.00000 0.00000 0.00000 0.40948 0.00000 0.00000 0.00000 0.06603 0.00000 0.00000 0.00000 0.00008 0.00000 0.00000 0.00000 0.05845 0.00000 0.00000 0.00000 0.32102 0.00000 0.00000 0.00000 0.01597 0.00000 0.00000 0.00000 
123	2	0.02227 0.00000 0.00000 0.00000 0.00000 0.00000 0.00000 0.00000 0.10513 0.00000 0.00000 0.00000 0.16986 0.00000 0.00000 0.00000 0.00541 0.00000 0.00000 0.00000 0.66521 0.00000 0.00000 0.00000 0.02829 0.00000 0.00000 0.00000 0.00383 0.00000 0.00000 0.00000 
124	2	0.28510 0.00000 0.00000 0.00000 0.00000 0.00000 0.00000 0.00000 0.29007 0.00000 0.00000 0.00000 0.07690 0.00000 0.00000 0.00000 0.00000 0.00000 0.00000 0.00000 0.18655 0.00000 0.00000 0.00000 0.14816 0.00000 0.00000 0.00000 0.01323 0.00000 0.00000 0.00000 
125	2	0.33272 0.00000 0.00000 0.00000 0.00000 0.00000 0.00000 0.00000 0.38474 0.00000 0.00000 0.00000 0.06366 0.00000 0.00000 0.00000 0.00000 0.00000 0.00000 0.00000 0.06636 0.00000 0.00000 0.00000 0.14015 0.00000 0.00000 0.00000 0.01237 0.00000 0.00000 0.00000 
126	2	0.19225 0.00000 0.00000 0.00000 0.00061 0.00000 0.00000 0.00000 0.19523 0.00000 0.00000 0.00000 0.11592 0.00000 0.00000 0.00000 0.00000 0.00000 0.00000 0.00000 0.35959 0.00000 0.00000 0.00000 0.12142 0.00000 0.00000 0.00000 0.01497 0.00000 0.00000 0.00000 
127	2	0.20718 0.00000 0.00000 0.00000 0.00001 0.00000 0.00000 0.00000 0.18749 0.00000 0.00000 0.00000 0.40439 0.00000 0.00000 0.00000 0.00000 0.00000 0.00000 0.00000 0.11961 0.00000 0.00000 0.00000 0.07173 0.00000 0.00000 0.00000 0.00958 0.00000 0.00000 0.00000 
128	2	0.14230 0.00000 0.00000 0.00000 0.00000 0.00000 0.00000 0.00000 0.10352 0.00000 0.00000 0.00000 0.01632 0.00000 0.00000 0.00000 0.12624 0.00000 0.00000 0.00000 0.56980 0.00000 0.00000 0.00000 0.03950 0.00000 0.00000 0.00000 0.00232 0.00000 0.00000 0.00000 
129	2	0.20062 0.00000 0.00000 0.00000 0.00014 0.00000 0.00000 0.00000 0.09402 0.00000 0.00000 0.00000 0.02192 0.00000 0.00000 0.00000 0.11672 0.00000 0.00000 0.00000 0.51049 0.00000 0.00000 0.00000 0.05179 0.00000 0.00000 0.00000 0.00431 0.00000 0.00000 0.00000 
130	2	0.13749 0.00000 0.00000 0.00000 0.00001 0.00000 0.00000 0.00000 0.06782 0.00000 0.00000 0.00000 0.02400 0.00000 0.00000 0.00000 0.16200 0.00000 0.00000 0.00000 0.55032 0.00000 0.00000 0.00000 0.05659 0.00000 0.00000 0.00000 0.00177 0.00000 0.00000 0.00000 
131	2	0.09030 0.00000 0.00000 0.00000 0.00000 0.00000 0.00000 0.00000 0.14254 0.00000 0.00000 0.00000 0.18525 0.00000 0.00000 0.00000 0.00000 0.00000 0.00000 0.00000 0.34555 0.00000 0.00000 0.00000 0.21547 0.00000 0.00000 0.00000 0.02090 0.00000 0.00000 0.00000 
132	2	0.15315 0.00000 0.00000 0.00000 0.00007 0.00000 0.00000 0.00000 0.19965 0.00000 0.00000 0.00000 0.07712 0.00000 0.00000 0.00000 0.00000 0.00000 0.00000 0.00000 0.21041 0.00000 0.00000 0.00000 0.32960 0.00000 0.00000 0.00000 0.03001 0.00000 0.00000 0.00000 
133	2	0.22426 0.00000 0.00000 0.00000 0.00000 0.00000 0.00000 0.00000 0.15816 0.00000 0.00000 0.00000 0.34545 0.00000 0.00000 0.00000 0.00000 0.00000 0.00000 0.00000 0.15034 0.00000 0.00000 0.00000 0.10693 0.00000 0.00000 0.00000 0.01486 0.00000 0.00000 0.00000 
134	2	0.15973 0.00000 0.00000 0.00000 0.00000 0.00000 0.00000 0.00000 0.12865 0.00000 0.00000 0.00000 0.02407 0.00000 0.00000 0.00000 0.10421 0.00000 0.00000 0.00000 0.53140 0.00000 0.00000 0.00000 0.04801 0.00000 0.00000 0.00000 0.00392 0.00000 0.00000 0.00000 
135	2	0.00000 0.00000 0.00000 0.00000 0.00000 0.00000 0.00000 0.00000 0.12660 0.00000 0.00000 0.00000 0.10652 0.00000 0.00000 0.00000 0.00515 0.00000 0.00000 0.00000 0.49171 0.00000 0.00000 0.00000 0.23290 0.00000 0.00000 0.00000 0.03713 0.00000 0.00000 0.00000 
136	2	0.00000 0.00000 0.00000 0.00000 0.00000 0.00000 0.00000 0.00000 0.15957 0.00000 0.00000 0.00000 0.10827 0.00000 0.00000 0.00000 0.00262 0.00000 0.00000 0.00000 0.36552 0.00000 0.00000 0.00000 0.26801 0.00000 0.00000 0.00000 0.09601 0.00000 0.00000 0.00000 
137	2	0.21020 0.00000 0.00000 0.00000 0.00000 0.00000 0.00000 0.00000 0.14609 0.00000 0.00000 0.00000 0.04783 0.00000 0.00000 0.00000 0.03483 0.00000 0.00000 0.00000 0.51117 0.00000 0.00000 0.00000 0.04436 0.00000 0.00000 0.00000 0.00552 0.00000 0.00000 0.00000 
138	2	0.39795 0.00000 0.00000 0.00000 0.00000 0.00000 0.00000 0.00000 0.21562 0.00000 0.00000 0.00000 0.07710 0.00000 0.00000 0.00000 0.00000 0.00000 0.00000 0.00000 0.23784 0.00000 0.00000 0.00000 0.06669 0.00000 0.00000 0.00000 0.00479 0.00000 0.00000 0.00000 
139	2	0.37561 0.00000 0.00000 0.00000 0.00000 0.00000 0.00000 0.00000 0.29090 0.00000 0.00000 0.00000 0.10356 0.00000 0.00000 0.00000 0.00000 0.00000 0.00000 0.00000 0.12787 0.00000 0.00000 0.00000 0.09334 0.00000 0.00000 0.00000 0.00871 0.00000 0.00000 0.00000 
140	3	0.45522 0.00000 0.00000 0.00000 0.00595 0.00000 0.00000 0.00000 0.15673 0.00000 0.00000 0.00000 0.12670 0.00000 0.00000 0.00000 0.00000 0.00000 0.00000 0.00000 0.04100 0.00000 0.00000 0.00000 0.13030 0.00000 0.00000 0.00000 0.08409 0.00000 0.00000 0.00000 
141	3	0.18290 0.00000 0.00000 0.00000 0.00162 0.00000 0.00000 0.00000 0.15577 0.00000 0.00000 0.00000 0.21344 0.00000 0.00000 0.00000 0.00001 0.00000 0.00000 0.00000 0.11743 0.00000 0.00000 0.00000 0.13377 0.00000 0.00000 0.00000 0.19505 0.00000 0.00000 0.00000 
142	3	0.54960 0.00000 0.00000 0.00000 0.00025 0.00000 0.00000 0.00000 0.12618 0.00000 0.00000 0.00000 0.09145 0.00000 0.00000 0.00000 0.00000 0.00000 0.00000 0.00000 0.08087 0.00000 0.00000 0.00000 0.10339 0.00000 0.00000 0.00000 0.04826 0.00000 0.00000 0.00000 
143	3	0.37117 0.00000 0.00000 0.00000 0.00521 0.00000 0.00000 0.00000 0.19006 0.00000 0.00000 0.00000 0.12301 0.00000 0.00000 0.00000 0.00073 0.00000 0.00000 0.00000 0.12795 0.00000 0.00000 0.00000 0.09973 0.00000 0.00000 0.00000 0.08213 0.00000 0.00000 0.00000 
144	3	0.39652 0.00000 0.00000 0.00000 0.00027 0.00000 0.00000 0.00000 0.15503 0.00000 0.00000 0.00000 0.11269 0.00000 0.00000 0.00000 0.00016 0.00000 0.00000 0.00000 0.14920 0.00000 0.00000 0.00000 0.15963 0.00000 0.00000 0.00000 0.02650 0.00000 0.00000 0.00000 
145	3	0.13299 0.00000 0.00000 0.00000 0.00005 0.00000 0.00000 0.00000 0.22368 0.00000 0.00000 0.00000 0.18664 0.00000 0.00000 0.00000 0.00003 0.00000 0.00000 0.00000 0.26819 0.00000 0.00000 0.00000 0.17180 0.00000 0.00000 0.00000 0.01661 0.00000 0.00000 0.00000 
146	3	0.19218 0.00000 0.00000 0.00000 0.00013 0.00000 0.00000 0.00000 0.18431 0.00000 0.00000 0.00000 0.15257 0.00000 0.00000 0.00000 0.00047 0.00000 0.00000 0.00000 0.20222 0.00000 0.00000 0.00000 0.23061 0.00000 0.00000 0.00000 0.03750 0.00000 0.00000 0.00000 
147	3	0.35810 0.00000 0.00000 0.00000 0.00100 0.00000 0.00000 0.00000 0.14799 0.00000 0.00000 0.00000 0.17331 0.00000 0.00000 0.00000 0.00000 0.00000 0.00000 0.00000 0.08794 0.00000 0.00000 0.00000 0.13368 0.00000 0.00000 0.00000 0.09798 0.00000 0.00000 0.00000 
148	3	0.33493 0.00000 0.00000 0.00000 0.01510 0.00000 0.00000 0.00000 0.06990 0.00000 0.00000 0.00000 0.14378 0.00000 0.00000 0.00000 0.00000 0.00000 0.00000 0.00000 0.11707 0.00000 0.00000 0.00000 0.16209 0.00000 0.00000 0.00000 0.15713 0.00000 0.00000 0.00000 
149	3	0.24467 0.00000 0.00000 0.00000 0.02616 0.00000 0.00000 0.00000 0.03960 0.00000 0.00000 0.00000 0.14748 0.00000 0.00000 0.00000 0.00000 0.00000 0.00000 0.00000 0.02229 0.00000 0.00000 0.00000 0.13025 0.00000 0.00000 0.00000 0.38954 0.00000 0.00000 0.00000 
150	3	0.22429 0.00000 0.00000 0.00000 0.02167 0.00000 0.00000 0.00000 0.05117 0.00000 0.00000 0.00000 0.11401 0.00000 0.00000 0.00000 0.00000 0.00000 0.00000 0.00000 0.02772 0.00000 0.00000 0.00000 0.10822 0.00000 0.00000 0.00000 0.45292 0.00000 0.00000 0.00000 
151	3	0.20476 0.00000 0.00000 0.00000 0.03186 0.00000 0.00000 0.00000 0.05372 0.00000 0.00000 0.00000 0.10340 0.00000 0.00000 0.00000 0.00000 0.00000 0.00000 0.00000 0.03532 0.00000 0.00000 0.00000 0.10646 0.00000 0.00000 0.00000 0.46448 0.00000 0.00000 0.00000 
152	3	0.25785 0.00000 0.00000 0.00000 0.05997 0.00000 0.00000 0.00000 0.05604 0.00000 0.00000 0.00000 0.13343 0.00000 0.00000 0.00000 0.00000 0.00000 0.00000 0.00000 0.02482 0.00000 0.00000 0.00000 0.09770 0.00000 0.00000 0.00000 0.37019 0.00000 0.00000 0.00000 
153	3	0.38900 0.00000 0.00000 0.00000 0.00036 0.00000 0.00000 0.00000 0.14273 0.00000 0.00000 0.00000 0.13504 0.00000 0.00000 0.00000 0.00000 0.00000 0.00000 0.00000 0.10776 0.00000 0.00000 0.00000 0.13049 0.00000 0.00000 0.00000 0.09461 0.00000 0.00000 0.00000 
154	3	0.24883 0.00000 0.00000 0.00000 0.00265 0.00000 0.00000 0.00000 0.17961 0.00000 0.00000 0.00000 0.17450 0.00000 0.00000 0.00000 0.00001 0.00000 0.00000 0.00000 0.13145 0.00000 0.00000 0.00000 0.14124 0.00000 0.00000 0.00000 0.12171 0.00000 0.00000 0.00000 
155	3	0.28977 0.00000 0.00000 0.00000 0.05418 0.00000 0.00000 0.00000 0.18694 0.00000 0.00000 0.00000 0.13010 0.00000 0.00000 0.00000 0.00001 0.00000 0.00000 0.00000 0.00004 0.00000 0.00000 0.00000 0.02437 0.00000 0.00000 0.00000 0.31460 0.00000 0.00000 0.00000 
156	3	0.46011 0.00000 0.00000 0.00000 0.06348 0.00000 0.00000 0.00000 0.17201 0.00000 0.00000 0.00000 0.07945 0.00000 0.00000 0.00000 0.00000 0.00000 0.00000 0.00000 0.00007 0.00000 0.00000 0.00000 0.01973 0.00000 0.00000 0.00000 0.20514 0.00000 0.00000 0.00000 
157	3	0.44738 0.00000 0.00000 0.00000 0.02320 0.00000 0.00000 0.00000 0.07238 0.00000 0.00000 0.00000 0.25452 0.00000 0.00000 0.00000 0.00000 0.00000 0.00000 0.00000 0.00007 0.00000 0.00000 0.00000 0.00207 0.00000 0.00000 0.00000 0.20038 0.00000 0.00000 0.00000 
158	3	0.18965 0.00000 0.00000 0.00000 0.08016 0.00000 0.00000 0.00000 0.45532 0.00000 0.00000 0.00000 0.18523 0.00000 0.00000 0.00000 0.00000 0.00000 0.00000 0.00000 0.00009 0.00000 0.00000 0.00000 0.02585 0.00000 0.00000 0.00000 0.06369 0.00000 0.00000 0.00000 
159	3	0.37939 0.00000 0.00000 0.00000 0.09995 0.00000 0.00000 0.00000 0.33563 0.00000 0.00000 0.00000 0.09874 0.00000 0.00000 0.00000 0.00000 0.00000 0.00000 0.00000 0.00014 0.00000 0.00000 0.00000 0.01505 0.00000 0.00000 0.00000 0.07111 0.00000 0.00000 0.00000 
160	3	0.09887 0.00000 0.00000 0.00000 0.02400 0.00000 0.00000 0.00000 0.73738 0.00000 0.00000 0.00000 0.06447 0.00000 0.00000 0.00000 0.00000 0.00000 0.00000 0.00000 0.00001 0.00000 0.00000 0.00000 0.01307 0.00000 0.00000 0.00000 0.06220 0.00000 0.00000 0.00000 
161	3	0.77833 0.00000 0.00000 0.00000 0.02317 0.00000 0.00000 0.00000 0.14612 0.00000 0.00000 0.00000 0.03860 0.00000 0.00000 0.00000 0.00000 0.00000 0.00000 0.00000 0.00000 0.00000 0.00000 0.00000 0.00021 0.00000 0.00000 0.00000 0.01357 0.00000 0.00000 0.00000 
162	3	0.11066 0.00000 0.00000 0.00000 0.00000 0.00000 0.00000 0.00000 0.02000 0.00000 0.00000 0.00000 0.08363 0.00000 0.00000 0.00000 0.00000 0.00000 0.00000 0.00000 0.33070 0.00000 0.00000 0.00000 0.44735 0.00000 0.00000 0.00000 0.00766 0.00000 0.00000 0.00000 
163	3	0.52249 0.00000 0.00000 0.00000 0.05902 0.00000 0.00000 0.00000 0.20327 0.00000 0.00000 0.00000 0.13184 0.00000 0.00000 0.00000 0.00000 0.00000 0.00000 0.00000 0.00007 0.00000 0.00000 0.00000 0.01138 0.00000 0.00000 0.00000 0.07193 0.00000 0.00000 0.00000 
164	3	0.46095 0.00000 0.00000 0.00000 0.05880 0.00000 0.00000 0.00000 0.14742 0.00000 0.00000 0.00000 0.19506 0.00000 0.00000 0.00000 0.00000 0.00000 0.00000 0.00000 0.00006 0.00000 0.00000 0.00000 0.01045 0.00000 0.00000 0.00000 0.12726 0.00000 0.00000 0.00000 
165	3	0.33562 0.00000 0.00000 0.00000 0.00007 0.00000 0.00000 0.00000 0.22281 0.00000 0.00000 0.00000 0.07114 0.00000 0.00000 0.00000 0.00045 0.00000 0.00000 0.00000 0.13891 0.00000 0.00000 0.00000 0.10820 0.00000 0.00000 0.00000 0.12280 0.00000 0.00000 0.00000 
166	3	0.64816 0.00000 0.00000 0.00000 0.00002 0.00000 0.00000 0.00000 0.12472 0.00000 0.00000 0.00000 0.03576 0.00000 0.00000 0.00000 0.00000 0.00000 0.00000 0.00000 0.03538 0.00000 0.00000 0.00000 0.11169 0.00000 0.00000 0.00000 0.04427 0.00000 0.00000 0.00000 
167	3	0.64138 0.00000 0.00000 0.00000 0.00003 0.00000 0.00000 0.00000 0.13125 0.00000 0.00000 0.00000 0.03682 0.00000 0.00000 0.00000 0.00000 0.00000 0.00000 0.00000 0.03411 0.00000 0.00000 0.00000 0.08136 0.00000 0.00000 0.00000 0.07505 0.00000 0.00000 0.00000 
168	3	0.40372 0.00000 0.00000 0.00000 0.00001 0.00000 0.00000 0.00000 0.24461 0.00000 0.00000 0.00000 0.04512 0.00000 0.00000 0.00000 0.00000 0.00000 0.00000 0.00000 0.02980 0.00000 0.00000 0.00000 0.19615 0.00000 0.00000 0.00000 0.08060 0.00000 0.00000 0.00000 
169	3	0.40671 0.00000 0.00000 0.00000 0.00026 0.00000 0.00000 0.00000 0.27724 0.00000 0.00000 0.00000 0.07695 0.00000 0.00000 0.00000 0.00000 0.00000 0.00000 0.00000 0.03262 0.00000 0.00000 0.00000 0.14064 0.00000 0.00000 0.00000 0.06558 0.00000 0.00000 0.00000 
170	3	0.13286 0.00000 0.00000 0.00000 0.00006 0.00000 0.00000 0.00000 0.39359 0.00000 0.00000 0.00000 0.10632 0.00000 0.00000 0.00000 0.00153 0.00000 0.00000 0.00000 0.17154 0.00000 0.00000 0.00000 0.11071 0.00000 0.00000 0.00000 0.08338 0.00000 0.00000 0.00000 
171	3	0.15874 0.00000 0.00000 0.00000 0.00000 0.00000 0.00000 0.00000 0.16764 0.00000 0.00000 0.00000 0.08620 0.00000 0.00000 0.00000 0.00002 0.00000 0.00000 0.00000 0.11457 0.00000 0.00000 0.00000 0.41115 0.00000 0.00000 0.00000 0.06166 0.00000 0.00000 0.00000 
172	3	0.14312 0.00000 0.00000 0.00000 0.00001 0.00000 0.00000 0.00000 0.19022 0.00000 0.00000 0.00000 0.08902 0.00000 0.00000 0.00000 0.00000 0.00000 0.00000 0.00000 0.15326 0.00000 0.00000 0.00000 0.38666 0.00000 0.00000 0.00000 0.03770 0.00000 0.00000 0.00000 
173	3	0.16745 0.00000 0.00000 0.00000 0.00623 0.00000 0.00000 0.00000 0.15293 0.00000 0.00000 0.00000 0.37430 0.00000 0.00000 0.00000 0.00000 0.00000 0.00000 0.00000 0.12421 0.00000 0.00000 0.00000 0.14798 0.00000 0.00000 0.00000 0.02690 0.00000 0.00000 0.00000 
174	3	0.54267 0.00000 0.00000 0.00000 0.00005 0.00000 0.00000 0.00000 0.04318 0.00000 0.00000 0.00000 0.14522 0.00000 0.00000 0.00000 0.00000 0.00000 0.00000 0.00000 0.05653 0.00000 0.00000 0.00000 0.10456 0.00000 0.00000 0.00000 0.10778 0.00000 0.00000 0.00000 
175	3	0.35477 0.00000 0.00000 0.00000 0.00001 0.00000 0.00000 0.00000 0.05570 0.00000 0.00000 0.00000 0.23011 0.00000 0.00000 0.00000 0.00000 0.00000 0.00000 0.00000 0.11566 0.00000 0.00000 0.00000 0.14937 0.00000 0.00000 0.00000 0.09438 0.00000 0.00000 0.00000 
176	3	0.41661 0.00000 0.00000 0.00000 0.00003 0.00000 0.00000 0.00000 0.05848 0.00000 0.00000 0.00000 0.20552 0.00000 0.00000 0.00000 0.00000 0.00000 0.00000 0.00000 0.09602 0.00000 0.00000 0.00000 0.12715 0.00000 0.00000 0.00000 0.09620 0.00000 0.00000 0.00000 
177	3	0.49726 0.00000 0.00000 0.00000 0.00008 0.00000 0.00000 0.00000 0.06963 0.00000 0.00000 0.00000 0.13436 0.00000 0.00000 0.00000 0.00000 0.00000 0.00000 0.00000 0.07127 0.00000 0.00000 0.00000 0.10596 0.00000 0.00000 0.00000 0.12142 0.00000 0.00000 0.00000 
178	3	0.62640 0.00000 0.00000 0.00000 0.00040 0.00000 0.00000 0.00000 0.09514 0.00000 0.00000 0.00000 0.07203 0.00000 0.00000 0.00000 0.00000 0.00000 0.00000 0.00000 0.09412 0.00000 0.00000 0.00000 0.10451 0.00000 0.00000 0.00000 0.00740 0.00000 0.00000 0.00000 
179	3	0.57585 0.00000 0.00000 0.00000 0.00030 0.00000 0.00000 0.00000 0.08014 0.00000 0.00000 0.00000 0.06405 0.00000 0.00000 0.00000 0.00000 0.00000 0.00000 0.00000 0.12365 0.00000 0.00000 0.00000 0.14847 0.00000 0.00000 0.00000 0.00755 0.00000 0.00000 0.00000 
180	3	0.53045 0.00000 0.00000 0.00000 0.00032 0.00000 0.00000 0.00000 0.08819 0.00000 0.00000 0.00000 0.07717 0.00000 0.00000 0.00000 0.00000 0.00000 0.00000 0.00000 0.18171 0.00000 0.00000 0.00000 0.11852 0.00000 0.00000 0.00000 0.00364 0.00000 0.00000 0.00000 
181	3	0.55352 0.00000 0.00000 0.00000 0.00019 0.00000 0.00000 0.00000 0.10108 0.00000 0.00000 0.00000 0.09670 0.00000 0.00000 0.00000 0.00000 0.00000 0.00000 0.00000 0.19622 0.00000 0.00000 0.00000 0.04944 0.00000 0.00000 0.00000 0.00286 0.00000 0.00000 0.00000 
182	3	0.23660 0.00000 0.00000 0.00000 0.00009 0.00000 0.00000 0.00000 0.22799 0.00000 0.00000 0.00000 0.03585 0.00000 0.00000 0.00000 0.00936 0.00000 0.00000 0.00000 0.20280 0.00000 0.00000 0.00000 0.14129 0.00000 0.00000 0.00000 0.14602 0.00000 0.00000 0.00000 
183	3	0.58303 0.00000 0.00000 0.00000 0.00024 0.00000 0.00000 0.00000 0.10290 0.00000 0.00000 0.00000 0.05704 0.00000 0.00000 0.00000 0.00000 0.00000 0.00000 0.00000 0.17620 0.00000 0.00000 0.00000 0.07427 0.00000 0.00000 0.00000 0.00632 0.00000 0.00000 0.00000 
184	3	0.06538 0.00000 0.00000 0.00000 0.00590 0.00000 0.00000 0.00000 0.10384 0.00000 0.00000 0.00000 0.26852 0.00000 0.00000 0.00000 0.00000 0.00000 0.00000 0.00000 0.17280 0.00000 0.00000 0.00000 0.31984 0.00000 0.00000 0.00000 0.06372 0.00000 0.00000 0.00000 
185	3	0.06883 0.00000 0.00000 0.00000 0.00331 0.00000 0.00000 0.00000 0.10452 0.00000 0.00000 0.00000 0.24836 0.00000 0.00000 0.00000 0.00000 0.00000 0.00000 0.00000 0.18362 0.00000 0.00000 0.00000 0.32558 0.00000 0.00000 0.00000 0.06577 0.00000 0.00000 0.00000 
186	3	0.32496 0.00000 0.00000 0.00000 0.00065 0.00000 0.00000 0.00000 0.08234 0.00000 0.00000 0.00000 0.08728 0.00000 0.00000 0.00000 0.00016 0.00000 0.00000 0.00000 0.13752 0.00000 0.00000 0.00000 0.19984 0.00000 0.00000 0.00000 0.16724 0.00000 0.00000 0.00000 
187	3	0.25660 0.00000 0.00000 0.00000 0.00056 0.00000 0.00000 0.00000 0.12127 0.00000 0.00000 0.00000 0.09850 0.00000 0.00000 0.00000 0.00007 0.00000 0.00000 0.00000 0.15730 0.00000 0.00000 0.00000 0.21146 0.00000 0.00000 0.00000 0.15425 0.00000 0.00000 0.00000 
188	3	0.32200 0.00000 0.00000 0.00000 0.00113 0.00000 0.00000 0.00000 0.05949 0.00000 0.00000 0.00000 0.08687 0.00000 0.00000 0.00000 0.00027 0.00000 0.00000 0.00000 0.12774 0.00000 0.00000 0.00000 0.16833 0.00000 0.00000 0.00000 0.23417 0.00000 0.00000 0.00000 
189	3	0.03456 0.00000 0.00000 0.00000 0.00002 0.00000 0.00000 0.00000 0.24663 0.00000 0.00000 0.00000 0.07080 0.00000 0.00000 0.00000 0.06997 0.00000 0.00000 0.00000 0.19052 0.00000 0.00000 0.00000 0.23504 0.00000 0.00000 0.00000 0.15244 0.00000 0.00000 0.00000 
190	3	0.17490 0.00000 0.00000 0.00000 0.00107 0.00000 0.00000 0.00000 0.41862 0.00000 0.00000 0.00000 0.05820 0.00000 0.00000 0.00000 0.02790 0.00000 0.00000 0.00000 0.11405 0.00000 0.00000 0.00000 0.07839 0.00000 0.00000 0.00000 0.12688 0.00000 0.00000 0.00000 
191	3	0.15453 0.00000 0.00000 0.00000 0.00240 0.00000 0.00000 0.00000 0.20517 0.00000 0.00000 0.00000 0.14561 0.00000 0.00000 0.00000 0.00348 0.00000 0.00000 0.00000 0.13899 0.00000 0.00000 0.00000 0.13555 0.00000 0.00000 0.00000 0.21427 0.00000 0.00000 0.00000 
192	3	0.25264 0.00000 0.00000 0.00000 0.00486 0.00000 0.00000 0.00000 0.19591 0.00000 0.00000 0.00000 0.17927 0.00000 0.00000 0.00000 0.00283 0.00000 0.00000 0.00000 0.08080 0.00000 0.00000 0.00000 0.13312 0.00000 0.00000 0.00000 0.15057 0.00000 0.00000 0.00000 
193	3	0.22317 0.00000 0.00000 0.00000 0.00021 0.00000 0.00000 0.00000 0.23244 0.00000 0.00000 0.00000 0.06351 0.00000 0.00000 0.00000 0.01060 0.00000 0.00000 0.00000 0.20578 0.00000 0.00000 0.00000 0.16454 0.00000 0.00000 0.00000 0.09975 0.00000 0.00000 0.00000 
194	3	0.00237 0.00000 0.00000 0.00000 0.00000 0.00000 0.00000 0.00000 0.36877 0.00000 0.00000 0.00000 0.18803 0.00000 0.00000 0.00000 0.00012 0.00000 0.00000 0.00000 0.19358 0.00000 0.00000 0.00000 0.09396 0.00000 0.00000 0.00000 0.15317 0.00000 0.00000 0.00000 
195	3	0.09520 0.00000 0.00000 0.00000 0.00002 0.00000 0.00000 0.00000 0.35751 0.00000 0.00000 0.00000 0.17352 0.00000 0.00000 0.00000 0.00000 0.00000 0.00000 0.00000 0.09715 0.00000 0.00000 0.00000 0.07470 0.00000 0.00000 0.00000 0.20190 0.00000 0.00000 0.00000 
196	3	0.11352 0.00000 0.00000 0.00000 0.00002 0.00000 0.00000 0.00000 0.35809 0.00000 0.00000 0.00000 0.07396 0.00000 0.00000 0.00000 0.00010 0.00000 0.00000 0.00000 0.05573 0.00000 0.00000 0.00000 0.08037 0.00000 0.00000 0.00000 0.31821 0.00000 0.00000 0.00000 
197	3	0.31609 0.00000 0.00000 0.00000 0.00087 0.00000 0.00000 0.00000 0.36552 0.00000 0.00000 0.00000 0.02820 0.00000 0.00000 0.00000 0.00602 0.00000 0.00000 0.00000 0.05267 0.00000 0.00000 0.00000 0.11703 0.00000 0.00000 0.00000 0.11359 0.00000 0.00000 0.00000 
198	3	0.26014 0.00000 0.00000 0.00000 0.00087 0.00000 0.00000 0.00000 0.39849 0.00000 0.00000 0.00000 0.02821 0.00000 0.00000 0.00000 0.02578 0.00000 0.00000 0.00000 0.07736 0.00000 0.00000 0.00000 0.09512 0.00000 0.00000 0.00000 0.11403 0.00000 0.00000 0.00000 
199	3	0.61367 0.00000 0.00000 0.00000 0.00441 0.00000 0.00000 0.00000 0.03832 0.00000 0.00000 0.00000 0.06552 0.00000 0.00000 0.00000 0.00000 0.00000 0.00000 0.00000 0.02071 0.00000 0.00000 0.00000 0.06599 0.00000 0.00000 0.00000 0.19137 0.00000 0.00000 0.00000 
200	3	0.34943 0.00000 0.00000 0.00000 0.00307 0.00000 0.00000 0.00000 0.15542 0.00000 0.00000 0.00000 0.07718 0.00000 0.00000 0.00000 0.00557 0.00000 0.00000 0.00000 0.08409 0.00000 0.00000 0.00000 0.13233 0.00000 0.00000 0.00000 0.19290 0.00000 0.00000 0.00000 
201	3	0.32859 0.00000 0.00000 0.00000 0.00004 0.00000 0.00000 0.00000 0.28831 0.00000 0.00000 0.00000 0.10771 0.00000 0.00000 0.00000 0.00133 0.00000 0.00000 0.00000 0.17443 0.00000 0.00000 0.00000 0.06425 0.00000 0.00000 0.00000 0.03534 0.00000 0.00000 0.00000 
202	3	0.22642 0.00000 0.00000 0.00000 0.00005 0.00000 0.00000 0.00000 0.32525 0.00000 0.00000 0.00000 0.10539 0.00000 0.00000 0.00000 0.00277 0.00000 0.00000 0.00000 0.12483 0.00000 0.00000 0.00000 0.14410 0.00000 0.00000 0.00000 0.07120 0.00000 0.00000 0.00000 
203	3	0.29529 0.00000 0.00000 0.00000 0.00007 0.00000 0.00000 0.00000 0.27555 0.00000 0.00000 0.00000 0.07990 0.00000 0.00000 0.00000 0.00513 0.00000 0.00000 0.00000 0.14840 0.00000 0.00000 0.00000 0.13400 0.00000 0.00000 0.00000 0.06166 0.00000 0.00000 0.00000 
204	3	0.16745 0.00000 0.00000 0.00000 0.01171 0.00000 0.00000 0.00000 0.11975 0.00000 0.00000 0.00000 0.33292 0.00000 0.00000 0.00000 0.00000 0.00000 0.00000 0.00000 0.12545 0.00000 0.00000 0.00000 0.21833 0.00000 0.00000 0.00000 0.02440 0.00000 0.00000 0.00000 
205	3	0.75004 0.00000 0.00000 0.00000 0.00086 0.00000 0.00000 0.00000 0.09307 0.00000 0.00000 0.00000 0.01646 0.00000 0.00000 0.00000 0.01705 0.00000 0.00000 0.00000 0.03202 0.00000 0.00000 0.00000 0.04305 0.00000 0.00000 0.00000 0.04744 0.00000 0.00000 0.00000 
206	3	0.72311 0.00000 0.00000 0.00000 0.00065 0.00000 0.00000 0.00000 0.11189 0.00000 0.00000 0.00000 0.01745 0.00000 0.00000 0.00000 0.01800 0.00000 0.00000 0.00000 0.03621 0.00000 0.00000 0.00000 0.04766 0.00000 0.00000 0.00000 0.04503 0.00000 0.00000 0.00000 
207	3	0.54792 0.00000 0.00000 0.00000 0.00047 0.00000 0.00000 0.00000 0.19633 0.00000 0.00000 0.00000 0.02592 0.00000 0.00000 0.00000 0.01913 0.00000 0.00000 0.00000 0.12345 0.00000 0.00000 0.00000 0.06127 0.00000 0.00000 0.00000 0.02552 0.00000 0.00000 0.00000 
208	3	0.07329 0.00000 0.00000 0.00000 0.00015 0.00000 0.00000 0.00000 0.12116 0.00000 0.00000 0.00000 0.02070 0.00000 0.00000 0.00000 0.01152 0.00000 0.00000 0.00000 0.25900 0.00000 0.00000 0.00000 0.43969 0.00000 0.00000 0.00000 0.07450 0.00000 0.00000 0.00000 
209	3	0.10786 0.00000 0.00000 0.00000 0.00007 0.00000 0.00000 0.00000 0.24325 0.00000 0.00000 0.00000 0.03691 0.00000 0.00000 0.00000 0.01491 0.00000 0.00000 0.00000 0.23181 0.00000 0.00000 0.00000 0.30086 0.00000 0.00000 0.00000 0.06432 0.00000 0.00000 0.00000 
210	4	0.25148 0.00000 0.00000 0.00000 0.00567 0.00000 0.00000 0.00000 0.02102 0.00000 0.00000 0.00000 0.25544 0.00000 0.00000 0.00000 0.00000 0.00000 0.00000 0.00000 0.07659 0.00000 0.00000 0.00000 0.33824 0.00000 0.00000 0.00000 0.05156 0.00000 0.00000 0.00000 
211	4	0.11151 0.00000 0.00000 0.00000 0.00229 0.00000 0.00000 0.00000 0.09446 0.00000 0.00000 0.00000 0.32426 0.00000 0.00000 0.00000 0.00000 0.00000 0.00000 0.00000 0.06078 0.00000 0.00000 0.00000 0.36194 0.00000 0.00000 0.00000 0.04477 0.00000 0.00000 0.00000 
212	4	0.11662 0.00000 0.00000 0.00000 0.00898 0.00000 0.00000 0.00000 0.15452 0.00000 0.00000 0.00000 0.24135 0.00000 0.00000 0.00000 0.00000 0.00000 0.00000 0.00000 0.07300 0.00000 0.00000 0.00000 0.36000 0.00000 0.00000 0.00000 0.04553 0.00000 0.00000 0.00000 
213	4	0.12415 0.00000 0.00000 0.00000 0.00046 0.00000 0.00000 0.00000 0.28637 0.00000 0.00000 0.00000 0.14644 0.00000 0.00000 0.00000 0.00083 0.00000 0.00000 0.00000 0.20169 0.00000 0.00000 0.00000 0.16975 0.00000 0.00000 0.00000 0.07030 0.00000 0.00000 0.00000 
214	4	0.16705 0.00000 0.00000 0.00000 0.00002 0.00000 0.00000 0.00000 0.16292 0.00000 0.00000 0.00000 0.15344 0.00000 0.00000 0.00000 0.00000 0.00000 0.00000 0.00000 0.18839 0.00000 0.00000 0.00000 0.25169 0.00000 0.00000 0.00000 0.07650 0.00000 0.00000 0.00000 
215	4	0.18500 0.00000 0.00000 0.00000 0.00002 0.00000 0.00000 0.00000 0.12293 0.00000 0.00000 0.00000 0.14218 0.00000 0.00000 0.00000 0.00000 0.00000 0.00000 0.00000 0.25866 0.00000 0.00000 0.00000 0.20982 0.00000 0.00000 0.00000 0.08139 0.00000 0.00000 0.00000 
216	4	0.09969 0.00000 0.00000 0.00000 0.00002 0.00000 0.00000 0.00000 0.14708 0.00000 0.00000 0.00000 0.07359 0.00000 0.00000 0.00000 0.00000 0.00000 0.00000 0.00000 0.44695 0.00000 0.00000 0.00000 0.16907 0.00000 0.00000 0.00000 0.06359 0.00000 0.00000 0.00000 
217	4	0.02031 0.00000 0.00000 0.00000 0.00077 0.00000 0.00000 0.00000 0.01135 0.00000 0.00000 0.00000 0.08185 0.00000 0.00000 0.00000 0.00002 0.00000 0.00000 0.00000 0.56510 0.00000 0.00000 0.00000 0.18585 0.00000 0.00000 0.00000 0.13473 0.00000 0.00000 0.00000 
218	4	0.24357 0.00000 0.00000 0.00000 0.01429 0.00000 0.00000 0.00000 0.47758 0.00000 0.00000 0.00000 0.10855 0.00000 0.00000 0.00000 0.00000 0.00000 0.00000 0.00000 0.00038 0.00000 0.00000 0.00000 0.07026 0.00000 0.00000 0.00000 0.08536 0.00000 0.00000 0.00000 
219	4	0.08692 0.00000 0.00000 0.00000 0.04319 0.00000 0.00000 0.00000 0.48470 0.00000 0.00000 0.00000 0.13666 0.00000 0.00000 0.00000 0.00000 0.00000 0.00000 0.00000 0.01177 0.00000 0.00000 0.00000 0.15127 0.00000 0.00000 0.00000 0.08550 0.00000 0.00000 0.00000 
220	4	0.07873 0.00000 0.00000 0.00000 0.00041 0.00000 0.00000 0.00000 0.02673 0.00000 0.00000 0.00000 0.18845 0.00000 0.00000 0.00000 0.00000 0.00000 0.00000 0.00000 0.24008 0.00000 0.00000 0.00000 0.27825 0.00000 0.00000 0.00000 0.18735 0.00000 0.00000 0.00000 
221	4	0.12448 0.00000 0.00000 0.00000 0.00921 0.00000 0.00000 0.00000 0.01927 0.00000 0.00000 0.00000 0.36766 0.00000 0.00000 0.00000 0.00000 0.00000 0.00000 0.00000 0.01674 0.00000 0.00000 0.00000 0.30548 0.00000 0.00000 0.00000 0.15716 0.00000 0.00000 0.00000 
222	4	0.18684 0.00000 0.00000 0.00000 0.00780 0.00000 0.00000 0.00000 0.23335 0.00000 0.00000 0.00000 0.18004 0.00000 0.00000 0.00000 0.00000 0.00000 0.00000 0.00000 0.04912 0.00000 0.00000 0.00000 0.23052 0.00000 0.00000 0.00000 0.11233 0.00000 0.00000 0.00000 
223	4	0.11531 0.00000 0.00000 0.00000 0.00018 0.00000 0.00000 0.00000 0.08207 0.00000 0.00000 0.00000 0.15385 0.00000 0.00000 0.00000 0.00000 0.00000 0.00000 0.00000 0.04422 0.00000 0.00000 0.00000 0.38721 0.00000 0.00000 0.00000 0.21715 0.00000 0.00000 0.00000 
224	4	0.09360 0.00000 0.00000 0.00000 0.00022 0.00000 0.00000 0.00000 0.08458 0.00000 0.00000 0.00000 0.30494 0.00000 0.00000 0.00000 0.00000 0.00000 0.00000 0.00000 0.15337 0.00000 0.00000 0.00000 0.25760 0.00000 0.00000 0.00000 0.10570 0.00000 0.00000 0.00000 
225	4	0.13082 0.00000 0.00000 0.00000 0.00540 0.00000 0.00000 0.00000 0.43413 0.00000 0.00000 0.00000 0.15184 0.00000 0.00000 0.00000 0.00000 0.00000 0.00000 0.00000 0.00855 0.00000 0.00000 0.00000 0.11470 0.00000 0.00000 0.00000 0.15455 0.00000 0.00000 0.00000 
226	4	0.11409 0.00000 0.00000 0.00000 0.03048 0.00000 0.00000 0.00000 0.07467 0.00000 0.00000 0.00000 0.21612 0.00000 0.00000 0.00000 0.00000 0.00000 0.00000 0.00000 0.26852 0.00000 0.00000 0.00000 0.23763 0.00000 0.00000 0.00000 0.05848 0.00000 0.00000 0.00000 
227	4	0.13444 0.00000 0.00000 0.00000 0.05800 0.00000 0.00000 0.00000 0.01669 0.00000 0.00000 0.00000 0.21271 0.00000 0.00000 0.00000 0.00000 0.00000 0.00000 0.00000 0.03000 0.00000 0.00000 0.00000 0.30109 0.00000 0.00000 0.00000 0.24707 0.00000 0.00000 0.00000 
228	4	0.26247 0.00000 0.00000 0.00000 0.00891 0.00000 0.00000 0.00000 0.01792 0.00000 0.00000 0.00000 0.24186 0.00000 0.00000 0.00000 0.00000 0.00000 0.00000 0.00000 0.15777 0.00000 0.00000 0.00000 0.15229 0.00000 0.00000 0.00000 0.15878 0.00000 0.00000 0.00000 
229	4	0.22635 0.00000 0.00000 0.00000 0.00608 0.00000 0.00000 0.00000 0.02897 0.00000 0.00000 0.00000 0.35120 0.00000 0.00000 0.00000 0.00000 0.00000 0.00000 0.00000 0.06791 0.00000 0.00000 0.00000 0.20924 0.00000 0.00000 0.00000 0.11025 0.00000 0.00000 0.00000 
230	4	0.18563 0.00000 0.00000 0.00000 0.00761 0.00000 0.00000 0.00000 0.04513 0.00000 0.00000 0.00000 0.40733 0.00000 0.00000 0.00000 0.00000 0.00000 0.00000 0.00000 0.07815 0.00000 0.00000 0.00000 0.24003 0.00000 0.00000 0.00000 0.03612 0.00000 0.00000 0.00000 
231	4	0.12807 0.00000 0.00000 0.00000 0.00422 0.00000 0.00000 0.00000 0.02043 0.00000 0.00000 0.00000 0.24007 0.00000 0.00000 0.00000 0.00000 0.00000 0.00000 0.00000 0.22156 0.00000 0.00000 0.00000 0.17790 0.00000 0.00000 0.00000 0.20774 0.00000 0.00000 0.00000 
232	4	0.07722 0.00000 0.00000 0.00000 0.03560 0.00000 0.00000 0.00000 0.10928 0.00000 0.00000 0.00000 0.30720 0.00000 0.00000 0.00000 0.00000 0.00000 0.00000 0.00000 0.14233 0.00000 0.00000 0.00000 0.14963 0.00000 0.00000 0.00000 0.17875 0.00000 0.00000 0.00000 
233	4	0.16231 0.00000 0.00000 0.00000 0.01645 0.00000 0.00000 0.00000 0.10960 0.00000 0.00000 0.00000 0.26517 0.00000 0.00000 0.00000 0.00000 0.00000 0.00000 0.00000 0.03579 0.00000 0.00000 0.00000 0.22138 0.00000 0.00000 0.00000 0.18930 0.00000 0.00000 0.00000 
234	4	0.26793 0.00000 0.00000 0.00000 0.02222 0.00000 0.00000 0.00000 0.02432 0.00000 0.00000 0.00000 0.25510 0.00000 0.00000 0.00000 0.00000 0.00000 0.00000 0.00000 0.20435 0.00000 0.00000 0.00000 0.17855 0.00000 0.00000 0.00000 0.04752 0.00000 0.00000 0.00000 
235	4	0.26334 0.00000 0.00000 0.00000 0.01166 0.00000 0.00000 0.00000 0.01502 0.00000 0.00000 0.00000 0.33294 0.00000 0.00000 0.00000 0.00000 0.00000 0.00000 0.00000 0.12237 0.00000 0.00000 0.00000 0.23212 0.00000 0.00000 0.00000 0.02254 0.00000 0.00000 0.00000 
236	4	0.12929 0.00000 0.00000 0.00000 0.00986 0.00000 0.00000 0.00000 0.14300 0.00000 0.00000 0.00000 0.25531 0.00000 0.00000 0.00000 0.00000 0.00000 0.00000 0.00000 0.25035 0.00000 0.00000 0.00000 0.16897 0.00000 0.00000 0.00000 0.04322 0.00000 0.00000 0.00000 
237	4	0.09799 0.00000 0.00000 0.00000 0.01250 0.00000 0.00000 0.00000 0.13607 0.00000 0.00000 0.00000 0.30751 0.00000 0.00000 0.00000 0.00000 0.00000 0.00000 0.00000 0.11075 0.00000 0.00000 0.00000 0.30321 0.00000 0.00000 0.00000 0.03197 0.00000 0.00000 0.00000 
238	4	0.54735 0.00000 0.00000 0.00000 0.00000 0.00000 0.00000 0.00000 0.09848 0.00000 0.00000 0.00000 0.12232 0.00000 0.00000 0.00000 0.00000 0.00000 0.00000 0.00000 0.03095 0.00000 0.00000 0.00000 0.11651 0.00000 0.00000 0.00000 0.08438 0.00000 0.00000 0.00000 
239	4	0.35212 0.00000 0.00000 0.00000 0.00000 0.00000 0.00000 0.00000 0.08950 0.00000 0.00000 0.00000 0.27257 0.00000 0.00000 0.00000 0.00000 0.00000 0.00000 0.00000 0.26510 0.00000 0.00000 0.00000 0.02019 0.00000 0.00000 0.00000 0.00052 0.00000 0.00000 0.00000 
240	4	0.19790 0.00000 0.00000 0.00000 0.00000 0.00000 0.00000 0.00000 0.20331 0.00000 0.00000 0.00000 0.56455 0.00000 0.00000 0.00000 0.00000 0.00000 0.00000 0.00000 0.01838 0.00000 0.00000 0.00000 0.01574 0.00000 0.00000 0.00000 0.00011 0.00000 0.00000 0.00000 
241	4	0.17328 0.00000 0.00000 0.00000 0.00000 0.00000 0.00000 0.00000 0.29940 0.00000 0.00000 0.00000 0.22485 0.00000 0.00000 0.00000 0.00000 0.00000 0.00000 0.00000 0.10503 0.00000 0.00000 0.00000 0.18270 0.00000 0.00000 0.00000 0.01473 0.00000 0.00000 0.00000 
242	4	0.12228 0.00000 0.00000 0.00000 0.00000 0.00000 0.00000 0.00000 0.31722 0.00000 0.00000 0.00000 0.23100 0.00000 0.00000 0.00000 0.00000 0.00000 0.00000 0.00000 0.10627 0.00000 0.00000 0.00000 0.20055 0.00000 0.00000 0.00000 0.02267 0.00000 0.00000 0.00000 
243	4	0.21700 0.00000 0.00000 0.00000 0.00000 0.00000 0.00000 0.00000 0.23168 0.00000 0.00000 0.00000 0.10540 0.00000 0.00000 0.00000 0.00000 0.00000 0.00000 0.00000 0.12085 0.00000 0.00000 0.00000 0.30860 0.00000 0.00000 0.00000 0.01646 0.00000 0.00000 0.00000 
244	4	0.20782 0.00000 0.00000 0.00000 0.00000 0.00000 0.00000 0.00000 0.30293 0.00000 0.00000 0.00000 0.13557 0.00000 0.00000 0.00000 0.00000 0.00000 0.00000 0.00000 0.13635 0.00000 0.00000 0.00000 0.20756 0.00000 0.00000 0.00000 0.00977 0.00000 0.00000 0.00000 
245	4	0.25474 0.00000 0.00000 0.00000 0.00000 0.00000 0.00000 0.00000 0.25897 0.00000 0.00000 0.00000 0.17840 0.00000 0.00000 0.00000 0.00000 0.00000 0.00000 0.00000 0.08511 0.00000 0.00000 0.00000 0.18415 0.00000 0.00000 0.00000 0.03864 0.00000 0.00000 0.00000 
246	4	0.31863 0.00000 0.00000 0.00000 0.00002 0.00000 0.00000 0.00000 0.29885 0.00000 0.00000 0.00000 0.13004 0.00000 0.00000 0.00000 0.00000 0.00000 0.00000 0.00000 0.07717 0.00000 0.00000 0.00000 0.17267 0.00000 0.00000 0.00000 0.00261 0.00000 0.00000 0.00000 
247	4	0.19071 0.00000 0.00000 0.00000 0.00000 0.00000 0.00000 0.00000 0.48093 0.00000 0.00000 0.00000 0.16610 0.00000 0.00000 0.00000 0.00000 0.00000 0.00000 0.00000 0.04068 0.00000 0.00000 0.00000 0.11886 0.00000 0.00000 0.00000 0.00272 0.00000 0.00000 0.00000 
248	4	0.13005 0.00000 0.00000 0.00000 0.00000 0.00000 0.00000 0.00000 0.34972 0.00000 0.00000 0.00000 0.08316 0.00000 0.00000 0.00000 0.00000 0.00000 0.00000 0.00000 0.04767 0.00000 0.00000 0.00000 0.37995 0.00000 0.00000 0.00000 0.00945 0.00000 0.00000 0.00000 
249	4	0.00070 0.00000 0.00000 0.00000 0.00000 0.00000 0.00000 0.00000 0.49890 0.00000 0.00000 0.00000 0.09482 0.00000 0.00000 0.00000 0.00000 0.00000 0.00000 0.00000 0.25931 0.00000 0.00000 0.00000 0.13728 0.00000 0.00000 0.00000 0.00899 0.00000 0.00000 0.00000 
250	4	0.33845 0.00000 0.00000 0.00000 0.00000 0.00000 0.00000 0.00000 0.07990 0.00000 0.00000 0.00000 0.02403 0.00000 0.00000 0.00000 0.00004 0.00000 0.00000 0.00000 0.40363 0.00000 0.00000 0.00000 0.09913 0.00000 0.00000 0.00000 0.05482 0.00000 0.00000 0.00000 
251	4	0.24498 0.00000 0.00000 0.00000 0.01104 0.00000 0.00000 0.00000 0.04605 0.00000 0.00000 0.00000 0.35396 0.00000 0.00000 0.00000 0.00000 0.00000 0.00000 0.00000 0.05627 0.00000 0.00000 0.00000 0.25827 0.00000 0.00000 0.00000 0.02944 0.00000 0.00000 0.00000 
252	4	0.15042 0.00000 0.00000 0.00000 0.00000 0.00000 0.00000 0.00000 0.33566 0.00000 0.00000 0.00000 0.06791 0.00000 0.00000 0.00000 0.00000 0.00000 0.00000 0.00000 0.02254 0.00000 0.00000 0.00000 0.30950 0.00000 0.00000 0.00000 0.11397 0.00000 0.00000 0.00000 
253	4	0.00099 0.00000 0.00000 0.00000 0.00002 0.00000 0.00000 0.00000 0.40887 0.00000 0.00000 0.00000 0.09362 0.00000 0.00000 0.00000 0.00000 0.00000 0.00000 0.00000 0.03882 0.00000 0.00000 0.00000 0.38446 0.00000 0.00000 0.00000 0.07323 0.00000 0.00000 0.00000 
254	4	0.05706 0.00000 0.00000 0.00000 0.00016 0.00000 0.00000 0.00000 0.39192 0.00000 0.00000 0.00000 0.15730 0.00000 0.00000 0.00000 0.00000 0.00000 0.00000 0.00000 0.02080 0.00000 0.00000 0.00000 0.28407 0.00000 0.00000 0.00000 0.08870 0.00000 0.00000 0.00000 
255	4	0.15484 0.00000 0.00000 0.00000 0.00011 0.00000 0.00000 0.00000 0.38220 0.00000 0.00000 0.00000 0.08246 0.00000 0.00000 0.00000 0.00000 0.00000 0.00000 0.00000 0.01614 0.00000 0.00000 0.00000 0.27375 0.00000 0.00000 0.00000 0.09050 0.00000 0.00000 0.00000 
256	4	0.00057 0.00000 0.00000 0.00000 0.00002 0.00000 0.00000 0.00000 0.43262 0.00000 0.00000 0.00000 0.09693 0.00000 0.00000 0.00000 0.00000 0.00000 0.00000 0.00000 0.03534 0.00000 0.00000 0.00000 0.36625 0.00000 0.00000 0.00000 0.06826 0.00000 0.00000 0.00000 
257	4	0.11293 0.00000 0.00000 0.00000 0.00083 0.00000 0.00000 0.00000 0.17923 0.00000 0.00000 0.00000 0.12827 0.00000 0.00000 0.00000 0.00001 0.00000 0.00000 0.00000 0.15524 0.00000 0.00000 0.00000 0.35832 0.00000 0.00000 0.00000 0.06517 0.00000 0.00000 0.00000 
258	4	0.18950 0.00000 0.00000 0.00000 0.03422 0.00000 0.00000 0.00000 0.21145 0.00000 0.00000 0.00000 0.35468 0.00000 0.00000 0.00000 0.00000 0.00000 0.00000 0.00000 0.01876 0.00000 0.00000 0.00000 0.15592 0.00000 0.00000 0.00000 0.03546 0.00000 0.00000 0.00000 
259	4	0.12717 0.00000 0.00000 0.00000 0.01846 0.00000 0.00000 0.00000 0.02988 0.00000 0.00000 0.00000 0.36692 0.00000 0.00000 0.00000 0.00000 0.00000 0.00000 0.00000 0.10295 0.00000 0.00000 0.00000 0.26072 0.00000 0.00000 0.00000 0.09389 0.00000 0.00000 0.00000 
260	4	0.10891 0.00000 0.00000 0.00000 0.02297 0.00000 0.00000 0.00000 0.06038 0.00000 0.00000 0.00000 0.34956 0.00000 0.00000 0.00000 0.00000 0.00000 0.00000 0.00000 0.05962 0.00000 0.00000 0.00000 0.30272 0.00000 0.00000 0.00000 0.09583 0.00000 0.00000 0.00000 
261	4	0.29198 0.00000 0.00000 0.00000 0.00087 0.00000 0.00000 0.00000 0.05193 0.00000 0.00000 0.00000 0.16783 0.00000 0.00000 0.00000 0.00017 0.00000 0.00000 0.00000 0.33868 0.00000 0.00000 0.00000 0.07581 0.00000 0.00000 0.00000 0.07272 0.00000 0.00000 0.00000 
262	4	0.12584 0.00000 0.00000 0.00000 0.00006 0.00000 0.00000 0.00000 0.06475 0.00000 0.00000 0.00000 0.21627 0.00000 0.00000 0.00000 0.00001 0.00000 0.00000 0.00000 0.43084 0.00000 0.00000 0.00000 0.12329 0.00000 0.00000 0.00000 0.03894 0.00000 0.00000 0.00000 
263	4	0.13566 0.00000 0.00000 0.00000 0.00095 0.00000 0.00000 0.00000 0.07501 0.00000 0.00000 0.00000 0.26084 0.00000 0.00000 0.00000 0.00005 0.00000 0.00000 0.00000 0.41466 0.00000 0.00000 0.00000 0.08895 0.00000 0.00000 0.00000 0.02388 0.00000 0.00000 0.00000 
264	4	0.03437 0.00000 0.00000 0.00000 0.00002 0.00000 0.00000 0.00000 0.49384 0.00000 0.00000 0.00000 0.05722 0.00000 0.00000 0.00000 0.00000 0.00000 0.00000 0.00000 0.02678 0.00000 0.00000 0.00000 0.26940 0.00000 0.00000 0.00000 0.11837 0.00000 0.00000 0.00000 
265	4	0.00079 0.00000 0.00000 0.00000 0.00003 0.00000 0.00000 0.00000 0.47592 0.00000 0.00000 0.00000 0.09680 0.00000 0.00000 0.00000 0.00000 0.00000 0.00000 0.00000 0.02910 0.00000 0.00000 0.00000 0.31392 0.00000 0.00000 0.00000 0.08343 0.00000 0.00000 0.00000 
266	4	0.00097 0.00000 0.00000 0.00000 0.00002 0.00000 0.00000 0.00000 0.47377 0.00000 0.00000 0.00000 0.05725 0.00000 0.00000 0.00000 0.00000 0.00000 0.00000 0.00000 0.02305 0.00000 0.00000 0.00000 0.36593 0.00000 0.00000 0.00000 0.07901 0.00000 0.00000 0.00000 
267	4	0.00066 0.00000 0.00000 0.00000 0.00002 0.00000 0.00000 0.00000 0.42973 0.00000 0.00000 0.00000 0.07225 0.00000 0.00000 0.00000 0.00000 0.00000 0.00000 0.00000 0.03704 0.00000 0.00000 0.00000 0.32830 0.00000 0.00000 0.00000 0.13200 0.00000 0.00000 0.00000 
268	4	0.24776 0.00000 0.00000 0.00000 0.00247 0.00000 0.00000 0.00000 0.14104 0.00000 0.00000 0.00000 0.15735 0.00000 0.00000 0.00000 0.00000 0.00000 0.00000 0.00000 0.18743 0.00000 0.00000 0.00000 0.22814 0.00000 0.00000 0.00000 0.03580 0.00000 0.00000 0.00000 
269	4	0.29939 0.00000 0.00000 0.00000 0.00146 0.00000 0.00000 0.00000 0.13095 0.00000 0.00000 0.00000 0.19244 0.00000 0.00000 0.00000 0.00000 0.00000 0.00000 0.00000 0.15907 0.00000 0.00000 0.00000 0.19224 0.00000 0.00000 0.00000 0.02445 0.00000 0.00000 0.00000 
270	4	0.19850 0.00000 0.00000 0.00000 0.00022 0.00000 0.00000 0.00000 0.19841 0.00000 0.00000 0.00000 0.22297 0.00000 0.00000 0.00000 0.00000 0.00000 0.00000 0.00000 0.08748 0.00000 0.00000 0.00000 0.25682 0.00000 0.00000 0.00000 0.03559 0.00000 0.00000 0.00000 
271	4	0.19979 0.00000 0.00000 0.00000 0.00026 0.00000 0.00000 0.00000 0.21920 0.00000 0.00000 0.00000 0.21610 0.00000 0.00000 0.00000 0.00000 0.00000 0.00000 0.00000 0.08600 0.00000 0.00000 0.00000 0.24677 0.00000 0.00000 0.00000 0.03187 0.00000 0.00000 0.00000 
272	4	0.21416 0.00000 0.00000 0.00000 0.00000 0.00000 0.00000 0.00000 0.33632 0.00000 0.00000 0.00000 0.18570 0.00000 0.00000 0.00000 0.00000 0.00000 0.00000 0.00000 0.08907 0.00000 0.00000 0.00000 0.17273 0.00000 0.00000 0.00000 0.00202 0.00000 0.00000 0.00000 
273	4	0.18758 0.00000 0.00000 0.00000 0.00002 0.00000 0.00000 0.00000 0.29759 0.00000 0.00000 0.00000 0.19439 0.00000 0.00000 0.00000 0.00000 0.00000 0.00000 0.00000 0.08228 0.00000 0.00000 0.00000 0.21582 0.00000 0.00000 0.00000 0.02232 0.00000 0.00000 0.00000 
274	4	0.37191 0.00000 0.00000 0.00000 0.00000 0.00000 0.00000 0.00000 0.16721 0.00000 0.00000 0.00000 0.12962 0.00000 0.00000 0.00000 0.00000 0.00000 0.00000 0.00000 0.16572 0.00000 0.00000 0.00000 0.12294 0.00000 0.00000 0.00000 0.04259 0.00000 0.00000 0.00000 
275	4	0.19958 0.00000 0.00000 0.00000 0.00750 0.00000 0.00000 0.00000 0.05059 0.00000 0.00000 0.00000 0.23508 0.00000 0.00000 0.00000 0.00000 0.00000 0.00000 0.00000 0.24018 0.00000 0.00000 0.00000 0.10337 0.00000 0.00000 0.00000 0.16369 0.00000 0.00000 0.00000 
276	4	0.07741 0.00000 0.00000 0.00000 0.00430 0.00000 0.00000 0.00000 0.05242 0.00000 0.00000 0.00000 0.09442 0.00000 0.00000 0.00000 0.00000 0.00000 0.00000 0.00000 0.14909 0.00000 0.00000 0.00000 0.61502 0.00000 0.00000 0.00000 0.00735 0.00000 0.00000 0.00000 
277	4	0.13921 0.00000 0.00000 0.00000 0.01594 0.00000 0.00000 0.00000 0.06075 0.00000 0.00000 0.00000 0.50217 0.00000 0.00000 0.00000 0.00000 0.00000 0.00000 0.00000 0.00107 0.00000 0.00000 0.00000 0.08952 0.00000 0.00000 0.00000 0.19136 0.00000 0.00000 0.00000 
278	4	0.19455 0.00000 0.00000 0.00000 0.02186 0.00000 0.00000 0.00000 0.07342 0.00000 0.00000 0.00000 0.44073 0.00000 0.00000 0.00000 0.00000 0.00000 0.00000 0.00000 0.00003 0.00000 0.00000 0.00000 0.08272 0.00000 0.00000 0.00000 0.18667 0.00000 0.00000 0.00000 
279	4	0.39102 0.00000 0.00000 0.00000 0.01285 0.00000 0.00000 0.00000 0.11373 0.00000 0.00000 0.00000 0.37948 0.00000 0.00000 0.00000 0.00000 0.00000 0.00000 0.00000 0.00000 0.00000 0.00000 0.00000 0.02642 0.00000 0.00000 0.00000 0.07650 0.00000 0.00000 0.00000 
280	5	0.13104 0.00000 0.00000 0.00000 0.00055 0.00000 0.00000 0.00000 0.04834 0.00000 0.00000 0.00000 0.15820 0.00000 0.00000 0.00000 0.00000 0.00000 0.00000 0.00000 0.10841 0.00000 0.00000 0.00000 0.45228 0.00000 0.00000 0.00000 0.10118 0.00000 0.00000 0.00000 
281	5	0.37802 0.00000 0.00000 0.00000 0.00000 0.00000 0.00000 0.00000 0.20508 0.00000 0.00000 0.00000 0.10600 0.00000 0.00000 0.00000 0.00006 0.00000 0.00000 0.00000 0.15792 0.00000 0.00000 0.00000 0.09887 0.00000 0.00000 0.00000 0.05405 0.00000 0.00000 0.00000 
282	5	0.16852 0.00000 0.00000 0.00000 0.00000 0.00000 0.00000 0.00000 0.18117 0.00000 0.00000 0.00000 0.19537 0.00000 0.00000 0.00000 0.00000 0.00000 0.00000 0.00000 0.11141 0.00000 0.00000 0.00000 0.22164 0.00000 0.00000 0.00000 0.12189 0.00000 0.00000 0.00000 
283	5	0.02110 0.00000 0.00000 0.00000 0.00000 0.00000 0.00000 0.00000 0.05547 0.00000 0.00000 0.00000 0.09775 0.00000 0.00000 0.00000 0.00000 0.00000 0.00000 0.00000 0.25121 0.00000 0.00000 0.00000 0.54103 0.00000 0.00000 0.00000 0.03343 0.00000 0.00000 0.00000 
284	5	0.06446 0.00000 0.00000 0.00000 0.00000 0.00000 0.00000 0.00000 0.10043 0.00000 0.00000 0.00000 0.11022 0.00000 0.00000 0.00000 0.00001 0.00000 0.00000 0.00000 0.26809 0.00000 0.00000 0.00000 0.45058 0.00000 0.00000 0.00000 0.00621 0.00000 0.00000 0.00000 
285	5	0.08569 0.00000 0.00000 0.00000 0.00000 0.00000 0.00000 0.00000 0.06862 0.00000 0.00000 0.00000 0.06755 0.00000 0.00000 0.00000 0.00006 0.00000 0.00000 0.00000 0.39282 0.00000 0.00000 0.00000 0.38512 0.00000 0.00000 0.00000 0.00014 0.00000 0.00000 0.00000 
286	5	0.43204 0.00000 0.00000 0.00000 0.00000 0.00000 0.00000 0.00000 0.11751 0.00000 0.00000 0.00000 0.03078 0.00000 0.00000 0.00000 0.00022 0.00000 0.00000 0.00000 0.05510 0.00000 0.00000 0.00000 0.35386 0.00000 0.00000 0.00000 0.01049 0.00000 0.00000 0.00000 
287	5	0.17550 0.00000 0.00000 0.00000 0.00000 0.00000 0.00000 0.00000 0.33969 0.00000 0.00000 0.00000 0.07482 0.00000 0.00000 0.00000 0.01584 0.00000 0.00000 0.00000 0.23810 0.00000 0.00000 0.00000 0.11899 0.00000 0.00000 0.00000 0.03705 0.00000 0.00000 0.00000 
288	5	0.10408 0.00000 0.00000 0.00000 0.00562 0.00000 0.00000 0.00000 0.02752 0.00000 0.00000 0.00000 0.33604 0.00000 0.00000 0.00000 0.00000 0.00000 0.00000 0.00000 0.06556 0.00000 0.00000 0.00000 0.38222 0.00000 0.00000 0.00000 0.07896 0.00000 0.00000 0.00000 
289	5	0.03076 0.00000 0.00000 0.00000 0.00000 0.00000 0.00000 0.00000 0.08050 0.00000 0.00000 0.00000 0.02105 0.00000 0.00000 0.00000 0.01888 0.00000 0.00000 0.00000 0.32260 0.00000 0.00000 0.00000 0.45536 0.00000 0.00000 0.00000 0.07085 0.00000 0.00000 0.00000 
290	5	0.03231 0.00000 0.00000 0.00000 0.00000 0.00000 0.00000 0.00000 0.11200 0.00000 0.00000 0.00000 0.02906 0.00000 0.00000 0.00000 0.01772 0.00000 0.00000 0.00000 0.36232 0.00000 0.00000 0.00000 0.41026 0.00000 0.00000 0.00000 0.03632 0.00000 0.00000 0.00000 
291	5	0.00265 0.00000 0.00000 0.00000 0.00000 0.00000 0.00000 0.00000 0.34204 0.00000 0.00000 0.00000 0.03443 0.00000 0.00000 0.00000 0.10047 0.00000 0.00000 0.00000 0.33708 0.00000 0.00000 0.00000 0.11608 0.00000 0.00000 0.00000 0.06725 0.00000 0.00000 0.00000 
292	5	0.08587 0.00000 0.00000 0.00000 0.00000 0.00000 0.00000 0.00000 0.11736 0.00000 0.00000 0.00000 0.05482 0.00000 0.00000 0.00000 0.00466 0.00000 0.00000 0.00000 0.22241 0.00000 0.00000 0.00000 0.37621 0.00000 0.00000 0.00000 0.13867 0.00000 0.00000 0.00000 
293	5	0.01255 0.00000 0.00000 0.00000 0.00000 0.00000 0.00000 0.00000 0.45770 0.00000 0.00000 0.00000 0.05493 0.00000 0.00000 0.00000 0.05880 0.00000 0.00000 0.00000 0.30130 0.00000 0.00000 0.00000 0.08645 0.00000 0.00000 0.00000 0.02827 0.00000 0.00000 0.00000 
294	5	0.00000 0.00000 0.00000 0.00000 0.00000 0.00000 0.00000 0.00000 0.24417 0.00000 0.00000 0.00000 0.00047 0.00000 0.00000 0.00000 0.13228 0.00000 0.00000 0.00000 0.40442 0.00000 0.00000 0.00000 0.14816 0.00000 0.00000 0.00000 0.07051 0.00000 0.00000 0.00000 
295	5	0.06257 0.00000 0.00000 0.00000 0.01261 0.00000 0.00000 0.00000 0.05257 0.00000 0.00000 0.00000 0.52548 0.00000 0.00000 0.00000 0.00000 0.00000 0.00000 0.00000 0.02004 0.00000 0.00000 0.00000 0.25841 0.00000 0.00000 0.00000 0.06831 0.00000 0.00000 0.00000 
296	5	0.05975 0.00000 0.00000 0.00000 0.00316 0.00000 0.00000 0.00000 0.01631 0.00000 0.00000 0.00000 0.32221 0.00000 0.00000 0.00000 0.00000 0.00000 0.00000 0.00000 0.12308 0.00000 0.00000 0.00000 0.36427 0.00000 0.00000 0.00000 0.11123 0.00000 0.00000 0.00000 
297	5	0.04990 0.00000 0.00000 0.00000 0.00413 0.00000 0.00000 0.00000 0.02675 0.00000 0.00000 0.00000 0.30038 0.00000 0.00000 0.00000 0.00000 0.00000 0.00000 0.00000 0.02872 0.00000 0.00000 0.00000 0.55658 0.00000 0.00000 0.00000 0.03354 0.00000 0.00000 0.00000 
298	5	0.05721 0.00000 0.00000 0.00000 0.01514 0.00000 0.00000 0.00000 0.03174 0.00000 0.00000 0.00000 0.43399 0.00000 0.00000 0.00000 0.00000 0.00000 0.00000 0.00000 0.01777 0.00000 0.00000 0.00000 0.33829 0.00000 0.00000 0.00000 0.10585 0.00000 0.00000 0.00000 
299	5	0.09399 0.00000 0.00000 0.00000 0.00191 0.00000 0.00000 0.00000 0.02115 0.00000 0.00000 0.00000 0.22879 0.00000 0.00000 0.00000 0.00000 0.00000 0.00000 0.00000 0.17397 0.00000 0.00000 0.00000 0.46707 0.00000 0.00000 0.00000 0.01312 0.00000 0.00000 0.00000 
300	5	0.12695 0.00000 0.00000 0.00000 0.00214 0.00000 0.00000 0.00000 0.03161 0.00000 0.00000 0.00000 0.25763 0.00000 0.00000 0.00000 0.00000 0.00000 0.00000 0.00000 0.12128 0.00000 0.00000 0.00000 0.42694 0.00000 0.00000 0.00000 0.03344 0.00000 0.00000 0.00000 
301	5	0.28982 0.00000 0.00000 0.00000 0.00033 0.00000 0.00000 0.00000 0.08765 0.00000 0.00000 0.00000 0.19560 0.00000 0.00000 0.00000 0.00000 0.00000 0.00000 0.00000 0.08399 0.00000 0.00000 0.00000 0.18492 0.00000 0.00000 0.00000 0.15769 0.00000 0.00000 0.00000 
302	5	0.11824 0.00000 0.00000 0.00000 0.00000 0.00000 0.00000 0.00000 0.11851 0.00000 0.00000 0.00000 0.21803 0.00000 0.00000 0.00000 0.00000 0.00000 0.00000 0.00000 0.17510 0.00000 0.00000 0.00000 0.29427 0.00000 0.00000 0.00000 0.07585 0.00000 0.00000 0.00000 
303	5	0.07326 0.00000 0.00000 0.00000 0.00000 0.00000 0.00000 0.00000 0.22214 0.00000 0.00000 0.00000 0.26925 0.00000 0.00000 0.00000 0.00000 0.00000 0.00000 0.00000 0.15449 0.00000 0.00000 0.00000 0.27094 0.00000 0.00000 0.00000 0.00991 0.00000 0.00000 0.00000 
304	5	0.12688 0.00000 0.00000 0.00000 0.00193 0.00000 0.00000 0.00000 0.06270 0.00000 0.00000 0.00000 0.38158 0.00000 0.00000 0.00000 0.00000 0.00000 0.00000 0.00000 0.03579 0.00000 0.00000 0.00000 0.24983 0.00000 0.00000 0.00000 0.14127 0.00000 0.00000 0.00000 
305	5	0.21980 0.00000 0.00000 0.00000 0.01023 0.00000 0.00000 0.00000 0.10938 0.00000 0.00000 0.00000 0.49052 0.00000 0.00000 0.00000 0.00000 0.00000 0.00000 0.00000 0.02297 0.00000 0.00000 0.00000 0.10721 0.00000 0.00000 0.00000 0.03987 0.00000 0.00000 0.00000 
306	5	0.34882 0.00000 0.00000 0.00000 0.02336 0.00000 0.00000 0.00000 0.05561 0.00000 0.00000 0.00000 0.24867 0.00000 0.00000 0.00000 0.00000 0.00000 0.00000 0.00000 0.02217 0.00000 0.00000 0.00000 0.15988 0.00000 0.00000 0.00000 0.14149 0.00000 0.00000 0.00000 
307	5	0.14907 0.00000 0.00000 0.00000 0.00671 0.00000 0.00000 0.00000 0.09272 0.00000 0.00000 0.00000 0.31360 0.00000 0.00000 0.00000 0.00000 0.00000 0.00000 0.00000 0.07617 0.00000 0.00000 0.00000 0.26133 0.00000 0.00000 0.00000 0.10042 0.00000 0.00000 0.00000 
308	5	0.27402 0.00000 0.00000 0.00000 0.00237 0.00000 0.00000 0.00000 0.12697 0.00000 0.00000 0.00000 0.26716 0.00000 0.00000 0.00000 0.00001 0.00000 0.00000 0.00000 0.08557 0.00000 0.00000 0.00000 0.18970 0.00000 0.00000 0.00000 0.05420 0.00000 0.00000 0.00000 
309	5	0.39467 0.00000 0.00000 0.00000 0.01490 0.00000 0.00000 0.00000 0.10519 0.00000 0.00000 0.00000 0.29732 0.00000 0.00000 0.00000 0.00001 0.00000 0.00000 0.00000 0.05267 0.00000 0.00000 0.00000 0.09657 0.00000 0.00000 0.00000 0.03867 0.00000 0.00000 0.00000 
310	5	0.24772 0.00000 0.00000 0.00000 0.00241 0.00000 0.00000 0.00000 0.04238 0.00000 0.00000 0.00000 0.31244 0.00000 0.00000 0.00000 0.00000 0.00000 0.00000 0.00000 0.06172 0.00000 0.00000 0.00000 0.26660 0.00000 0.00000 0.00000 0.06673 0.00000 0.00000 0.00000 
311	5	0.14472 0.00000 0.00000 0.00000 0.00203 0.00000 0.00000 0.00000 0.05187 0.00000 0.00000 0.00000 0.33083 0.00000 0.00000 0.00000 0.00000 0.00000 0.00000 0.00000 0.08769 0.00000 0.00000 0.00000 0.31484 0.00000 0.00000 0.00000 0.06802 0.00000 0.00000 0.00000 
312	5	0.14060 0.00000 0.00000 0.00000 0.00910 0.00000 0.00000 0.00000 0.09729 0.00000 0.00000 0.00000 0.33749 0.00000 0.00000 0.00000 0.00001 0.00000 0.00000 0.00000 0.06837 0.00000 0.00000 0.00000 0.25338 0.00000 0.00000 0.00000 0.09376 0.00000 0.00000 0.00000 
313	5	0.13448 0.00000 0.00000 0.00000 0.02844 0.00000 0.00000 0.00000 0.05748 0.00000 0.00000 0.00000 0.28438 0.00000 0.00000 0.00000 0.00000 0.00000 0.00000 0.00000 0.01320 0.00000 0.00000 0.00000 0.26196 0.00000 0.00000 0.00000 0.22005 0.00000 0.00000 0.00000 
314	5	0.04563 0.00000 0.00000 0.00000 0.01457 0.00000 0.00000 0.00000 0.03455 0.00000 0.00000 0.00000 0.72089 0.00000 0.00000 0.00000 0.00000 0.00000 0.00000 0.00000 0.06952 0.00000 0.00000 0.00000 0.07895 0.00000 0.00000 0.00000 0.03588 0.00000 0.00000 0.00000 
315	5	0.10855 0.00000 0.00000 0.00000 0.01252 0.00000 0.00000 0.00000 0.10065 0.00000 0.00000 0.00000 0.35046 0.00000 0.00000 0.00000 0.00000 0.00000 0.00000 0.00000 0.06367 0.00000 0.00000 0.00000 0.26260 0.00000 0.00000 0.00000 0.10155 0.00000 0.00000 0.00000 
316	5	0.08673 0.00000 0.00000 0.00000 0.02181 0.00000 0.00000 0.00000 0.06588 0.00000 0.00000 0.00000 0.45793 0.00000 0.00000 0.00000 0.00000 0.00000 0.00000 0.00000 0.04635 0.00000 0.00000 0.00000 0.24309 0.00000 0.00000 0.00000 0.07820 0.00000 0.00000 0.00000 
317	5	0.42067 0.00000 0.00000 0.00000 0.04288 0.00000 0.00000 0.00000 0.09128 0.00000 0.00000 0.00000 0.19825 0.00000 0.00000 0.00000 0.00000 0.00000 0.00000 0.00000 0.02821 0.00000 0.00000 0.00000 0.09327 0.00000 0.00000 0.00000 0.12545 0.00000 0.00000 0.00000 
318	5	0.06843 0.00000 0.00000 0.00000 0.02988 0.00000 0.00000 0.00000 0.10158 0.00000 0.00000 0.00000 0.30999 0.00000 0.00000 0.00000 0.00000 0.00000 0.00000 0.00000 0.03367 0.00000 0.00000 0.00000 0.30808 0.00000 0.00000 0.00000 0.14837 0.00000 0.00000 0.00000 
319	5	0.34825 0.00000 0.00000 0.00000 0.00891 0.00000 0.00000 0.00000 0.04020 0.00000 0.00000 0.00000 0.26625 0.00000 0.00000 0.00000 0.00000 0.00000 0.00000 0.00000 0.03715 0.00000 0.00000 0.00000 0.20727 0.00000 0.00000 0.00000 0.09197 0.00000 0.00000 0.00000 
320	5	0.31732 0.00000 0.00000 0.00000 0.02286 0.00000 0.00000 0.00000 0.03680 0.00000 0.00000 0.00000 0.32094 0.00000 0.00000 0.00000 0.00000 0.00000 0.00000 0.00000 0.03172 0.00000 0.00000 0.00000 0.17945 0.00000 0.00000 0.00000 0.09092 0.00000 0.00000 0.00000 
321	5	0.00072 0.00000 0.00000 0.00000 0.03215 0.00000 0.00000 0.00000 0.10241 0.00000 0.00000 0.00000 0.79895 0.00000 0.00000 0.00000 0.00000 0.00000 0.00000 0.00000 0.02236 0.00000 0.00000 0.00000 0.04280 0.00000 0.00000 0.00000 0.00062 0.00000 0.00000 0.00000 
322	5	0.00737 0.00000 0.00000 0.00000 0.04243 0.00000 0.00000 0.00000 0.23572 0.00000 0.00000 0.00000 0.21452 0.00000 0.00000 0.00000 0.00000 0.00000 0.00000 0.00000 0.30531 0.00000 0.00000 0.00000 0.18515 0.00000 0.00000 0.00000 0.00951 0.00000 0.00000 0.00000 
323	5	0.13861 0.00000 0.00000 0.00000 0.03247 0.00000 0.00000 0.00000 0.07347 0.00000 0.00000 0.00000 0.58305 0.00000 0.00000 0.00000 0.00000 0.00000 0.00000 0.00000 0.02224 0.00000 0.00000 0.00000 0.08626 0.00000 0.00000 0.00000 0.06389 0.00000 0.00000 0.00000 
324	5	0.20225 0.00000 0.00000 0.00000 0.00452 0.00000 0.00000 0.00000 0.11056 0.00000 0.00000 0.00000 0.51778 0.00000 0.00000 0.00000 0.00000 0.00000 0.00000 0.00000 0.01280 0.00000 0.00000 0.00000 0.12294 0.00000 0.00000 0.00000 0.02916 0.00000 0.00000 0.00000 
325	5	0.41772 0.00000 0.00000 0.00000 0.05853 0.00000 0.00000 0.00000 0.07536 0.00000 0.00000 0.00000 0.21122 0.00000 0.00000 0.00000 0.00000 0.00000 0.00000 0.00000 0.02655 0.00000 0.00000 0.00000 0.09178 0.00000 0.00000 0.00000 0.11884 0.00000 0.00000 0.00000 
326	5	0.35230 0.00000 0.00000 0.00000 0.05197 0.00000 0.00000 0.00000 0.09291 0.00000 0.00000 0.00000 0.33343 0.00000 0.00000 0.00000 0.00000 0.00000 0.00000 0.00000 0.05260 0.00000 0.00000 0.00000 0.06950 0.00000 0.00000 0.00000 0.04729 0.00000 0.00000 0.00000 
327	5	0.48425 0.00000 0.00000 0.00000 0.02691 0.00000 0.00000 0.00000 0.03600 0.00000 0.00000 0.00000 0.13792 0.00000 0.00000 0.00000 0.00000 0.00000 0.00000 0.00000 0.02508 0.00000 0.00000 0.00000 0.27509 0.00000 0.00000 0.00000 0.01475 0.00000 0.00000 0.00000 
328	5	0.46756 0.00000 0.00000 0.00000 0.01715 0.00000 0.00000 0.00000 0.04513 0.00000 0.00000 0.00000 0.12470 0.00000 0.00000 0.00000 0.00000 0.00000 0.00000 0.00000 0.02125 0.00000 0.00000 0.00000 0.32415 0.00000 0.00000 0.00000 0.00005 0.00000 0.00000 0.00000 
329	5	0.23594 0.00000 0.00000 0.00000 0.00963 0.00000 0.00000 0.00000 0.08582 0.00000 0.00000 0.00000 0.45397 0.00000 0.00000 0.00000 0.00000 0.00000 0.00000 0.00000 0.01836 0.00000 0.00000 0.00000 0.12544 0.00000 0.00000 0.00000 0.07083 0.00000 0.00000 0.00000 
330	5	0.00046 0.00000 0.00000 0.00000 0.00006 0.00000 0.00000 0.00000 0.00355 0.00000 0.00000 0.00000 0.12378 0.00000 0.00000 0.00000 0.00000 0.00000 0.00000 0.00000 0.03326 0.00000 0.00000 0.00000 0.34157 0.00000 0.00000 0.00000 0.49732 0.00000 0.00000 0.00000 
331	5	0.00584 0.00000 0.00000 0.00000 0.00014 0.00000 0.00000 0.00000 0.00475 0.00000 0.00000 0.00000 0.06789 0.00000 0.00000 0.00000 0.00000 0.00000 0.00000 0.00000 0.01618 0.00000 0.00000 0.00000 0.26267 0.00000 0.00000 0.00000 0.64252 0.00000 0.00000 0.00000 
332	5	0.02743 0.00000 0.00000 0.00000 0.00046 0.00000 0.00000 0.00000 0.01565 0.00000 0.00000 0.00000 0.12144 0.00000 0.00000 0.00000 0.00000 0.00000 0.00000 0.00000 0.05595 0.00000 0.00000 0.00000 0.54774 0.00000 0.00000 0.00000 0.23132 0.00000 0.00000 0.00000 
333	5	0.10179 0.00000 0.00000 0.00000 0.01230 0.00000 0.00000 0.00000 0.07182 0.00000 0.00000 0.00000 0.43405 0.00000 0.00000 0.00000 0.00000 0.00000 0.00000 0.00000 0.03252 0.00000 0.00000 0.00000 0.24977 0.00000 0.00000 0.00000 0.09775 0.00000 0.00000 0.00000 
334	5	0.14214 0.00000 0.00000 0.00000 0.00300 0.00000 0.00000 0.00000 0.04376 0.00000 0.00000 0.00000 0.28687 0.00000 0.00000 0.00000 0.00000 0.00000 0.00000 0.00000 0.03977 0.00000 0.00000 0.00000 0.28746 0.00000 0.00000 0.00000 0.19700 0.00000 0.00000 0.00000 
335	5	0.04034 0.00000 0.00000 0.00000 0.00580 0.00000 0.00000 0.00000 0.05342 0.00000 0.00000 0.00000 0.27788 0.00000 0.00000 0.00000 0.00000 0.00000 0.00000 0.00000 0.05238 0.00000 0.00000 0.00000 0.32130 0.00000 0.00000 0.00000 0.24886 0.00000 0.00000 0.00000 
336	5	0.07468 0.00000 0.00000 0.00000 0.00724 0.00000 0.00000 0.00000 0.05536 0.00000 0.00000 0.00000 0.30141 0.00000 0.00000 0.00000 0.00000 0.00000 0.00000 0.00000 0.04508 0.00000 0.00000 0.00000 0.35540 0.00000 0.00000 0.00000 0.16083 0.00000 0.00000 0.00000 
337	5	0.10938 0.00000 0.00000 0.00000 0.00409 0.00000 0.00000 0.00000 0.10220 0.00000 0.00000 0.00000 0.30586 0.00000 0.00000 0.00000 0.00000 0.00000 0.00000 0.00000 0.06915 0.00000 0.00000 0.00000 0.24846 0.00000 0.00000 0.00000 0.16085 0.00000 0.00000 0.00000 
338	5	0.18161 0.00000 0.00000 0.00000 0.00040 0.00000 0.00000 0.00000 0.11087 0.00000 0.00000 0.00000 0.34803 0.00000 0.00000 0.00000 0.00000 0.00000 0.00000 0.00000 0.21457 0.00000 0.00000 0.00000 0.13805 0.00000 0.00000 0.00000 0.00648 0.00000 0.00000 0.00000 
339	5	0.16697 0.00000 0.00000 0.00000 0.00088 0.00000 0.00000 0.00000 0.10537 0.00000 0.00000 0.00000 0.34144 0.00000 0.00000 0.00000 0.00007 0.00000 0.00000 0.00000 0.22829 0.00000 0.00000 0.00000 0.14370 0.00000 0.00000 0.00000 0.01330 0.00000 0.00000 0.00000 
340	5	0.45239 0.00000 0.00000 0.00000 0.00044 0.00000 0.00000 0.00000 0.27852 0.00000 0.00000 0.00000 0.12910 0.00000 0.00000 0.00000 0.00000 0.00000 0.00000 0.00000 0.02622 0.00000 0.00000 0.00000 0.07920 0.00000 0.00000 0.00000 0.03413 0.00000 0.00000 0.00000 
341	5	0.44488 0.00000 0.00000 0.00000 0.00068 0.00000 0.00000 0.00000 0.20934 0.00000 0.00000 0.00000 0.15823 0.00000 0.00000 0.00000 0.00000 0.00000 0.00000 0.00000 0.03082 0.00000 0.00000 0.00000 0.12526 0.00000 0.00000 0.00000 0.03080 0.00000 0.00000 0.00000 
342	5	0.32878 0.00000 0.00000 0.00000 0.00002 0.00000 0.00000 0.00000 0.15818 0.00000 0.00000 0.00000 0.32763 0.00000 0.00000 0.00000 0.00000 0.00000 0.00000 0.00000 0.07081 0.00000 0.00000 0.00000 0.09128 0.00000 0.00000 0.00000 0.02330 0.00000 0.00000 0.00000 
343	5	0.14716 0.00000 0.00000 0.00000 0.00010 0.00000 0.00000 0.00000 0.15928 0.00000 0.00000 0.00000 0.44871 0.00000 0.00000 0.00000 0.00000 0.00000 0.00000 0.00000 0.10404 0.00000 0.00000 0.00000 0.10731 0.00000 0.00000 0.00000 0.03340 0.00000 0.00000 0.00000 
344	5	0.07172 0.00000 0.00000 0.00000 0.00096 0.00000 0.00000 0.00000 0.08934 0.00000 0.00000 0.00000 0.10860 0.00000 0.00000 0.00000 0.00012 0.00000 0.00000 0.00000 0.11187 0.00000 0.00000 0.00000 0.40895 0.00000 0.00000 0.00000 0.20844 0.00000 0.00000 0.00000 
345	5	0.14312 0.00000 0.00000 0.00000 0.00917 0.00000 0.00000 0.00000 0.04142 0.00000 0.00000 0.00000 0.13968 0.00000 0.00000 0.00000 0.00000 0.00000 0.00000 0.00000 0.04014 0.00000 0.00000 0.00000 0.27420 0.00000 0.00000 0.00000 0.35226 0.00000 0.00000 0.00000 
346	5	0.28283 0.00000 0.00000 0.00000 0.03176 0.00000 0.00000 0.00000 0.05093 0.00000 0.00000 0.00000 0.16072 0.00000 0.00000 0.00000 0.00005 0.00000 0.00000 0.00000 0.03429 0.00000 0.00000 0.00000 0.16480 0.00000 0.00000 0.00000 0.27462 0.00000 0.00000 0.00000 
347	5	0.27937 0.00000 0.00000 0.00000 0.00805 0.00000 0.00000 0.00000 0.05862 0.00000 0.00000 0.00000 0.25875 0.00000 0.00000 0.00000 0.00000 0.00000 0.00000 0.00000 0.03891 0.00000 0.00000 0.00000 0.29937 0.00000 0.00000 0.00000 0.05692 0.00000 0.00000 0.00000 
348	5	0.46727 0.00000 0.00000 0.00000 0.00943 0.00000 0.00000 0.00000 0.06334 0.00000 0.00000 0.00000 0.21403 0.00000 0.00000 0.00000 0.00000 0.00000 0.00000 0.00000 0.03481 0.00000 0.00000 0.00000 0.11385 0.00000 0.00000 0.00000 0.09727 0.00000 0.00000 0.00000 
349	5	0.13510 0.00000 0.00000 0.00000 0.00920 0.00000 0.00000 0.00000 0.09309 0.00000 0.00000 0.00000 0.35740 0.00000 0.00000 0.00000 0.00000 0.00000 0.00000 0.00000 0.08188 0.00000 0.00000 0.00000 0.24948 0.00000 0.00000 0.00000 0.07384 0.00000 0.00000 0.00000 
