350	5	6
0	1	0.49569 0.93587 0.07221 0.32865 0.83630 0.43528 
1	1	0.73869 0.70394 0.15816 0.59005 0.80861 0.27877 
2	1	0.34605 0.83817 0.20302 0.19069 0.73073 0.60258 
3	1	0.19673 0.67320 0.40577 0.13722 0.56701 0.69864 
4	1	0.36430 0.74243 0.47440 0.20773 0.56725 0.64535 
5	1	0.63983 0.70078 0.31720 0.45202 0.65198 0.44157 
6	1	0.63877 0.67937 0.35214 0.44955 0.63397 0.44937 
7	1	0.39358 0.75339 0.36743 0.21663 0.58036 0.63413 
8	1	0.09690 0.61954 0.44881 0.05375 0.40569 0.82046 
9	1	0.38720 0.69675 0.41922 0.20141 0.54665 0.66748 
10	1	0.51227 0.75329 0.20846 0.33577 0.71993 0.48786 
11	1	0.30533 0.73188 0.34528 0.17510 0.61483 0.64539 
12	1	0.31566 0.69357 0.36669 0.17046 0.60182 0.66106 
13	1	0.14859 0.92371 0.08582 0.15021 0.80739 0.57603 
14	1	0.38726 0.92077 0.09061 0.27199 0.82360 0.44844 
15	1	0.44277 0.87639 0.18127 0.28691 0.76287 0.46924 
16	1	0.48497 0.89768 0.09125 0.34054 0.84171 0.39329 
17	1	0.49896 0.92839 0.13772 0.33514 0.81886 0.43798 
18	1	0.49937 0.89008 0.18477 0.33025 0.77729 0.45424 
19	1	0.18993 0.76955 0.22904 0.10163 0.62810 0.73447 
20	1	0.05220 0.77098 0.38395 0.04622 0.42001 0.84928 
21	1	0.20659 0.75733 0.37420 0.12273 0.54093 0.70244 
22	1	0.71786 0.75702 0.14722 0.56636 0.78584 0.28824 
23	1	0.32098 0.83895 0.14882 0.21407 0.76075 0.57069 
24	1	0.23061 0.89536 0.10881 0.18031 0.81222 0.59591 
25	1	0.23815 0.68086 0.55984 0.19125 0.62063 0.51178 
26	1	0.46829 0.72970 0.25822 0.29463 0.66395 0.53366 
27	1	0.10892 0.81414 0.30345 0.10459 0.68968 0.67326 
28	1	0.48767 0.61805 0.23175 0.35091 0.70392 0.42559 
29	1	0.70815 0.58726 0.22564 0.54752 0.71820 0.31548 
30	1	0.43990 0.71403 0.17037 0.38148 0.76922 0.34393 
31	1	0.93856 0.69148 0.12858 0.89240 0.83271 0.05743 
32	1	0.60794 0.78120 0.20517 0.43279 0.75872 0.38367 
33	1	0.16353 0.83022 0.25468 0.13245 0.62128 0.66881 
34	1	0.26017 0.88515 0.13451 0.16114 0.78632 0.61284 
35	1	0.31061 0.77179 0.22014 0.19062 0.71270 0.58126 
36	1	0.46845 0.62958 0.31195 0.30212 0.68487 0.50970 
37	1	0.29371 0.85592 0.36792 0.25306 0.77514 0.47313 
38	1	0.41333 0.53196 0.62805 0.21105 0.44722 0.72004 
39	1	0.14035 0.61303 0.55437 0.07531 0.35331 0.80858 
40	1	0.42558 0.64361 0.39055 0.23529 0.53372 0.63670 
41	1	0.18556 0.72353 0.27372 0.13076 0.62824 0.68625 
42	1	0.30338 0.90313 0.09943 0.16136 0.79464 0.63001 
43	1	0.50949 0.69821 0.23779 0.33137 0.67208 0.48114 
44	1	0.48221 0.64991 0.12232 0.34058 0.66108 0.39240 
45	1	0.21535 0.79639 0.44639 0.15680 0.55115 0.67814 
46	1	0.49582 0.84180 0.17137 0.33598 0.79974 0.44609 
47	1	0.40051 0.84650 0.12252 0.29725 0.82864 0.44771 
48	1	0.08735 0.79973 0.32093 0.10321 0.67039 0.67951 
49	1	0.38012 0.89362 0.07173 0.28440 0.84806 0.44263 
50	1	0.37594 0.84397 0.09724 0.31301 0.83361 0.42545 
51	1	0.58824 0.74981 0.23913 0.40062 0.68672 0.45137 
52	1	0.69345 0.69743 0.24325 0.52113 0.67239 0.36908 
53	1	0.59962 0.69497 0.28966 0.42038 0.72743 0.41205 
54	1	0.68505 0.62248 0.26084 0.54202 0.78741 0.28424 
55	1	0.43423 0.78853 0.12181 0.42026 0.92223 0.26710 
56	1	0.52455 0.79792 0.10158 0.50310 0.93654 0.17141 
57	1	0.41270 0.91437 0.10999 0.26177 0.80836 0.45550 
58	1	0.14491 0.91816 0.14207 0.15517 0.80737 0.54895 
59	1	0.22242 0.78019 0.36131 0.11646 0.62184 0.70112 
60	1	0.24514 0.91257 0.15282 0.15460 0.74715 0.59562 
61	1	0.50231 0.89359 0.14333 0.34503 0.76801 0.39040 
62	1	0.54005 0.96870 0.02366 0.39528 0.94700 0.31588 
63	1	0.44459 0.94536 0.03790 0.32519 0.92846 0.36054 
64	1	0.51927 0.95983 0.12033 0.44312 0.81644 0.29190 
65	1	0.51362 0.99572 0.04456 0.41634 0.94163 0.24952 
66	1	0.39934 0.99557 0.03338 0.38453 0.93802 0.27418 
67	1	0.35042 0.93620 0.17052 0.24786 0.74819 0.50280 
68	1	0.23378 0.69947 0.33738 0.15424 0.59588 0.67106 
69	1	0.36564 0.85585 0.17430 0.21148 0.74412 0.57493 
70	2	0.23400 0.70789 0.33332 0.18560 0.54105 0.62810 
71	2	0.25611 0.79551 0.24926 0.20959 0.61590 0.59596 
72	2	0.24426 0.79692 0.26646 0.18557 0.60004 0.60771 
73	2	0.45642 0.73640 0.37194 0.26102 0.50418 0.60113 
74	2	0.28927 0.81334 0.26474 0.19512 0.61217 0.58188 
75	2	0.94180 0.36840 0.07536 0.89794 0.83250 0.05272 
76	2	0.74880 0.55132 0.02978 0.61937 0.76625 0.16159 
77	2	0.49353 0.82916 0.00934 0.42894 0.88452 0.24854 
78	2	0.57060 0.92671 0.05843 0.39023 0.81265 0.40738 
79	2	0.56749 0.90365 0.05423 0.39718 0.82254 0.38785 
80	2	0.37523 0.50442 0.56227 0.18754 0.38951 0.69404 
81	2	0.54050 0.90908 0.05377 0.37550 0.85183 0.37247 
82	2	0.38452 0.90774 0.04929 0.23781 0.76576 0.46874 
83	2	0.33413 0.94604 0.03062 0.22311 0.83960 0.47081 
84	2	0.72050 0.88224 0.02319 0.57240 0.87056 0.23704 
85	2	0.46926 0.88065 0.03087 0.30951 0.78776 0.39985 
86	2	0.42322 0.91261 0.04193 0.27547 0.80093 0.43530 
87	2	0.33207 0.90528 0.05675 0.20993 0.76682 0.50696 
88	2	0.38599 0.89054 0.05903 0.23738 0.75376 0.49209 
89	2	0.37223 0.96591 0.04732 0.24111 0.78775 0.48500 
90	2	0.40229 0.94723 0.02294 0.30964 0.83253 0.39965 
91	2	1.00000 0.13105 0.11927 1.00000 0.86072 0.00000 
92	2	0.35949 0.85732 0.15558 0.21898 0.72164 0.55348 
93	2	0.13806 0.78777 0.26967 0.09338 0.41787 0.70206 
94	2	0.16044 0.72591 0.30077 0.11060 0.42412 0.68940 
95	2	0.14711 0.74946 0.16963 0.11289 0.48755 0.63705 
96	2	0.19140 0.88594 0.17389 0.15553 0.59808 0.58476 
97	2	0.27860 0.81113 0.22536 0.19029 0.58993 0.57097 
98	2	0.13827 0.90590 0.12740 0.10601 0.59812 0.63439 
99	2	0.25008 0.90081 0.16962 0.15040 0.58923 0.61178 
100	2	0.17916 0.91558 0.11051 0.16478 0.66340 0.54340 
101	2	0.32997 0.94653 0.08231 0.26875 0.80576 0.41898 
102	2	0.44567 0.00000 0.64634 0.23919 0.33551 0.66639 
103	2	0.19468 0.80897 0.16503 0.14171 0.51888 0.62698 
104	2	0.11812 0.84685 0.13611 0.10521 0.55029 0.63923 
105	2	0.20320 0.88481 0.17527 0.13333 0.56183 0.63835 
106	2	0.23802 0.76968 0.19460 0.14839 0.46165 0.61933 
107	2	0.23960 0.85437 0.14799 0.13973 0.57287 0.60675 
108	2	0.15889 0.89201 0.16506 0.14718 0.61307 0.61273 
109	2	0.26728 0.91148 0.16931 0.17982 0.61392 0.58523 
110	2	0.28573 0.83287 0.17364 0.19507 0.62120 0.57110 
111	2	0.10693 0.64133 0.42189 0.05952 0.27446 0.79138 
112	2	0.39065 0.84171 0.16141 0.23117 0.72842 0.55671 
113	2	0.30451 0.04361 0.54055 0.17310 0.40913 0.67322 
114	2	0.23388 0.09149 0.81474 0.09113 0.16294 0.81969 
115	2	0.09795 0.19663 0.75388 0.05610 0.15483 0.82693 
116	2	0.11060 0.55875 0.49459 0.08574 0.33753 0.74897 
117	2	0.14991 0.86804 0.16835 0.12101 0.65960 0.64022 
118	2	0.19242 0.86167 0.09561 0.17944 0.79190 0.54814 
119	2	0.49117 0.97687 0.04145 0.34407 0.86047 0.37268 
120	2	0.29990 0.82500 0.16702 0.18672 0.69274 0.58011 
121	2	0.50794 0.85062 0.12908 0.34595 0.78945 0.44768 
122	2	0.29020 0.85903 0.19280 0.22867 0.64957 0.54099 
123	2	0.65186 0.49355 0.22399 0.48253 0.72267 0.36543 
124	2	0.11574 0.83832 0.23214 0.10374 0.53524 0.67484 
125	2	0.21583 0.83345 0.20796 0.16595 0.53290 0.58237 
126	2	0.18828 0.57253 0.53007 0.08041 0.30692 0.81105 
127	2	0.19774 0.05383 0.80960 0.06948 0.13513 0.83916 
128	2	0.57244 0.90697 0.09001 0.40968 0.87852 0.35239 
129	2	0.49201 0.90857 0.11206 0.33916 0.84934 0.41180 
130	2	0.52485 0.87795 0.11091 0.36633 0.83247 0.39886 
131	2	0.15015 0.28024 0.68974 0.04561 0.16918 0.88759 
132	2	0.16277 0.71130 0.40994 0.08349 0.42289 0.77201 
133	2	0.09085 0.05184 1.00000 0.02049 0.00000 0.93122 
134	2	0.49698 0.84720 0.16020 0.32601 0.78250 0.45971 
135	2	0.40451 0.90037 0.04033 0.26469 0.78791 0.44084 
136	2	0.23544 0.93412 0.03843 0.17208 0.77742 0.50915 
137	2	0.46455 0.78660 0.26100 0.29222 0.64440 0.52856 
138	2	0.28677 0.73215 0.36310 0.16093 0.47280 0.65065 
139	2	0.24425 0.58516 0.49824 0.11286 0.29569 0.75115 
140	3	0.41650 0.93732 0.13160 0.24845 0.78198 0.53962 
141	3	0.06292 0.91264 0.16341 0.08759 0.71116 0.70401 
142	3	0.55548 0.94465 0.10613 0.36866 0.80311 0.44187 
143	3	0.30751 0.88486 0.20794 0.15974 0.67895 0.66225 
144	3	0.24734 0.55025 0.73867 0.08881 0.21873 0.85032 
145	3	0.00224 0.54039 0.50409 0.00989 0.14008 0.90422 
146	3	0.00000 0.48835 0.71671 0.00000 0.06439 0.97515 
147	3	0.24407 0.79043 0.38051 0.10609 0.51619 0.76927 
148	3	0.24695 0.90454 0.22421 0.12468 0.63560 0.72121 
149	3	0.31427 0.89368 0.27872 0.19223 0.63450 0.63452 
150	3	0.38923 0.87893 0.31195 0.23392 0.61483 0.61890 
151	3	0.42515 0.91785 0.21782 0.25831 0.69279 0.58600 
152	3	0.29171 0.92911 0.20772 0.18910 0.69784 0.63101 
153	3	0.31723 0.84680 0.29530 0.14802 0.55262 0.72218 
154	3	0.11404 0.81081 0.32902 0.05251 0.49110 0.83011 
155	3	0.22577 0.85890 0.34567 0.18699 0.73749 0.54835 
156	3	0.46037 0.87056 0.28222 0.30143 0.76221 0.47395 
157	3	0.44308 0.81624 0.36629 0.30248 0.74769 0.39580 
158	3	0.29876 0.46309 0.42860 0.17650 0.55625 0.60395 
159	3	0.34509 0.60463 0.38112 0.23693 0.66169 0.52993 
160	3	0.71346 0.28474 0.40894 0.55854 0.70155 0.27615 
161	3	0.89542 0.81301 0.05184 0.83510 0.93167 0.03799 
162	3	0.34897 0.96269 0.04284 0.25752 0.75858 0.41795 
163	3	0.53373 0.72487 0.28986 0.35600 0.72562 0.44827 
164	3	0.45292 0.74258 0.38359 0.27666 0.68576 0.50882 
165	3	0.24368 0.86058 0.27438 0.12342 0.55300 0.72350 
166	3	0.65872 0.76264 0.36571 0.47764 0.65840 0.42414 
167	3	0.64965 0.80782 0.31640 0.46853 0.70102 0.41840 
168	3	0.37643 0.95929 0.10173 0.26429 0.80284 0.46704 
169	3	0.38145 0.98507 0.04387 0.28673 0.88130 0.42007 
170	3	0.26877 0.79714 0.25562 0.11981 0.49040 0.74644 
171	3	0.29584 0.76454 0.36752 0.13926 0.48585 0.73919 
172	3	0.27189 0.77081 0.32940 0.12972 0.51353 0.72745 
173	3	0.25591 0.88856 0.12166 0.14307 0.68622 0.63969 
174	3	0.51737 0.77466 0.45502 0.31426 0.56665 0.58316 
175	3	0.28146 0.90677 0.18881 0.14980 0.61053 0.65714 
176	3	0.34957 0.81997 0.34824 0.17426 0.51457 0.69541 
177	3	0.46992 0.87187 0.28126 0.27394 0.64612 0.58795 
178	3	0.63819 0.85483 0.20734 0.45793 0.76392 0.39538 
179	3	0.56490 0.86286 0.23959 0.37807 0.70347 0.45864 
180	3	0.50965 0.87755 0.20827 0.32799 0.71124 0.47887 
181	3	0.54904 0.88288 0.16478 0.37541 0.75690 0.42128 
182	3	0.09389 0.72615 0.50070 0.04633 0.33930 0.87184 
183	3	0.59858 0.93136 0.11162 0.42765 0.80871 0.37195 
184	3	0.19931 0.88790 0.11583 0.13797 0.70727 0.63226 
185	3	0.18872 0.86191 0.14339 0.11872 0.65088 0.66626 
186	3	0.21596 0.76963 0.51311 0.08571 0.38908 0.82811 
187	3	0.12427 0.78389 0.43110 0.04720 0.37281 0.86378 
188	3	0.20597 0.76538 0.55516 0.09279 0.37535 0.81875 
189	3	0.09117 0.81944 0.19357 0.07767 0.59191 0.78983 
190	3	0.23826 0.64799 0.50368 0.09596 0.33851 0.85869 
191	3	0.02480 0.60845 0.64653 0.00347 0.17010 0.99998 
192	3	0.05281 0.56819 0.74527 0.00880 0.13684 0.99253 
193	3	0.04370 0.52231 0.78004 0.00542 0.07726 1.00000 
194	3	0.28389 0.93093 0.07073 0.18714 0.79568 0.52342 
195	3	0.27391 0.94670 0.08937 0.17457 0.80791 0.56777 
196	3	0.28695 0.97294 0.07399 0.23702 0.83543 0.49178 
197	3	0.25369 0.90669 0.17391 0.20735 0.70773 0.57307 
198	3	0.29116 0.87230 0.20951 0.18169 0.64999 0.64075 
199	3	0.64882 0.95121 0.15068 0.49301 0.84007 0.33664 
200	3	0.29386 0.96410 0.11197 0.18025 0.82092 0.57836 
201	3	0.24227 0.88569 0.15464 0.17426 0.72114 0.59599 
202	3	0.17901 0.86452 0.20722 0.11227 0.61994 0.71199 
203	3	0.20150 0.86826 0.21717 0.12792 0.63410 0.69761 
204	3	0.21993 0.91852 0.10453 0.14608 0.74561 0.62141 
205	3	0.81489 0.72460 0.32372 0.68999 0.73433 0.28955 
206	3	0.78631 0.77112 0.27470 0.64982 0.74738 0.31011 
207	3	0.54762 0.81455 0.25282 0.37575 0.76350 0.46629 
208	3	0.32642 0.81717 0.19163 0.18922 0.63166 0.62288 
209	3	0.15828 0.88644 0.15861 0.12329 0.66259 0.67315 
210	4	0.26584 0.97332 0.06579 0.22756 0.86049 0.46854 
211	4	0.28998 0.94889 0.06877 0.22968 0.82681 0.49722 
212	4	0.28585 0.93986 0.08603 0.18539 0.80837 0.55745 
213	4	0.14050 0.93321 0.09316 0.11343 0.74481 0.62895 
214	4	0.13313 0.92316 0.12485 0.09285 0.67407 0.67140 
215	4	0.14516 0.88748 0.17701 0.09837 0.62362 0.67828 
216	4	0.39812 0.94057 0.07033 0.23951 0.79810 0.51666 
217	4	0.55114 0.85328 0.05788 0.38561 0.83751 0.37125 
218	4	0.43011 0.93173 0.08810 0.30885 0.86982 0.41661 
219	4	0.47328 0.89723 0.12248 0.29527 0.78012 0.50344 
220	4	0.14576 0.90713 0.10835 0.14178 0.77527 0.58628 
221	4	0.27164 0.92384 0.12082 0.22893 0.79898 0.48534 
222	4	0.09981 0.86786 0.22375 0.10045 0.69052 0.69640 
223	4	0.30506 0.97550 0.05520 0.20449 0.83850 0.50883 
224	4	0.13652 0.83803 0.19547 0.09918 0.57068 0.69645 
225	4	0.37885 0.91528 0.13152 0.22842 0.77784 0.53062 
226	4	0.16758 0.94057 0.07869 0.13764 0.79082 0.62358 
227	4	0.14410 0.81204 0.33740 0.10912 0.58304 0.71709 
228	4	0.13730 0.91037 0.18472 0.13498 0.77847 0.59795 
229	4	0.17842 0.79513 0.33698 0.11907 0.59052 0.68176 
230	4	0.33182 0.96099 0.05901 0.24051 0.85026 0.47477 
231	4	0.10015 0.93669 0.10124 0.11749 0.72795 0.62569 
232	4	0.14343 0.83792 0.21113 0.09405 0.64663 0.71782 
233	4	0.06724 0.70728 0.48992 0.06811 0.51686 0.76850 
234	4	0.09851 0.69798 0.47039 0.09507 0.49939 0.72175 
235	4	0.18377 0.82485 0.26518 0.16993 0.70590 0.56613 
236	4	0.16098 0.94631 0.06652 0.13743 0.80570 0.58493 
237	4	0.21094 0.93193 0.08069 0.16671 0.78361 0.57879 
238	4	0.54729 0.89697 0.20483 0.35152 0.68421 0.50480 
239	4	0.30358 0.99923 0.00986 0.29613 0.97345 0.30410 
240	4	0.59119 0.97211 0.00192 0.48850 1.00000 0.16224 
241	4	0.16808 0.79066 0.23906 0.11650 0.64585 0.67126 
242	4	0.20393 0.86480 0.14837 0.13592 0.68751 0.63286 
243	4	0.18106 0.93823 0.11073 0.15902 0.74077 0.57296 
244	4	0.20967 0.96899 0.05252 0.17638 0.85267 0.50557 
245	4	0.13213 0.90473 0.14417 0.11531 0.65086 0.65944 
246	4	0.20578 0.78120 0.28765 0.14667 0.58030 0.64031 
247	4	0.37369 0.72803 0.22369 0.21763 0.61417 0.56153 
248	4	0.25533 0.74526 0.35062 0.19751 0.55409 0.60131 
249	4	0.49342 0.94106 0.03922 0.36948 0.88530 0.32122 
250	4	0.36128 0.95138 0.10900 0.29628 0.82337 0.42473 
251	4	0.19003 0.78087 0.32399 0.15447 0.64314 0.62078 
252	4	0.28254 0.96821 0.07240 0.22557 0.85114 0.45698 
253	4	0.37714 0.90276 0.10875 0.32528 0.79978 0.38137 
254	4	0.35289 0.93075 0.09416 0.25014 0.83100 0.46016 
255	4	0.34362 0.94971 0.09448 0.24675 0.84146 0.44950 
256	4	0.40963 0.90886 0.10201 0.34005 0.81111 0.36384 
257	4	0.24488 0.92217 0.11460 0.14774 0.76649 0.61383 
258	4	0.17072 0.54816 0.49545 0.11141 0.52981 0.71717 
259	4	0.20449 0.73543 0.34280 0.12310 0.58970 0.70165 
260	4	0.17825 0.66622 0.42625 0.12050 0.55515 0.73103 
261	4	0.25929 0.87224 0.21736 0.19725 0.73876 0.57422 
262	4	0.37118 0.76806 0.24058 0.20884 0.62891 0.60431 
263	4	0.37928 0.74904 0.24564 0.23116 0.65300 0.56176 
264	4	0.49569 0.95871 0.06458 0.35926 0.86819 0.36398 
265	4	0.46849 0.91172 0.10119 0.35403 0.81179 0.36094 
266	4	0.46560 0.94620 0.06751 0.39984 0.85911 0.29737 
267	4	0.40642 0.92174 0.09850 0.31004 0.80500 0.39350 
268	4	0.14914 0.89107 0.18502 0.11763 0.71560 0.66164 
269	4	0.22058 0.89202 0.18008 0.13819 0.72668 0.63284 
270	4	0.09403 0.80215 0.28359 0.08320 0.55785 0.74379 
271	4	0.08131 0.79689 0.28566 0.08366 0.55793 0.74216 
272	4	0.20515 0.84124 0.18268 0.13522 0.63345 0.62474 
273	4	0.15608 0.78122 0.27960 0.10447 0.58467 0.70845 
274	4	0.32557 0.94769 0.10098 0.19523 0.79313 0.55533 
275	4	0.12743 0.83787 0.27149 0.12788 0.72522 0.64934 
276	4	0.60982 0.80204 0.19271 0.44361 0.85580 0.35119 
277	4	0.44056 0.79317 0.28875 0.28128 0.72569 0.51150 
278	4	0.36212 0.82380 0.27849 0.23252 0.71935 0.54718 
279	4	0.36158 0.86135 0.16527 0.33997 0.86883 0.35860 
280	5	0.41379 0.96419 0.06395 0.25666 0.84318 0.47640 
281	5	0.26906 0.85921 0.23432 0.13662 0.59161 0.68226 
282	5	0.04727 0.85413 0.23548 0.04137 0.46180 0.80603 
283	5	0.53894 0.93971 0.02492 0.40127 0.89831 0.32658 
284	5	0.40760 0.95132 0.04325 0.28575 0.84448 0.42033 
285	5	0.34153 0.95698 0.03924 0.34456 0.91237 0.32904 
286	5	0.38241 0.98542 0.06320 0.34368 0.85156 0.34578 
287	5	0.18058 0.86972 0.16779 0.11421 0.61620 0.68331 
288	5	0.25970 0.79346 0.25111 0.18269 0.61588 0.60804 
289	5	0.42432 0.96688 0.01540 0.33491 0.90567 0.37919 
290	5	0.36912 0.96484 0.01963 0.32399 0.90849 0.37970 
291	5	0.26780 0.94521 0.03931 0.23460 0.84760 0.48093 
292	5	0.30947 0.96918 0.04491 0.19896 0.83835 0.53069 
293	5	0.42937 0.95629 0.02961 0.32527 0.88653 0.40125 
294	5	0.34316 0.95514 0.02384 0.25442 0.88689 0.40730 
295	5	0.50411 0.92915 0.06919 0.37033 0.87230 0.38097 
296	5	0.24910 0.84472 0.15234 0.19201 0.71072 0.55614 
297	5	0.55728 0.93858 0.05696 0.45442 0.91356 0.27829 
298	5	0.37759 0.92465 0.08307 0.31478 0.85301 0.40955 
299	5	0.34916 0.78382 0.21903 0.19746 0.55590 0.58105 
300	5	0.27755 0.77370 0.28236 0.14962 0.49845 0.66273 
301	5	0.16318 0.94205 0.13880 0.11583 0.70255 0.63977 
302	5	0.21291 0.99940 0.01314 0.16579 0.91688 0.49911 
303	5	0.19546 1.00000 0.00448 0.20951 0.94806 0.41766 
304	5	0.28277 0.95280 0.07850 0.20555 0.81276 0.51563 
305	5	0.41153 0.88714 0.11807 0.25298 0.69532 0.51919 
306	5	0.20925 0.73718 0.52138 0.09955 0.42120 0.78040 
307	5	0.03957 0.50096 0.68951 0.01823 0.14308 0.93294 
308	5	0.10702 0.68855 0.47180 0.04348 0.26983 0.86478 
309	5	0.20422 0.57531 0.54921 0.09209 0.27309 0.79520 
310	5	0.14106 0.88240 0.20428 0.13610 0.58489 0.63941 
311	5	0.13596 0.76756 0.31087 0.09768 0.43101 0.73534 
312	5	0.06405 0.48051 0.68874 0.02328 0.14427 0.92268 
313	5	0.08902 0.74558 0.42069 0.09522 0.50477 0.74942 
314	5	0.73888 0.84049 0.07719 0.58362 0.81872 0.30408 
315	5	0.09679 0.50943 0.60580 0.03608 0.18928 0.89559 
316	5	0.22978 0.45035 0.58323 0.09419 0.23672 0.81234 
317	5	0.32415 0.92617 0.15771 0.17461 0.64477 0.64067 
318	5	0.05946 0.41147 0.73099 0.02962 0.13489 0.92435 
319	5	0.23275 0.88988 0.22206 0.15296 0.61925 0.62565 
320	5	0.15706 0.77897 0.38388 0.10909 0.47710 0.71802 
321	5	0.89396 0.89257 0.00285 0.82721 0.96864 0.05295 
322	5	0.18910 0.68502 0.22835 0.12252 0.58922 0.66400 
323	5	0.52574 0.85393 0.13162 0.33367 0.71069 0.49131 
324	5	0.45284 0.87356 0.12112 0.29050 0.74093 0.45529 
325	5	0.30951 0.91920 0.16333 0.16392 0.62220 0.65514 
326	5	0.20656 0.82256 0.22022 0.13212 0.51076 0.70802 
327	5	0.44305 0.98969 0.04827 0.34140 0.86413 0.37619 
328	5	0.43891 0.98685 0.05557 0.37212 0.88149 0.32950 
329	5	0.37962 0.94012 0.08424 0.25033 0.79845 0.48367 
330	5	0.50011 0.96699 0.00442 0.44082 0.95569 0.20636 
331	5	0.69093 0.96788 0.00000 0.59544 0.96730 0.12558 
332	5	0.55079 0.97436 0.01222 0.42027 0.93099 0.29052 
333	5	0.28766 0.79575 0.24254 0.16352 0.57110 0.65004 
334	5	0.14638 0.90516 0.16256 0.13922 0.67429 0.62203 
335	5	0.17688 0.83770 0.17895 0.15909 0.65226 0.61388 
336	5	0.19843 0.75409 0.29814 0.13160 0.54713 0.67873 
337	5	0.08892 0.72900 0.37610 0.06892 0.44828 0.77567 
338	5	0.15487 0.62910 0.38670 0.08127 0.42437 0.75663 
339	5	0.13818 0.61619 0.40480 0.07104 0.38643 0.79030 
340	5	0.29160 0.73099 0.31422 0.16001 0.42170 0.62962 
341	5	0.29814 0.68168 0.42934 0.14280 0.36105 0.69798 
342	5	0.13730 0.53568 0.52425 0.06601 0.18517 0.80854 
343	5	0.21493 0.50128 0.44652 0.07876 0.20906 0.81229 
344	5	0.29758 0.80611 0.22601 0.15959 0.56104 0.67961 
345	5	0.25666 0.88633 0.21445 0.16948 0.66966 0.62960 
346	5	0.17613 0.90413 0.24846 0.13049 0.58649 0.70491 
347	5	0.13014 0.77014 0.40537 0.10320 0.42935 0.73652 
348	5	0.37395 0.77632 0.41330 0.19043 0.45250 0.69007 
349	5	0.20473 0.83243 0.21440 0.12567 0.61094 0.69465 
