350	5	6
0	1	0.22272 0.89026 0.08784 0.14170 0.69640 0.42381 
1	1	0.45672 0.71216 0.20145 0.33023 0.77761 0.27475 
2	1	0.23217 0.77768 0.23319 0.12228 0.65689 0.51676 
3	1	0.17620 0.67335 0.49775 0.08391 0.53136 0.65893 
4	1	0.28950 0.73313 0.50187 0.14295 0.47852 0.62320 
5	1	0.36579 0.72407 0.33993 0.25865 0.60295 0.45277 
6	1	0.40321 0.70670 0.38477 0.28278 0.61385 0.45426 
7	1	0.29345 0.73930 0.44914 0.16467 0.52923 0.59355 
8	1	0.12013 0.58794 0.38802 0.04526 0.38023 0.73059 
9	1	0.25387 0.69767 0.43973 0.14057 0.52705 0.61155 
10	1	0.17555 0.88411 0.09944 0.10632 0.62954 0.50899 
11	1	0.24595 0.72133 0.37692 0.14575 0.58795 0.57753 
12	1	0.25281 0.69216 0.37031 0.13108 0.59667 0.57880 
13	1	0.15020 0.92672 0.06413 0.11621 0.78517 0.44001 
14	1	0.11045 0.87786 0.13725 0.07212 0.68756 0.57756 
15	1	0.43659 0.87389 0.23762 0.31093 0.68349 0.41549 
16	1	0.33101 0.89351 0.10072 0.27181 0.79518 0.29955 
17	1	0.95275 0.89146 0.20227 0.74863 0.75721 0.22984 
18	1	0.61691 0.85809 0.29763 0.43289 0.66433 0.37029 
19	1	0.29584 0.76650 0.23441 0.14513 0.60032 0.53190 
20	1	0.33846 0.74766 0.39047 0.12436 0.34926 0.68312 
21	1	0.23361 0.81084 0.30756 0.08027 0.43853 0.69287 
22	1	0.42920 0.79251 0.13850 0.31869 0.73361 0.33683 
23	1	0.39301 0.87069 0.13513 0.28996 0.77107 0.36083 
24	1	0.38664 0.90289 0.08919 0.26673 0.84522 0.32283 
25	1	0.15295 0.63277 0.72692 0.08929 0.51430 0.67337 
26	1	0.16038 0.82139 0.14824 0.10702 0.59732 0.52715 
27	1	0.18718 0.75804 0.37412 0.08521 0.58687 0.63873 
28	1	0.60200 0.69113 0.18317 0.39462 0.74275 0.30966 
29	1	0.74192 0.69325 0.15049 0.48374 0.74861 0.27581 
30	1	0.56844 0.78680 0.16408 0.44636 0.73192 0.28350 
31	1	0.64935 0.82037 0.12365 0.47355 0.80399 0.22886 
32	1	0.53789 0.77767 0.20039 0.42399 0.77890 0.28303 
33	1	0.11504 0.91876 0.13661 0.04297 0.43824 0.69107 
34	1	0.19662 0.93254 0.07020 0.14432 0.72660 0.45502 
35	1	0.30664 0.73984 0.18467 0.17968 0.67727 0.43225 
36	1	0.60045 0.71300 0.20259 0.38053 0.72967 0.32173 
37	1	0.22230 0.81579 0.49559 0.12306 0.62554 0.59060 
38	1	0.25301 0.54708 0.46358 0.12097 0.45048 0.63080 
39	1	0.11354 0.66902 0.40174 0.03054 0.25488 0.79024 
40	1	0.19070 0.76748 0.16042 0.10519 0.52906 0.54481 
41	1	0.26473 0.82781 0.12579 0.15254 0.62308 0.48115 
42	1	0.22449 0.90372 0.06685 0.17380 0.77781 0.39796 
43	1	0.35640 0.70852 0.27682 0.21424 0.69251 0.41204 
44	1	0.27919 0.72777 0.10837 0.20154 0.70161 0.31448 
45	1	0.20392 0.78823 0.55658 0.08259 0.41501 0.70713 
46	1	0.28845 0.79735 0.19733 0.16500 0.64349 0.45180 
47	1	0.26122 0.81941 0.13126 0.15662 0.73584 0.40915 
48	1	0.20531 0.75294 0.37839 0.08827 0.58288 0.63573 
49	1	0.22024 0.86702 0.07802 0.14275 0.77593 0.38607 
50	1	0.23263 0.81733 0.09944 0.17110 0.77052 0.37108 
51	1	0.39747 0.77006 0.27189 0.25583 0.69113 0.40207 
52	1	0.26608 0.70379 0.29301 0.19270 0.59474 0.42876 
53	1	0.29571 0.71880 0.29667 0.20601 0.71409 0.43360 
54	1	0.72563 0.63708 0.29313 0.52200 0.77773 0.25236 
55	1	0.57621 0.74689 0.20057 0.54570 0.96335 0.09225 
56	1	0.71745 0.76474 0.19236 0.63359 0.97045 0.03340 
57	1	0.32420 0.91142 0.11352 0.25377 0.78695 0.31536 
58	1	0.32781 0.88503 0.18899 0.21568 0.69785 0.40130 
59	1	0.11913 0.73886 0.41741 0.06173 0.52661 0.68661 
60	1	0.62858 0.87980 0.21712 0.40543 0.65094 0.37079 
61	1	0.47775 0.88757 0.18604 0.29070 0.70300 0.35860 
62	1	0.18541 0.96674 0.02724 0.15829 0.97344 0.30498 
63	1	0.22887 0.94352 0.04439 0.16924 0.94644 0.31484 
64	1	0.41627 0.94381 0.15183 0.18412 0.52208 0.48380 
65	1	0.40776 0.96958 0.10909 0.21032 0.62314 0.42139 
66	1	0.41869 0.97438 0.07140 0.24907 0.74691 0.34626 
67	1	0.53412 0.93509 0.20252 0.25491 0.52855 0.52194 
68	1	0.19672 0.71429 0.34002 0.11050 0.57760 0.59303 
69	1	0.17889 0.83067 0.18718 0.11774 0.65497 0.50271 
70	2	0.05630 0.79159 0.33549 0.01902 0.24399 0.82875 
71	2	0.08340 0.83926 0.31104 0.02635 0.28037 0.80603 
72	2	0.06694 0.83339 0.29538 0.02016 0.27842 0.81541 
73	2	0.05437 0.79399 0.39061 0.01409 0.23967 0.86535 
74	2	0.03923 0.85950 0.30655 0.01573 0.26567 0.82910 
75	2	0.12734 0.51649 0.16810 0.06752 0.34923 0.55475 
76	2	0.09446 0.71955 0.15078 0.04134 0.31490 0.64565 
77	2	0.19260 0.87232 0.07702 0.11231 0.69960 0.46664 
78	2	0.50944 0.94497 0.08961 0.24258 0.63956 0.47230 
79	2	0.39949 0.92276 0.09719 0.20671 0.64424 0.47270 
80	2	0.90256 0.48693 0.65276 0.60193 0.42849 0.49593 
81	2	0.21526 0.93898 0.04646 0.14221 0.75860 0.40308 
82	2	0.22146 0.92480 0.14522 0.08301 0.56352 0.63990 
83	2	0.27159 0.96576 0.07309 0.10588 0.66494 0.54898 
84	2	0.36087 0.90271 0.09149 0.18451 0.69306 0.40976 
85	2	0.18497 0.94305 0.08293 0.08865 0.61398 0.55783 
86	2	0.23589 0.93144 0.10516 0.08048 0.56728 0.63156 
87	2	0.11431 0.92174 0.12623 0.04540 0.50590 0.68291 
88	2	0.16247 0.92465 0.10416 0.06037 0.53484 0.64100 
89	2	0.20200 0.95868 0.08808 0.09341 0.62537 0.54102 
90	2	0.29917 0.93801 0.06076 0.11998 0.60507 0.51540 
91	2	1.00000 0.06167 0.17182 0.95703 0.90349 0.00000 
92	2	0.16030 0.88457 0.12676 0.06202 0.51461 0.62600 
93	2	0.03200 0.79743 0.17624 0.02182 0.28549 0.71462 
94	2	0.04370 0.72614 0.32282 0.01676 0.26157 0.78927 
95	2	0.08041 0.78733 0.16631 0.03602 0.34013 0.67066 
96	2	0.08562 0.90774 0.13675 0.02643 0.36563 0.71150 
97	2	0.09055 0.84968 0.12850 0.04085 0.40523 0.64187 
98	2	0.10218 0.92217 0.09668 0.05076 0.46822 0.60779 
99	2	0.21592 0.91650 0.07635 0.09456 0.51512 0.51679 
100	2	0.16499 0.94360 0.06693 0.07938 0.53138 0.51177 
101	2	0.21166 0.96202 0.04152 0.09846 0.60709 0.45527 
102	2	0.76536 0.04675 0.65697 0.45188 0.41403 0.52249 
103	2	0.05125 0.82882 0.16602 0.02495 0.33574 0.71528 
104	2	0.07773 0.87312 0.11306 0.03558 0.38661 0.65209 
105	2	0.15319 0.90205 0.20358 0.03373 0.33382 0.75232 
106	2	0.05813 0.78134 0.24010 0.01947 0.25357 0.76517 
107	2	0.10093 0.90163 0.08431 0.04485 0.44786 0.60719 
108	2	0.07288 0.90995 0.16265 0.02702 0.37136 0.72439 
109	2	0.14283 0.91564 0.19138 0.04404 0.35303 0.71673 
110	2	0.07937 0.87246 0.10374 0.05097 0.48175 0.58248 
111	2	0.04524 0.72164 0.23765 0.02100 0.22189 0.73899 
112	2	0.19571 0.87206 0.11577 0.09075 0.55954 0.57859 
113	2	0.81556 0.00000 0.51761 0.52701 0.49222 0.43671 
114	2	0.48114 0.12909 0.83584 0.17756 0.21065 0.74179 
115	2	0.34894 0.20089 0.80845 0.09848 0.17183 0.78716 
116	2	0.24974 0.62907 0.39238 0.06070 0.25545 0.75730 
117	2	0.15455 0.93585 0.09558 0.04833 0.45199 0.65656 
118	2	0.18906 0.89789 0.04078 0.12345 0.74108 0.38592 
119	2	0.32853 0.96599 0.05238 0.16885 0.71000 0.42910 
120	2	0.46667 0.81357 0.14371 0.33948 0.68979 0.37310 
121	2	0.45262 0.78568 0.15176 0.29637 0.74191 0.37463 
122	2	0.29709 0.85873 0.17452 0.12739 0.46169 0.58499 
123	2	0.97428 0.03132 0.19660 1.00000 0.84719 0.03140 
124	2	0.17488 0.85483 0.15119 0.06466 0.43061 0.63095 
125	2	0.05101 0.87843 0.15908 0.02786 0.30823 0.71227 
126	2	0.25445 0.52290 0.40849 0.09292 0.28101 0.70085 
127	2	0.46983 0.06156 0.77274 0.17095 0.20940 0.72217 
128	2	0.45991 0.88040 0.07354 0.37001 0.86844 0.23122 
129	2	0.41585 0.88647 0.08913 0.30115 0.80473 0.29947 
130	2	0.60386 0.85005 0.11761 0.47230 0.79801 0.24491 
131	2	0.32351 0.15701 0.73408 0.09601 0.23064 0.76025 
132	2	0.34193 0.68771 0.33028 0.11722 0.35337 0.66626 
133	2	0.29590 0.01368 1.00000 0.06902 0.08076 0.84625 
134	2	0.32068 0.83485 0.20984 0.22502 0.72405 0.44168 
135	2	0.17847 0.90901 0.10064 0.06516 0.51797 0.62314 
136	2	0.08719 0.94739 0.08762 0.03852 0.49988 0.66173 
137	2	0.39616 0.75203 0.29908 0.21602 0.59189 0.51183 
138	2	0.18437 0.83114 0.34157 0.04840 0.32415 0.77699 
139	2	0.06954 0.75973 0.43407 0.01098 0.15331 0.88231 
140	3	0.09261 0.94702 0.09481 0.03880 0.59609 0.64056 
141	3	0.05593 0.92143 0.16582 0.02804 0.55469 0.71997 
142	3	0.17005 0.95355 0.09341 0.06645 0.64938 0.59281 
143	3	0.04576 0.90692 0.16133 0.02902 0.53638 0.69946 
144	3	0.01536 0.58125 0.79100 0.00326 0.06570 0.95688 
145	3	0.02562 0.54744 0.43992 0.00991 0.11201 0.84883 
146	3	0.02781 0.50753 0.72249 0.00351 0.02557 0.94451 
147	3	0.03998 0.80124 0.33334 0.01632 0.36842 0.80455 
148	3	0.04296 0.91428 0.18054 0.02011 0.42223 0.75815 
149	3	0.09852 0.90578 0.18948 0.03419 0.37615 0.71975 
150	3	0.08483 0.89301 0.25451 0.03214 0.32706 0.76649 
151	3	0.09524 0.92803 0.16338 0.04231 0.40973 0.70446 
152	3	0.13214 0.94204 0.11976 0.04510 0.50309 0.65737 
153	3	0.10925 0.87740 0.28001 0.03921 0.43284 0.74563 
154	3	0.03001 0.83523 0.28622 0.01407 0.35225 0.81629 
155	3	0.06385 0.95424 0.12770 0.03578 0.54419 0.66859 
156	3	0.22648 0.96384 0.09401 0.09373 0.62041 0.57092 
157	3	0.22772 0.98751 0.07063 0.07771 0.59936 0.56099 
158	3	0.09333 0.89823 0.09498 0.05757 0.49710 0.55221 
159	3	0.17225 0.92139 0.11160 0.09627 0.60602 0.51771 
160	3	0.14250 0.86602 0.13942 0.07843 0.43267 0.51770 
161	3	0.76220 0.92883 0.04478 0.55822 0.89138 0.17489 
162	3	0.15049 0.97695 0.04287 0.08353 0.59064 0.48965 
163	3	0.37260 0.94716 0.08152 0.16175 0.65958 0.47511 
164	3	0.23948 0.94791 0.15718 0.10128 0.55476 0.60568 
165	3	0.08371 0.84754 0.40507 0.03040 0.39017 0.77953 
166	3	0.33221 0.76205 0.35193 0.15079 0.58626 0.54036 
167	3	0.13271 0.81499 0.29454 0.07899 0.57775 0.60358 
168	3	0.19595 0.94622 0.15322 0.10016 0.66953 0.53700 
169	3	0.29824 0.96079 0.09516 0.17073 0.82278 0.42036 
170	3	0.04678 0.79597 0.31333 0.02024 0.32746 0.79334 
171	3	0.17230 0.74600 0.42359 0.04311 0.33594 0.78338 
172	3	0.30278 0.74144 0.29319 0.09645 0.45250 0.67180 
173	3	0.10576 0.91598 0.06571 0.06368 0.57973 0.56076 
174	3	0.38535 0.75411 0.46329 0.14946 0.45848 0.65229 
175	3	0.29630 0.91010 0.13502 0.09136 0.50735 0.60851 
176	3	0.34606 0.81430 0.35898 0.10698 0.40286 0.70195 
177	3	0.26582 0.84006 0.30401 0.12054 0.58654 0.59934 
178	3	0.13635 0.86219 0.25734 0.04045 0.49275 0.71291 
179	3	0.07063 0.84614 0.31195 0.02732 0.40392 0.76306 
180	3	0.05868 0.86507 0.25463 0.03138 0.45753 0.72209 
181	3	0.09807 0.88515 0.21067 0.04426 0.53768 0.66912 
182	3	0.05203 0.77796 0.51862 0.00971 0.20155 0.89806 
183	3	0.11955 0.94558 0.11288 0.05414 0.62354 0.60925 
184	3	0.04946 0.92254 0.09183 0.03417 0.49915 0.64703 
185	3	0.05202 0.89089 0.08890 0.04207 0.48624 0.61074 
186	3	0.04842 0.75759 0.66819 0.01070 0.21633 0.89883 
187	3	0.04514 0.77694 0.55372 0.01033 0.23560 0.89226 
188	3	0.05412 0.76508 0.67546 0.01125 0.20228 0.90736 
189	3	0.06974 0.84674 0.24787 0.03210 0.47899 0.72314 
190	3	0.04943 0.68158 0.50515 0.01872 0.25162 0.83517 
191	3	0.07901 0.64419 0.61591 0.01097 0.15936 0.89905 
192	3	0.05313 0.62129 0.73959 0.00836 0.13427 0.92968 
193	3	0.00000 0.55475 0.82915 0.00000 0.00000 1.00000 
194	3	0.16548 0.92581 0.16527 0.08621 0.72088 0.55326 
195	3	0.19375 0.95091 0.17758 0.10241 0.74284 0.54713 
196	3	0.33277 0.97064 0.14153 0.15927 0.75973 0.49543 
197	3	0.18767 0.90397 0.19699 0.08960 0.60165 0.57628 
198	3	0.18870 0.88028 0.23027 0.07718 0.57499 0.61774 
199	3	0.17799 0.95833 0.12920 0.11003 0.68688 0.50718 
200	3	0.08677 0.97040 0.08290 0.04865 0.68918 0.59546 
201	3	0.09321 0.89867 0.14447 0.04679 0.61314 0.65430 
202	3	0.05249 0.88071 0.20551 0.02854 0.48958 0.71986 
203	3	0.06746 0.87703 0.20688 0.03177 0.50184 0.71423 
204	3	0.12213 0.91777 0.06844 0.07253 0.65959 0.54324 
205	3	0.22048 0.71256 0.46211 0.13921 0.54002 0.51473 
206	3	0.30008 0.76906 0.33794 0.17293 0.58079 0.49325 
207	3	0.19222 0.79282 0.33749 0.08834 0.60659 0.58249 
208	3	0.12437 0.85040 0.15872 0.06794 0.52397 0.59291 
209	3	0.05434 0.90486 0.14944 0.03381 0.51371 0.68366 
210	4	0.36767 0.96610 0.06128 0.21496 0.75653 0.42035 
211	4	0.49713 0.94904 0.04999 0.26605 0.76781 0.35998 
212	4	0.49850 0.93185 0.05944 0.27448 0.76519 0.35598 
213	4	0.17540 0.94982 0.07483 0.08500 0.67319 0.52232 
214	4	0.26659 0.87074 0.15743 0.11677 0.62814 0.54999 
215	4	0.24768 0.83304 0.21334 0.12872 0.60989 0.55713 
216	4	0.25299 0.88539 0.10255 0.17738 0.76302 0.42262 
217	4	0.41126 0.86933 0.04514 0.31130 0.83436 0.25874 
218	4	0.25522 0.94979 0.03191 0.18087 0.87710 0.35713 
219	4	0.36667 0.88337 0.08343 0.20874 0.72992 0.42843 
220	4	0.39271 0.94143 0.06403 0.17314 0.68381 0.47410 
221	4	0.20269 0.92775 0.06740 0.12980 0.74470 0.45067 
222	4	0.14827 0.86262 0.16373 0.07491 0.63852 0.60404 
223	4	0.17077 0.98829 0.02780 0.10510 0.79644 0.46198 
224	4	0.14351 0.82058 0.17435 0.06521 0.55040 0.60011 
225	4	0.48028 0.91791 0.10079 0.27598 0.72168 0.43291 
226	4	0.29941 0.94469 0.05180 0.17727 0.73910 0.43430 
227	4	0.17971 0.84055 0.21188 0.06582 0.52398 0.65858 
228	4	0.14874 0.91917 0.15408 0.06756 0.52919 0.63607 
229	4	0.11661 0.85571 0.21732 0.03826 0.40924 0.72727 
230	4	0.32783 0.94851 0.06314 0.20259 0.71737 0.40204 
231	4	0.33368 0.93525 0.07940 0.12578 0.60045 0.53422 
232	4	0.25956 0.91013 0.09546 0.10914 0.61913 0.51471 
233	4	0.14029 0.79242 0.28532 0.05852 0.48045 0.67854 
234	4	0.15010 0.74107 0.27941 0.04329 0.36882 0.73389 
235	4	0.23312 0.86168 0.18395 0.09356 0.55912 0.62887 
236	4	0.39262 0.91641 0.07516 0.23766 0.76190 0.36004 
237	4	0.30969 0.93555 0.05771 0.19372 0.75163 0.39167 
238	4	0.43346 0.87884 0.29286 0.28355 0.70700 0.42765 
239	4	0.31860 0.99741 0.01635 0.30157 1.00000 0.19115 
240	4	0.51721 0.97497 0.01730 0.35067 0.98205 0.18256 
241	4	0.10608 0.79513 0.26376 0.04932 0.51536 0.69556 
242	4	0.11882 0.85723 0.16147 0.06173 0.58739 0.62821 
243	4	0.22681 0.92088 0.13653 0.10360 0.67773 0.52999 
244	4	0.42235 0.96742 0.05140 0.22184 0.86161 0.35235 
245	4	0.08041 0.90230 0.15833 0.03771 0.51488 0.70488 
246	4	0.14846 0.77965 0.34321 0.05113 0.44065 0.74101 
247	4	0.17375 0.77618 0.20874 0.08323 0.53778 0.61754 
248	4	0.19394 0.73936 0.39452 0.07371 0.45180 0.65832 
249	4	0.38590 0.92628 0.10074 0.25107 0.80277 0.38762 
250	4	0.44510 0.93613 0.15326 0.25023 0.65506 0.47312 
251	4	0.19255 0.80893 0.21808 0.08717 0.53387 0.62419 
252	4	0.42200 0.97362 0.06239 0.22143 0.76897 0.38015 
253	4	0.38102 0.90495 0.16153 0.22832 0.69043 0.44088 
254	4	0.51714 0.94079 0.06691 0.28806 0.79739 0.33485 
255	4	0.45193 0.96011 0.06501 0.23063 0.78331 0.36046 
256	4	0.44708 0.91680 0.14290 0.22650 0.69575 0.43946 
257	4	0.17730 0.90498 0.19207 0.08443 0.71356 0.57963 
258	4	0.31311 0.62527 0.29906 0.12948 0.50987 0.60569 
259	4	0.18552 0.75276 0.28399 0.10144 0.52717 0.64079 
260	4	0.28336 0.64478 0.33465 0.12634 0.52243 0.61503 
261	4	0.72872 0.87730 0.23856 0.40840 0.61093 0.49261 
262	4	0.41567 0.79700 0.26854 0.16996 0.52714 0.61120 
263	4	0.40297 0.81602 0.24365 0.18878 0.52797 0.58245 
264	4	0.65844 0.94687 0.04361 0.41104 0.84448 0.25250 
265	4	0.42622 0.91166 0.14259 0.24952 0.72333 0.41106 
266	4	0.56100 0.93557 0.08257 0.33143 0.80252 0.30805 
267	4	0.45049 0.90388 0.16751 0.24677 0.70366 0.43877 
268	4	0.13487 0.87435 0.19373 0.08343 0.67655 0.57880 
269	4	0.15546 0.87302 0.20869 0.08555 0.67350 0.58642 
270	4	0.06931 0.80124 0.31470 0.02722 0.43084 0.77429 
271	4	0.06802 0.79954 0.34108 0.02726 0.42332 0.78827 
272	4	0.10331 0.83790 0.22114 0.04543 0.48533 0.70842 
273	4	0.11597 0.78226 0.28711 0.04409 0.48644 0.71725 
274	4	0.29009 0.92958 0.16168 0.18180 0.79584 0.44769 
275	4	0.40873 0.89468 0.14657 0.19082 0.65534 0.49439 
276	4	0.61661 0.79274 0.14419 0.56454 0.87984 0.15080 
277	4	0.35380 0.87360 0.13726 0.17458 0.67513 0.46151 
278	4	0.25991 0.90936 0.14344 0.15351 0.66132 0.49921 
279	4	0.39038 0.96944 0.06543 0.25146 0.81218 0.34332 
280	5	0.18993 0.97521 0.03875 0.12485 0.79703 0.45054 
281	5	0.04698 0.86936 0.27482 0.02131 0.41641 0.78832 
282	5	0.05152 0.87598 0.20109 0.01976 0.35033 0.76819 
283	5	0.13364 0.96284 0.04181 0.09866 0.75538 0.46118 
284	5	0.15323 0.97018 0.05471 0.06739 0.65629 0.56206 
285	5	0.26334 0.95972 0.06528 0.18981 0.84547 0.37655 
286	5	0.23021 0.98098 0.08292 0.10623 0.62165 0.54820 
287	5	0.05215 0.91295 0.10884 0.02892 0.47016 0.68972 
288	5	0.08944 0.83668 0.12766 0.05094 0.50206 0.61220 
289	5	0.29884 0.98652 0.00882 0.17173 0.86930 0.33118 
290	5	0.23927 0.98652 0.00892 0.15710 0.85800 0.34275 
291	5	0.07656 0.98344 0.02567 0.05361 0.69130 0.55117 
292	5	0.22191 0.97380 0.03561 0.11691 0.74540 0.46382 
293	5	0.13712 0.98955 0.01808 0.06863 0.72325 0.51779 
294	5	0.07437 0.99779 0.00883 0.05458 0.73912 0.51561 
295	5	0.06494 0.98530 0.02152 0.05345 0.70588 0.53904 
296	5	0.14113 0.89903 0.06001 0.08515 0.64746 0.48584 
297	5	0.19164 0.99101 0.00885 0.10968 0.79025 0.41892 
298	5	0.08728 0.98036 0.03154 0.04730 0.65739 0.57716 
299	5	0.07879 0.85227 0.13646 0.03983 0.37018 0.65077 
300	5	0.05636 0.82767 0.22584 0.01964 0.28053 0.76909 
301	5	0.11509 0.94869 0.08383 0.04598 0.56934 0.62239 
302	5	0.13210 0.99513 0.00614 0.11050 0.86789 0.40087 
303	5	0.14047 1.00000 0.00000 0.11772 0.92788 0.35555 
304	5	0.09241 0.96272 0.04573 0.06875 0.68197 0.52805 
305	5	0.08781 0.93075 0.05382 0.05199 0.49553 0.56110 
306	5	0.04196 0.77344 0.47128 0.00858 0.21675 0.89235 
307	5	0.02105 0.58596 0.44957 0.00841 0.09548 0.86334 
308	5	0.00853 0.73283 0.41896 0.00423 0.10637 0.90850 
309	5	0.01065 0.60092 0.46841 0.00630 0.09361 0.87893 
310	5	0.02900 0.90930 0.12021 0.01951 0.34618 0.72647 
311	5	0.03527 0.82227 0.18031 0.01843 0.28279 0.75082 
312	5	0.01894 0.59410 0.42429 0.00896 0.10313 0.85114 
313	5	0.05174 0.82346 0.27360 0.02367 0.37500 0.77480 
314	5	0.31891 0.91710 0.02432 0.24537 0.74746 0.29345 
315	5	0.02254 0.65531 0.32547 0.01159 0.14284 0.81190 
316	5	0.04094 0.56064 0.29431 0.02046 0.16163 0.75449 
317	5	0.07913 0.93996 0.13063 0.02759 0.42737 0.71201 
318	5	0.03077 0.51036 0.35302 0.01502 0.12486 0.78762 
319	5	0.03319 0.91037 0.15825 0.01683 0.35312 0.76035 
320	5	0.02766 0.83970 0.22949 0.01453 0.29307 0.78852 
321	5	0.21362 0.94537 0.01097 0.18005 0.81269 0.30413 
322	5	0.22040 0.73495 0.09657 0.12320 0.53958 0.47742 
323	5	0.07368 0.93380 0.08086 0.04016 0.47281 0.62778 
324	5	0.07145 0.93232 0.08164 0.04313 0.53071 0.61027 
325	5	0.07753 0.91888 0.12517 0.02858 0.40971 0.69143 
326	5	0.05640 0.89742 0.11256 0.02921 0.36859 0.68734 
327	5	0.13112 0.96844 0.09335 0.05048 0.57331 0.63067 
328	5	0.37581 0.98109 0.08640 0.13276 0.61582 0.56811 
329	5	0.12857 0.97312 0.01916 0.08501 0.71707 0.44675 
330	5	0.19449 0.99486 0.01245 0.12352 0.81904 0.42725 
331	5	0.30714 0.98750 0.00521 0.27984 0.91306 0.22817 
332	5	0.25039 0.98913 0.00481 0.18357 0.87671 0.30806 
333	5	0.05818 0.87915 0.09540 0.03740 0.42112 0.62827 
334	5	0.10200 0.94237 0.10229 0.03587 0.46614 0.68675 
335	5	0.09540 0.92439 0.08459 0.04755 0.50329 0.61603 
336	5	0.07115 0.87476 0.10613 0.03780 0.42673 0.64022 
337	5	0.27780 0.90328 0.16213 0.09948 0.41586 0.61265 
338	5	0.08828 0.68536 0.33959 0.02903 0.33572 0.75868 
339	5	0.07126 0.68331 0.27826 0.02549 0.31370 0.74714 
340	5	0.07530 0.75139 0.17487 0.04175 0.27779 0.65470 
341	5	0.04051 0.70753 0.29007 0.01886 0.20513 0.78142 
342	5	0.04990 0.54739 0.38833 0.01527 0.12155 0.81935 
343	5	0.03987 0.51397 0.33045 0.02139 0.17034 0.76210 
344	5	0.18592 0.86038 0.19427 0.06984 0.40399 0.65818 
345	5	0.19210 0.92593 0.12591 0.08754 0.57550 0.60033 
346	5	0.29827 0.94036 0.17978 0.09131 0.47395 0.68029 
347	5	0.03446 0.79858 0.26960 0.01345 0.22977 0.80964 
348	5	0.02948 0.81374 0.37163 0.00914 0.18373 0.88596 
349	5	0.12529 0.88700 0.13110 0.04710 0.51206 0.64455 
