350	5	6
0	1	0.43594 0.90487 0.08199 0.24045 0.70308 0.41624 
1	1	0.52346 0.80017 0.15805 0.35272 0.73898 0.30619 
2	1	0.33626 0.82510 0.19582 0.17013 0.66087 0.50104 
3	1	0.11234 0.71496 0.46840 0.07032 0.48810 0.66787 
4	1	0.32014 0.78763 0.59370 0.14753 0.47202 0.59875 
5	1	0.41256 0.77267 0.38555 0.22459 0.53880 0.49027 
6	1	0.46277 0.78381 0.38141 0.27081 0.59363 0.46077 
7	1	0.17337 0.78662 0.43763 0.09695 0.51422 0.60276 
8	1	0.07956 0.65399 0.46856 0.03002 0.33377 0.76322 
9	1	0.17655 0.74721 0.45903 0.08714 0.49430 0.64193 
10	1	0.16228 0.87233 0.13015 0.09920 0.60957 0.56436 
11	1	0.23089 0.77959 0.33497 0.11159 0.57597 0.58541 
12	1	0.23613 0.74638 0.38609 0.11827 0.56611 0.58101 
13	1	0.14739 0.93854 0.09110 0.12047 0.74207 0.48289 
14	1	0.13380 0.92410 0.08014 0.12053 0.71905 0.45083 
15	1	0.32742 0.90102 0.19519 0.20488 0.66932 0.43201 
16	1	0.21025 0.90529 0.09494 0.19099 0.79378 0.38291 
17	1	0.57113 0.93288 0.17497 0.39176 0.74872 0.32218 
18	1	0.48385 0.91028 0.22113 0.29271 0.67471 0.40475 
19	1	0.11001 0.83178 0.18489 0.07346 0.55223 0.64087 
20	1	0.10721 0.83250 0.31409 0.04170 0.31709 0.77554 
21	1	0.13542 0.80255 0.33336 0.07194 0.44294 0.69509 
22	1	0.37514 0.82418 0.11708 0.28049 0.70351 0.40851 
23	1	0.28701 0.89750 0.11122 0.19027 0.72516 0.46721 
24	1	0.37682 0.93092 0.08562 0.21579 0.78363 0.44259 
25	1	0.19532 0.71436 0.62285 0.13487 0.57341 0.43763 
26	1	0.18843 0.84224 0.16973 0.09689 0.56092 0.58829 
27	1	0.13316 0.81655 0.35928 0.08085 0.58865 0.58614 
28	1	0.32158 0.75834 0.19375 0.19521 0.67301 0.44805 
29	1	0.57318 0.74926 0.16890 0.38234 0.69660 0.35016 
30	1	0.42635 0.81674 0.18406 0.33038 0.70659 0.30859 
31	1	0.57131 0.88455 0.09690 0.45990 0.78446 0.19793 
32	1	0.49494 0.81284 0.21300 0.31681 0.72713 0.36963 
33	1	0.06013 0.92031 0.14197 0.04148 0.46422 0.66494 
34	1	0.13061 0.93267 0.08924 0.06931 0.69391 0.60059 
35	1	0.17776 0.83685 0.17797 0.12416 0.65434 0.52767 
36	1	0.24725 0.79670 0.24458 0.16524 0.66847 0.50045 
37	1	0.21789 0.82163 0.47884 0.16710 0.73396 0.43611 
38	1	0.26285 0.57357 0.57571 0.10865 0.41575 0.68328 
39	1	0.10490 0.66417 0.42304 0.03082 0.24334 0.78500 
40	1	0.18795 0.77637 0.25452 0.08765 0.46626 0.64364 
41	1	0.17794 0.86129 0.17400 0.08238 0.55949 0.62461 
42	1	0.13391 0.93241 0.06849 0.09261 0.74048 0.55398 
43	1	0.43970 0.79323 0.19683 0.26868 0.67835 0.38686 
44	1	0.43950 0.80262 0.09337 0.29751 0.66680 0.30191 
45	1	0.22318 0.82755 0.53120 0.09701 0.43311 0.62252 
46	1	0.17436 0.77276 0.29485 0.11502 0.53472 0.52353 
47	1	0.17734 0.79217 0.20030 0.11914 0.62413 0.50092 
48	1	0.16675 0.81176 0.37781 0.09838 0.59104 0.57095 
49	1	0.35210 0.88078 0.08039 0.21010 0.76702 0.40044 
50	1	0.27895 0.79576 0.13982 0.16657 0.70062 0.45954 
51	1	0.42403 0.84262 0.24590 0.27520 0.67300 0.40482 
52	1	0.43564 0.76293 0.28153 0.30379 0.63221 0.38709 
53	1	0.38169 0.77956 0.24065 0.25229 0.69301 0.39594 
54	1	0.44042 0.71704 0.33782 0.31184 0.72530 0.33767 
55	1	0.36773 0.80561 0.14248 0.34137 0.92590 0.21479 
56	1	0.46718 0.81983 0.12514 0.42503 0.93264 0.14561 
57	1	0.22112 0.93001 0.09676 0.13220 0.74103 0.43878 
58	1	0.19865 0.92957 0.16271 0.17474 0.75336 0.42066 
59	1	0.13302 0.80535 0.36678 0.06453 0.53109 0.62024 
60	1	0.20004 0.91152 0.17433 0.15223 0.68720 0.44193 
61	1	0.36804 0.91755 0.13274 0.22347 0.70617 0.37362 
62	1	0.27078 0.97276 0.02258 0.17465 0.91551 0.36136 
63	1	0.30789 0.96019 0.03495 0.21711 0.90345 0.33803 
64	1	0.27810 0.97195 0.12115 0.19119 0.59103 0.38386 
65	1	0.45629 0.98349 0.07266 0.33839 0.77796 0.25670 
66	1	0.39763 0.98622 0.05201 0.29699 0.84462 0.27388 
67	1	0.31338 0.96166 0.14491 0.18610 0.61204 0.41466 
68	1	0.16715 0.76840 0.34868 0.08772 0.53772 0.62270 
69	1	0.19257 0.84558 0.23114 0.10126 0.59547 0.54944 
70	2	0.22586 0.72627 0.38095 0.09403 0.35779 0.64021 
71	2	0.29633 0.80365 0.32152 0.13746 0.41496 0.58686 
72	2	0.24193 0.79189 0.33085 0.10077 0.37987 0.62639 
73	2	0.25603 0.73846 0.40623 0.15309 0.44258 0.56213 
74	2	0.29711 0.83133 0.31794 0.12678 0.40876 0.59366 
75	2	0.63540 0.33417 0.06226 0.48718 0.57573 0.18641 
76	2	0.27890 0.53959 0.19460 0.17138 0.48389 0.37996 
77	2	0.51753 0.79717 0.04668 0.35287 0.80679 0.26783 
78	2	0.35762 0.85761 0.12757 0.18685 0.62703 0.46342 
79	2	0.44424 0.82260 0.12064 0.24625 0.65204 0.43364 
80	2	0.49535 0.56920 0.57184 0.27914 0.43733 0.49616 
81	2	0.26724 0.90922 0.09271 0.15973 0.71134 0.45430 
82	2	0.22841 0.90015 0.06178 0.13724 0.63614 0.45886 
83	2	0.23124 0.93375 0.05581 0.15731 0.73712 0.41489 
84	2	0.58992 0.88488 0.03271 0.43619 0.82009 0.21733 
85	2	0.35858 0.88054 0.05070 0.21952 0.71824 0.35313 
86	2	0.23084 0.88323 0.07132 0.14301 0.64748 0.45157 
87	2	0.22563 0.89495 0.07305 0.12615 0.63031 0.48095 
88	2	0.31967 0.88530 0.06863 0.17130 0.66473 0.43767 
89	2	0.46944 0.92659 0.06373 0.30600 0.73042 0.34732 
90	2	0.45472 0.84805 0.06354 0.27293 0.72618 0.37861 
91	2	0.57764 0.26057 0.16855 0.52233 0.84131 0.17631 
92	2	0.10962 0.85724 0.13556 0.07549 0.51841 0.55033 
93	2	0.12589 0.78312 0.17649 0.06013 0.30784 0.58288 
94	2	0.15898 0.71874 0.19030 0.07164 0.35157 0.55593 
95	2	0.19458 0.75348 0.11182 0.11846 0.44464 0.45810 
96	2	0.10278 0.90518 0.11353 0.06086 0.39035 0.56331 
97	2	0.19458 0.83084 0.13331 0.09733 0.44605 0.52556 
98	2	0.11182 0.90653 0.07425 0.09198 0.51394 0.47588 
99	2	0.38792 0.89970 0.10295 0.20086 0.52671 0.42812 
100	2	0.21615 0.92911 0.08292 0.12282 0.52696 0.45777 
101	2	0.24727 0.93501 0.06189 0.16772 0.64991 0.40402 
102	2	0.60759 0.00000 0.62334 0.39289 0.43010 0.42051 
103	2	0.16041 0.79193 0.12086 0.08511 0.42277 0.51521 
104	2	0.20842 0.86755 0.07010 0.12976 0.49344 0.43313 
105	2	0.15706 0.88142 0.13524 0.07109 0.39981 0.55439 
106	2	0.13239 0.75199 0.15016 0.08146 0.35997 0.52615 
107	2	0.18139 0.88920 0.06155 0.10741 0.50660 0.43427 
108	2	0.11871 0.88263 0.12684 0.07632 0.46091 0.54106 
109	2	0.16763 0.89178 0.12986 0.09318 0.43210 0.52290 
110	2	0.20315 0.84209 0.10811 0.11417 0.52156 0.48059 
111	2	0.02809 0.65104 0.31660 0.02169 0.15939 0.69502 
112	2	0.12586 0.85847 0.12683 0.08699 0.54762 0.53869 
113	2	0.45124 0.00049 0.52662 0.28362 0.49751 0.42541 
114	2	0.36540 0.08037 0.76857 0.17296 0.26472 0.55635 
115	2	0.22082 0.17757 0.68224 0.12109 0.25827 0.54353 
116	2	0.12255 0.55547 0.45540 0.06544 0.30019 0.64566 
117	2	0.13022 0.90269 0.13627 0.05792 0.49870 0.63694 
118	2	0.10746 0.85157 0.09369 0.06957 0.65651 0.58549 
119	2	0.20650 0.96505 0.05488 0.16537 0.74921 0.40825 
120	2	0.31323 0.81214 0.13115 0.20430 0.65295 0.41537 
121	2	0.52626 0.80676 0.12589 0.35442 0.74275 0.33938 
122	2	0.31943 0.81317 0.20674 0.14877 0.46622 0.52881 
123	2	0.80787 0.21295 0.21559 0.68928 0.77825 0.17644 
124	2	0.16652 0.84645 0.22403 0.08302 0.46953 0.57282 
125	2	0.20509 0.85982 0.18090 0.11860 0.43909 0.50371 
126	2	0.27617 0.47714 0.56510 0.10600 0.27755 0.64918 
127	2	0.31767 0.03944 0.73008 0.13807 0.24486 0.58003 
128	2	0.23540 0.89680 0.09666 0.20367 0.85547 0.36709 
129	2	0.21620 0.90452 0.11361 0.18324 0.81114 0.40808 
130	2	0.27027 0.85222 0.13403 0.20483 0.75204 0.40318 
131	2	0.27363 0.15324 0.71821 0.11110 0.24700 0.62699 
132	2	0.22062 0.61319 0.51726 0.08144 0.30740 0.68962 
133	2	0.17452 0.01214 0.91420 0.06239 0.11618 0.68023 
134	2	0.25100 0.83620 0.17952 0.16999 0.73420 0.44793 
135	2	0.26372 0.86465 0.05486 0.16699 0.68411 0.41637 
136	2	0.30301 0.90767 0.05774 0.16864 0.67070 0.42334 
137	2	0.37112 0.75538 0.25500 0.21830 0.63182 0.45143 
138	2	0.19186 0.77158 0.35868 0.09011 0.40720 0.62494 
139	2	0.19157 0.62607 0.50471 0.07040 0.23331 0.69704 
140	3	0.23947 0.94289 0.12405 0.12486 0.65718 0.56780 
141	3	0.07824 0.90433 0.18233 0.05641 0.59569 0.69441 
142	3	0.42660 0.95669 0.10261 0.25842 0.72906 0.41755 
143	3	0.17325 0.89030 0.18237 0.08033 0.56338 0.67830 
144	3	0.20195 0.59465 0.86251 0.05696 0.14204 0.82870 
145	3	0.00000 0.58321 0.50762 0.00620 0.06529 0.85668 
146	3	0.00446 0.54316 0.79097 0.00011 0.00789 0.92979 
147	3	0.11570 0.79845 0.41375 0.04757 0.39587 0.77812 
148	3	0.15110 0.91425 0.24632 0.05806 0.48712 0.72347 
149	3	0.23904 0.89560 0.32858 0.09606 0.42935 0.66956 
150	3	0.20729 0.87178 0.38548 0.07859 0.37012 0.70979 
151	3	0.26055 0.91550 0.26491 0.10359 0.45664 0.66341 
152	3	0.27462 0.93946 0.20649 0.12165 0.55991 0.64315 
153	3	0.36098 0.86196 0.34977 0.15689 0.46474 0.66778 
154	3	0.06743 0.82157 0.34743 0.02670 0.36879 0.81548 
155	3	0.15588 0.88021 0.23558 0.08657 0.58753 0.56166 
156	3	0.46920 0.90516 0.20206 0.25581 0.61908 0.47278 
157	3	0.53097 0.89501 0.22848 0.32802 0.66138 0.36134 
158	3	0.18389 0.74137 0.20490 0.09824 0.48873 0.57051 
159	3	0.42135 0.77146 0.26658 0.22236 0.59327 0.48569 
160	3	0.33526 0.60796 0.22527 0.21560 0.50912 0.38902 
161	3	1.00000 0.75344 0.06936 1.00000 0.91557 0.00000 
162	3	0.13281 0.91490 0.12733 0.09410 0.52758 0.46587 
163	3	0.48931 0.85896 0.17559 0.27978 0.64718 0.45690 
164	3	0.42325 0.85148 0.24124 0.21882 0.61234 0.50665 
165	3	0.37241 0.83597 0.33587 0.17176 0.48114 0.60433 
166	3	0.33764 0.77032 0.43619 0.25299 0.60514 0.44708 
167	3	0.34995 0.81555 0.38751 0.27654 0.63772 0.42616 
168	3	0.43543 0.93904 0.15856 0.31076 0.76042 0.33404 
169	3	0.32958 0.95679 0.07634 0.28261 0.85251 0.28779 
170	3	0.07704 0.78451 0.29134 0.04479 0.35936 0.72018 
171	3	0.10150 0.76445 0.49852 0.03547 0.32588 0.77959 
172	3	0.24267 0.70704 0.42491 0.08859 0.40509 0.70084 
173	3	0.09979 0.90143 0.11215 0.07381 0.56561 0.59831 
174	3	0.43825 0.78208 0.56458 0.22077 0.45795 0.55994 
175	3	0.11667 0.90382 0.21467 0.07385 0.46332 0.60138 
176	3	0.23720 0.82849 0.40295 0.09754 0.39434 0.63685 
177	3	0.34651 0.84279 0.34377 0.17186 0.58382 0.52896 
178	3	0.59455 0.86310 0.26316 0.38574 0.63739 0.39729 
179	3	0.48854 0.86274 0.30768 0.27275 0.54112 0.47989 
180	3	0.44369 0.87518 0.25126 0.23618 0.56077 0.48001 
181	3	0.53912 0.89190 0.18035 0.32831 0.64566 0.38977 
182	3	0.16039 0.74412 0.64472 0.04419 0.22285 0.82739 
183	3	0.54593 0.93655 0.13799 0.33937 0.69026 0.38198 
184	3	0.12422 0.88299 0.11849 0.08285 0.57310 0.58885 
185	3	0.10976 0.84711 0.15216 0.06800 0.49145 0.64175 
186	3	0.06287 0.73920 0.68858 0.02110 0.19377 0.83840 
187	3	0.02464 0.75520 0.57415 0.01679 0.21241 0.83361 
188	3	0.09217 0.74536 0.71952 0.03054 0.20190 0.83229 
189	3	0.07291 0.84916 0.21219 0.03964 0.45712 0.76269 
190	3	0.06466 0.66038 0.58441 0.02720 0.20108 0.88955 
191	3	0.02413 0.62459 0.75959 0.00419 0.09642 0.97845 
192	3	0.02165 0.61461 0.83164 0.00685 0.10338 0.96699 
193	3	0.05922 0.53459 1.00000 0.00183 0.00000 1.00000 
194	3	0.18809 0.91966 0.10358 0.13802 0.74132 0.46384 
195	3	0.40448 0.94035 0.12626 0.24626 0.77153 0.40324 
196	3	0.39837 0.96478 0.11197 0.29507 0.78477 0.35985 
197	3	0.32551 0.91492 0.19580 0.16033 0.56313 0.54775 
198	3	0.21755 0.88847 0.22756 0.10810 0.51788 0.60577 
199	3	0.42770 0.94516 0.18068 0.27781 0.68864 0.42808 
200	3	0.20162 0.94915 0.15013 0.08941 0.64391 0.63547 
201	3	0.14353 0.87902 0.18200 0.09002 0.59024 0.60440 
202	3	0.16049 0.86825 0.25000 0.06812 0.48616 0.68705 
203	3	0.25277 0.86034 0.26971 0.09678 0.49696 0.67959 
204	3	0.08380 0.89900 0.12301 0.06501 0.62599 0.63735 
205	3	0.89064 0.70183 0.39586 0.79457 0.71044 0.25969 
206	3	0.85014 0.75014 0.33825 0.73068 0.71464 0.28677 
207	3	0.62838 0.79024 0.30407 0.42134 0.69522 0.43361 
208	3	0.15664 0.83270 0.26884 0.06375 0.43776 0.67878 
209	3	0.06983 0.88557 0.20214 0.04943 0.49845 0.67756 
210	4	0.19767 0.96523 0.08516 0.13973 0.71980 0.46897 
211	4	0.33513 0.92572 0.07785 0.22948 0.74468 0.39661 
212	4	0.35681 0.92538 0.08288 0.20415 0.72262 0.44005 
213	4	0.06983 0.97077 0.07149 0.05628 0.62345 0.61687 
214	4	0.12669 0.91672 0.14359 0.06739 0.55781 0.59902 
215	4	0.15850 0.91514 0.17622 0.08604 0.54473 0.58826 
216	4	0.18936 0.93178 0.09191 0.11367 0.68717 0.52248 
217	4	0.24964 0.88754 0.06901 0.15339 0.74302 0.45243 
218	4	0.30779 0.93301 0.07350 0.20212 0.82994 0.41556 
219	4	0.39287 0.91184 0.09737 0.20614 0.68225 0.48420 
220	4	0.16157 0.92349 0.11381 0.10695 0.66070 0.51158 
221	4	0.21164 0.94064 0.10159 0.14173 0.70635 0.45644 
222	4	0.09101 0.86010 0.22825 0.06072 0.61549 0.63445 
223	4	0.20434 0.97667 0.05961 0.13392 0.77206 0.42329 
224	4	0.08143 0.87902 0.18527 0.04558 0.44686 0.65005 
225	4	0.29058 0.91113 0.14869 0.16508 0.69282 0.48315 
226	4	0.14703 0.93555 0.08190 0.08993 0.68596 0.56463 
227	4	0.12742 0.82351 0.34920 0.06606 0.50199 0.63511 
228	4	0.11244 0.93456 0.18192 0.05989 0.54437 0.62761 
229	4	0.09003 0.85519 0.28476 0.04408 0.40624 0.69420 
230	4	0.30577 0.94499 0.07005 0.21041 0.71370 0.41691 
231	4	0.15358 0.94095 0.11162 0.08263 0.57166 0.55250 
232	4	0.12488 0.93524 0.12049 0.07033 0.55395 0.64269 
233	4	0.08148 0.81972 0.35546 0.04343 0.44887 0.68669 
234	4	0.11803 0.74133 0.36728 0.06244 0.38961 0.67263 
235	4	0.17881 0.86615 0.22065 0.11207 0.61504 0.52338 
236	4	0.15075 0.92543 0.08923 0.14028 0.71994 0.45186 
237	4	0.22127 0.91840 0.10289 0.13725 0.69162 0.52432 
238	4	0.71465 0.88192 0.23621 0.53293 0.69416 0.29697 
239	4	0.45719 1.00000 0.00000 0.41917 0.99504 0.10354 
240	4	0.70281 0.97156 0.00147 0.61715 1.00000 0.03549 
241	4	0.13945 0.77764 0.28780 0.08255 0.53967 0.60066 
242	4	0.15614 0.83072 0.19639 0.10708 0.59917 0.53259 
243	4	0.23729 0.89919 0.15346 0.14890 0.69093 0.43586 
244	4	0.23962 0.96206 0.05235 0.19335 0.86087 0.33381 
245	4	0.18768 0.88941 0.16842 0.10963 0.55296 0.53293 
246	4	0.11865 0.76847 0.28262 0.08233 0.48872 0.58963 
247	4	0.13954 0.74944 0.20144 0.09830 0.56187 0.54666 
248	4	0.11302 0.74623 0.38668 0.08413 0.47203 0.58033 
249	4	0.27360 0.91387 0.05229 0.23226 0.84943 0.31140 
250	4	0.34559 0.95585 0.13226 0.19547 0.69233 0.43627 
251	4	0.17987 0.79181 0.24457 0.09796 0.56499 0.55281 
252	4	0.24814 0.94184 0.11006 0.18874 0.80342 0.35231 
253	4	0.32858 0.88253 0.12136 0.22941 0.72618 0.34464 
254	4	0.30927 0.90137 0.11629 0.17971 0.75768 0.41266 
255	4	0.28232 0.92910 0.11769 0.20506 0.79021 0.35736 
256	4	0.28247 0.89332 0.10669 0.22216 0.73865 0.33976 
257	4	0.26789 0.88801 0.15433 0.16033 0.75420 0.44418 
258	4	0.08209 0.58795 0.38230 0.05848 0.48046 0.64648 
259	4	0.17339 0.72140 0.31148 0.08749 0.50606 0.62769 
260	4	0.25138 0.62935 0.40782 0.10767 0.49810 0.62962 
261	4	0.39843 0.86934 0.21801 0.21826 0.64490 0.47833 
262	4	0.34076 0.77819 0.23919 0.16624 0.55592 0.56345 
263	4	0.18532 0.82017 0.19607 0.11360 0.55998 0.56261 
264	4	0.59705 0.90213 0.09881 0.41603 0.81559 0.27248 
265	4	0.51584 0.89212 0.11918 0.33806 0.74667 0.30895 
266	4	0.45438 0.91416 0.09338 0.33028 0.80217 0.27800 
267	4	0.37510 0.88690 0.14407 0.23061 0.71904 0.38039 
268	4	0.20042 0.86016 0.21016 0.13200 0.69397 0.50107 
269	4	0.29022 0.85919 0.19974 0.15696 0.69566 0.48629 
270	4	0.09482 0.77876 0.32094 0.05478 0.46445 0.65743 
271	4	0.09391 0.77628 0.33187 0.05673 0.46945 0.65070 
272	4	0.23192 0.82034 0.18426 0.11686 0.55098 0.52420 
273	4	0.12653 0.76069 0.32889 0.06965 0.49619 0.62957 
274	4	0.47848 0.92351 0.11695 0.31349 0.79208 0.32338 
275	4	0.26297 0.85919 0.27363 0.15165 0.65674 0.52330 
276	4	0.56988 0.79859 0.12639 0.41148 0.84403 0.25257 
277	4	0.23485 0.82407 0.27223 0.12927 0.64006 0.52722 
278	4	0.19992 0.86065 0.22982 0.12512 0.63682 0.53522 
279	4	0.50077 0.93832 0.07462 0.40296 0.84768 0.24919 
280	5	0.23668 0.98197 0.04173 0.15448 0.78914 0.40399 
281	5	0.23644 0.86040 0.23834 0.10026 0.50326 0.60447 
282	5	0.07689 0.87393 0.23236 0.03859 0.36013 0.67928 
283	5	0.26686 0.92812 0.06174 0.18112 0.77771 0.37331 
284	5	0.18320 0.94145 0.07437 0.11662 0.69506 0.46408 
285	5	0.25703 0.96031 0.05084 0.21668 0.84508 0.34127 
286	5	0.33586 0.99127 0.06437 0.22823 0.74140 0.36446 
287	5	0.08358 0.91039 0.14108 0.04563 0.47124 0.66742 
288	5	0.19617 0.85064 0.17632 0.08900 0.48107 0.57787 
289	5	0.25430 0.97647 0.02465 0.17508 0.83106 0.39137 
290	5	0.25097 0.97526 0.02646 0.17413 0.82448 0.39350 
291	5	0.14298 0.97317 0.01909 0.10861 0.78067 0.45049 
292	5	0.17249 0.97475 0.05708 0.10315 0.71596 0.52588 
293	5	0.23788 0.97764 0.01605 0.13631 0.80405 0.41434 
294	5	0.19094 0.98487 0.00536 0.16574 0.83653 0.32361 
295	5	0.25219 0.95854 0.03068 0.20169 0.80938 0.35871 
296	5	0.19914 0.90618 0.09678 0.11084 0.60135 0.49661 
297	5	0.36109 0.95626 0.01941 0.29631 0.86483 0.26044 
298	5	0.17667 0.95306 0.04639 0.16166 0.75700 0.40372 
299	5	0.17137 0.79460 0.21054 0.07139 0.38720 0.61677 
300	5	0.10250 0.78419 0.26232 0.04474 0.32441 0.67355 
301	5	0.09241 0.96120 0.11087 0.06118 0.56286 0.57399 
302	5	0.15835 0.99145 0.02618 0.15784 0.85814 0.36885 
303	5	0.23705 0.99665 0.00457 0.22837 0.92910 0.27526 
304	5	0.13091 0.96502 0.06732 0.10600 0.66937 0.48784 
305	5	0.22324 0.91821 0.07283 0.11345 0.51410 0.49254 
306	5	0.09247 0.78180 0.44757 0.03280 0.27649 0.78459 
307	5	0.00165 0.58155 0.54741 0.00000 0.03799 0.90465 
308	5	0.02059 0.70896 0.39479 0.00892 0.12305 0.83903 
309	5	0.04278 0.64383 0.44319 0.01328 0.10412 0.82241 
310	5	0.07708 0.89973 0.15960 0.04611 0.33744 0.62274 
311	5	0.09142 0.80553 0.23418 0.03912 0.25431 0.66805 
312	5	0.00143 0.58198 0.50566 0.00317 0.05171 0.87739 
313	5	0.06880 0.82317 0.31274 0.04942 0.39871 0.70959 
314	5	0.42793 0.88670 0.05354 0.24785 0.65887 0.39731 
315	5	0.00454 0.64984 0.41364 0.00535 0.08444 0.85257 
316	5	0.04284 0.55651 0.44405 0.01730 0.08431 0.81307 
317	5	0.13364 0.95480 0.11016 0.06639 0.47542 0.65149 
318	5	0.00391 0.49324 0.59798 0.00234 0.03073 0.90275 
319	5	0.16669 0.91620 0.16721 0.06454 0.40177 0.62229 
320	5	0.18241 0.85146 0.24666 0.07337 0.36385 0.64690 
321	5	0.37302 0.91053 0.00272 0.32469 0.89362 0.22650 
322	5	0.29897 0.75061 0.10219 0.15316 0.55536 0.51473 
323	5	0.32424 0.92495 0.06850 0.16065 0.57548 0.46126 
324	5	0.29728 0.91481 0.05487 0.16879 0.64990 0.40188 
325	5	0.11390 0.95007 0.11951 0.04788 0.42068 0.67022 
326	5	0.23027 0.89887 0.10998 0.09551 0.42202 0.58326 
327	5	0.14246 0.97916 0.05130 0.10432 0.66465 0.49753 
328	5	0.30083 0.97887 0.04360 0.19418 0.72457 0.40195 
329	5	0.26951 0.97317 0.03539 0.16981 0.72773 0.40683 
330	5	0.33680 0.98097 0.01705 0.27002 0.89198 0.24572 
331	5	0.46908 0.97604 0.01498 0.38984 0.90988 0.18036 
332	5	0.22815 0.97668 0.02320 0.22875 0.86009 0.29467 
333	5	0.05924 0.86162 0.16770 0.04252 0.36734 0.66313 
334	5	0.12504 0.92576 0.14191 0.06298 0.48565 0.61625 
335	5	0.13780 0.89796 0.14054 0.07202 0.50130 0.59518 
336	5	0.09236 0.84822 0.18522 0.05205 0.40236 0.64190 
337	5	0.15699 0.88112 0.19142 0.05655 0.37057 0.67502 
338	5	0.06780 0.71701 0.33506 0.03470 0.31040 0.72916 
339	5	0.06033 0.69778 0.37131 0.01927 0.25613 0.80179 
340	5	0.15837 0.77817 0.21909 0.09165 0.28230 0.56425 
341	5	0.09926 0.69889 0.36944 0.04905 0.20097 0.66434 
342	5	0.07468 0.54427 0.42595 0.02958 0.09845 0.70544 
343	5	0.05094 0.51243 0.40246 0.02867 0.11953 0.70133 
344	5	0.14434 0.79322 0.27860 0.06353 0.35426 0.71040 
345	5	0.15348 0.91682 0.20846 0.07752 0.54539 0.65032 
346	5	0.26633 0.93837 0.19069 0.11100 0.47490 0.64121 
347	5	0.03417 0.78722 0.34813 0.02121 0.19485 0.76993 
348	5	0.19334 0.78944 0.37718 0.06266 0.25178 0.72176 
349	5	0.16027 0.86196 0.16048 0.07313 0.49260 0.62082 
