350	5	6
0	1	0.07073 0.88717 0.07605 0.04698 0.45138 0.48591 
1	1	0.21960 0.70773 0.17094 0.24051 0.67209 0.29316 
2	1	0.07213 0.77076 0.20577 0.05160 0.47371 0.53710 
3	1	0.07191 0.67347 0.43059 0.05040 0.42636 0.61087 
4	1	0.12734 0.72782 0.49790 0.07375 0.35806 0.65847 
5	1	0.16268 0.72616 0.30183 0.18218 0.53256 0.46997 
6	1	0.33718 0.70743 0.35509 0.28790 0.57918 0.44293 
7	1	0.20339 0.73554 0.38373 0.16890 0.50552 0.54782 
8	1	0.04682 0.58433 0.40734 0.02101 0.27852 0.75036 
9	1	0.16465 0.69730 0.38677 0.12737 0.50257 0.57641 
10	1	0.09663 0.88973 0.09716 0.06095 0.44920 0.52064 
11	1	0.13398 0.71770 0.33388 0.12932 0.55338 0.54448 
12	1	0.11920 0.69141 0.32187 0.10922 0.57112 0.54009 
13	1	0.30969 0.92691 0.06314 0.09174 0.53346 0.50041 
14	1	0.03139 0.87361 0.13007 0.02348 0.45427 0.62179 
15	1	0.35420 0.87318 0.23409 0.29526 0.60509 0.39102 
16	1	0.16219 0.90566 0.11692 0.15921 0.60890 0.35876 
17	1	0.44179 0.88572 0.23555 0.61640 0.69923 0.27241 
18	1	0.43138 0.85674 0.30245 0.36153 0.54658 0.39943 
19	1	0.18884 0.77885 0.24639 0.13631 0.54311 0.49985 
20	1	0.15595 0.74560 0.45026 0.08630 0.29869 0.68568 
21	1	0.09317 0.80404 0.34929 0.03493 0.30210 0.72808 
22	1	0.31312 0.80622 0.15504 0.30326 0.65985 0.35526 
23	1	0.22939 0.87244 0.16360 0.21445 0.68714 0.37212 
24	1	0.22674 0.90207 0.10984 0.19618 0.73504 0.34358 
25	1	0.34298 0.63997 0.65346 0.10559 0.41110 0.60895 
26	1	0.10031 0.82850 0.14117 0.06382 0.44164 0.55034 
27	1	0.07132 0.74351 0.37646 0.04260 0.43481 0.63751 
28	1	0.49638 0.71620 0.17017 0.44183 0.70028 0.33122 
29	1	0.41654 0.73690 0.13956 0.44461 0.69635 0.32169 
30	1	0.59783 0.81236 0.14505 0.71837 0.74888 0.23900 
31	1	0.55004 0.84288 0.11130 0.78910 0.82231 0.17310 
32	1	0.32341 0.79935 0.19869 0.39389 0.75356 0.30717 
33	1	0.07263 0.91170 0.14557 0.02566 0.28289 0.69006 
34	1	0.07053 0.93025 0.08024 0.08545 0.57640 0.48789 
35	1	0.25151 0.76185 0.20639 0.15357 0.52977 0.47525 
36	1	0.61299 0.73515 0.20756 0.42945 0.61273 0.39218 
37	1	0.11421 0.79947 0.51143 0.09093 0.52070 0.58323 
38	1	0.10978 0.57231 0.45796 0.04947 0.34987 0.67697 
39	1	0.03207 0.65881 0.45963 0.00921 0.14979 0.82279 
40	1	0.14628 0.78017 0.19259 0.06062 0.35731 0.62019 
41	1	0.16823 0.84340 0.14835 0.13046 0.48837 0.53115 
42	1	0.11012 0.90613 0.07885 0.11776 0.65796 0.42841 
43	1	0.20301 0.70085 0.25354 0.15778 0.57683 0.41621 
44	1	0.13761 0.72738 0.09676 0.08957 0.48948 0.38418 
45	1	0.09955 0.78587 0.48579 0.04786 0.30191 0.69432 
46	1	0.11960 0.79060 0.17698 0.08162 0.46116 0.48078 
47	1	0.08598 0.81556 0.11184 0.06981 0.52805 0.44385 
48	1	0.08790 0.73993 0.37745 0.04945 0.43529 0.63195 
49	1	0.05774 0.86376 0.06366 0.05494 0.52048 0.43343 
50	1	0.06759 0.81291 0.08584 0.06492 0.52168 0.43090 
51	1	0.27822 0.76755 0.24888 0.29910 0.65857 0.37960 
52	1	0.26802 0.70738 0.25532 0.14318 0.47057 0.44786 
53	1	0.22605 0.70580 0.27119 0.20047 0.66586 0.41199 
54	1	0.78631 0.62265 0.26323 0.80822 0.74622 0.25052 
55	1	0.69146 0.73703 0.20027 0.76252 0.90310 0.12641 
56	1	0.41995 0.75693 0.20898 0.74532 0.93800 0.06859 
57	1	0.14018 0.91391 0.14558 0.14445 0.60459 0.37602 
58	1	0.11325 0.88624 0.21948 0.10769 0.51045 0.46461 
59	1	0.07649 0.72213 0.42961 0.02348 0.34694 0.70052 
60	1	0.41178 0.87811 0.25348 0.46494 0.57356 0.38769 
61	1	0.25470 0.88749 0.21921 0.20538 0.54602 0.40546 
62	1	0.10490 0.96304 0.02646 0.12018 0.80504 0.28530 
63	1	0.23146 0.94209 0.04743 0.15426 0.79613 0.29199 
64	1	0.26740 0.94170 0.14951 0.14818 0.36515 0.50971 
65	1	0.26283 0.96177 0.12278 0.11890 0.40625 0.49022 
66	1	0.29138 0.96788 0.08971 0.13231 0.50458 0.43782 
67	1	0.35371 0.92993 0.19432 0.32415 0.47965 0.48186 
68	1	0.10259 0.71534 0.28977 0.08326 0.49765 0.56574 
69	1	0.07674 0.82387 0.16831 0.05684 0.48071 0.51953 
70	2	0.00648 0.77797 0.33611 0.00337 0.10309 0.84890 
71	2	0.01378 0.82685 0.31219 0.00490 0.12426 0.83097 
72	2	0.01537 0.82087 0.29633 0.00385 0.11783 0.83973 
73	2	0.05736 0.77728 0.39248 0.00666 0.11801 0.85624 
74	2	0.02438 0.84834 0.30777 0.00389 0.11765 0.83747 
75	2	0.05343 0.57644 0.14223 0.04463 0.19697 0.43696 
76	2	0.03342 0.74201 0.12624 0.02947 0.15278 0.48712 
77	2	0.08952 0.86192 0.04414 0.12791 0.51529 0.27961 
78	2	0.27157 0.94738 0.07683 0.22285 0.44150 0.38963 
79	2	0.46542 0.93007 0.08244 0.28984 0.47658 0.36669 
80	2	0.77458 0.48777 0.59881 0.92091 0.50285 0.44772 
81	2	0.07444 0.94436 0.03737 0.05746 0.48727 0.44006 
82	2	0.17054 0.92338 0.09402 0.09509 0.40542 0.45953 
83	2	0.19261 0.96310 0.05122 0.10938 0.45514 0.40040 
84	2	0.15081 0.90092 0.05344 0.17020 0.48302 0.28310 
85	2	0.11895 0.93984 0.08007 0.08919 0.36861 0.38131 
86	2	0.11032 0.93076 0.07541 0.07091 0.39000 0.48563 
87	2	0.07565 0.91397 0.09090 0.04267 0.32833 0.52448 
88	2	0.08850 0.92100 0.07559 0.05622 0.33314 0.48673 
89	2	0.22995 0.95865 0.06511 0.08801 0.39828 0.44384 
90	2	0.16159 0.93734 0.04205 0.08015 0.38589 0.42936 
91	2	0.52646 0.07138 0.13563 0.96546 0.92383 0.02692 
92	2	0.19273 0.88522 0.10414 0.05366 0.30847 0.60196 
93	2	0.00374 0.79096 0.14433 0.00555 0.12626 0.72604 
94	2	0.00723 0.72211 0.29418 0.00781 0.12748 0.69291 
95	2	0.01527 0.80112 0.13437 0.01384 0.16335 0.62057 
96	2	0.03819 0.90148 0.11469 0.00944 0.17445 0.70606 
97	2	0.02266 0.84165 0.11810 0.01062 0.18323 0.67272 
98	2	0.04199 0.91938 0.07581 0.01983 0.23281 0.59230 
99	2	0.06038 0.92009 0.06454 0.02972 0.25695 0.58462 
100	2	0.10595 0.93994 0.05839 0.03832 0.27543 0.55856 
101	2	0.05146 0.96204 0.03547 0.02687 0.29354 0.53826 
102	2	0.48151 0.03993 0.58431 0.53721 0.48100 0.48829 
103	2	0.01222 0.82245 0.14985 0.01066 0.15340 0.64153 
104	2	0.01188 0.86564 0.10158 0.01457 0.17253 0.59529 
105	2	0.02073 0.89567 0.18833 0.01121 0.14719 0.66743 
106	2	0.00926 0.77179 0.18411 0.00976 0.13050 0.65856 
107	2	0.02141 0.89942 0.07874 0.01632 0.20321 0.58505 
108	2	0.01608 0.90657 0.14423 0.01110 0.17040 0.65174 
109	2	0.04984 0.91254 0.15975 0.02025 0.18500 0.64156 
110	2	0.02466 0.86757 0.07771 0.01556 0.24240 0.59843 
111	2	0.03360 0.71162 0.22963 0.00460 0.09228 0.78770 
112	2	0.36150 0.87211 0.09389 0.11058 0.34298 0.57244 
113	2	0.56486 0.00000 0.45776 0.64031 0.55400 0.41439 
114	2	0.41660 0.13217 0.69072 0.30274 0.29625 0.66954 
115	2	0.26999 0.20164 0.66986 0.11953 0.22093 0.73292 
116	2	0.16623 0.62305 0.39562 0.05430 0.19375 0.76781 
117	2	0.05199 0.93033 0.10453 0.01003 0.19372 0.73826 
118	2	0.06306 0.90338 0.03852 0.03721 0.42921 0.49028 
119	2	0.18130 0.96255 0.04376 0.09712 0.51410 0.45337 
120	2	0.26636 0.81375 0.11654 0.24415 0.53800 0.40342 
121	2	0.22424 0.78468 0.12784 0.22218 0.63568 0.38140 
122	2	0.40024 0.85410 0.15878 0.24053 0.37664 0.57560 
123	2	0.58157 0.02982 0.18761 1.00000 0.86232 0.07772 
124	2	0.25773 0.85213 0.15458 0.08659 0.26552 0.67714 
125	2	0.00695 0.87182 0.15459 0.00520 0.11564 0.74944 
126	2	0.25561 0.53759 0.40443 0.11445 0.26497 0.71012 
127	2	0.60974 0.05845 0.68914 0.32368 0.27809 0.67287 
128	2	0.32807 0.88274 0.07688 0.34572 0.83692 0.25706 
129	2	0.26665 0.88682 0.09510 0.26919 0.75318 0.33241 
130	2	0.34927 0.85100 0.10902 0.37727 0.74755 0.28226 
131	2	0.51955 0.15572 0.64038 0.25957 0.29868 0.65266 
132	2	0.18756 0.68891 0.32452 0.10673 0.30176 0.68323 
133	2	0.42373 0.02420 0.81931 0.14074 0.15991 0.78341 
134	2	0.17244 0.82950 0.17881 0.17712 0.66234 0.41222 
135	2	0.07419 0.89897 0.07510 0.05746 0.30831 0.46073 
136	2	0.05580 0.94207 0.06714 0.03135 0.26612 0.50807 
137	2	0.26315 0.74930 0.24776 0.19692 0.53951 0.47386 
138	2	0.16773 0.81029 0.34489 0.06216 0.26450 0.74681 
139	2	0.23862 0.72976 0.43982 0.04013 0.10660 0.85486 
140	3	0.01156 0.92949 0.11806 0.00695 0.25104 0.73480 
141	3	0.00717 0.90895 0.15682 0.00695 0.27337 0.73394 
142	3	0.04102 0.93291 0.12465 0.01609 0.29545 0.69097 
143	3	0.03974 0.87614 0.19462 0.00832 0.22787 0.77859 
144	3	0.00249 0.48712 0.90844 0.00073 0.02961 0.95927 
145	3	0.00436 0.48327 0.46866 0.00196 0.04469 0.86619 
146	3	0.00340 0.43477 0.75414 0.00088 0.02135 0.93302 
147	3	0.00941 0.76793 0.40228 0.00270 0.14038 0.85936 
148	3	0.03319 0.89228 0.20710 0.00360 0.16307 0.82093 
149	3	0.01515 0.89918 0.18853 0.00615 0.15267 0.78082 
150	3	0.01296 0.88250 0.26672 0.00520 0.13392 0.81619 
151	3	0.01965 0.92354 0.16814 0.00762 0.17002 0.77018 
152	3	0.03879 0.93300 0.12282 0.00969 0.22259 0.72887 
153	3	0.04230 0.83939 0.31974 0.01252 0.22214 0.80093 
154	3	0.00231 0.81141 0.31265 0.00233 0.13324 0.84994 
155	3	0.04209 0.91355 0.15293 0.02305 0.33038 0.62412 
156	3	0.23837 0.92129 0.12395 0.12063 0.43679 0.57175 
157	3	0.47811 0.96269 0.10422 0.19361 0.38685 0.58603 
158	3	0.04043 0.78797 0.15111 0.01394 0.22885 0.68556 
159	3	0.15513 0.85115 0.14069 0.08334 0.41377 0.56143 
160	3	0.10530 0.79259 0.16813 0.02646 0.19554 0.59663 
161	3	0.48534 0.89119 0.06073 0.51126 0.77300 0.22624 
162	3	0.08285 0.81256 0.13908 0.02182 0.18555 0.57391 
163	3	0.36879 0.88507 0.11401 0.23896 0.48464 0.49880 
164	3	0.18821 0.89036 0.19166 0.08747 0.37870 0.57335 
165	3	0.01325 0.79779 0.31272 0.00899 0.18798 0.73849 
166	3	0.15717 0.64534 0.33112 0.08771 0.42388 0.58263 
167	3	0.03563 0.73243 0.32897 0.02411 0.31317 0.66920 
168	3	0.13519 0.91308 0.12367 0.08619 0.45842 0.51228 
169	3	0.21250 0.90354 0.09660 0.17147 0.69272 0.35240 
170	3	0.00692 0.74042 0.23920 0.00692 0.15464 0.74273 
171	3	0.01721 0.69080 0.49317 0.00928 0.13353 0.82276 
172	3	0.03728 0.69914 0.39643 0.01947 0.20730 0.77215 
173	3	0.00580 0.87641 0.08350 0.00887 0.20744 0.69131 
174	3	0.26761 0.64422 0.56587 0.14371 0.34684 0.68057 
175	3	0.10468 0.87352 0.16598 0.03907 0.28003 0.68937 
176	3	0.12629 0.72064 0.39533 0.06115 0.26917 0.74211 
177	3	0.17036 0.77542 0.29649 0.11396 0.45424 0.59648 
178	3	0.10027 0.76497 0.29872 0.02001 0.21603 0.74510 
179	3	0.02228 0.75147 0.36157 0.00612 0.14176 0.80983 
180	3	0.02544 0.76558 0.30329 0.00621 0.16383 0.78877 
181	3	0.04601 0.78072 0.24658 0.01350 0.22241 0.73598 
182	3	0.01238 0.66316 0.67032 0.00164 0.07603 0.93639 
183	3	0.07400 0.88769 0.13957 0.03014 0.31401 0.66371 
184	3	0.00320 0.89904 0.10814 0.00825 0.17801 0.66760 
185	3	0.00358 0.85863 0.11753 0.00662 0.16122 0.70427 
186	3	0.00251 0.63528 0.54588 0.00256 0.05595 0.85963 
187	3	0.00167 0.65770 0.47163 0.00272 0.05686 0.84347 
188	3	0.16157 0.70703 0.61019 0.01844 0.08297 0.87322 
189	3	0.00264 0.80109 0.25496 0.00491 0.13378 0.76519 
190	3	0.07047 0.67256 0.61592 0.00737 0.06430 0.85930 
191	3	0.04092 0.64681 0.70266 0.00577 0.08454 0.90733 
192	3	0.06834 0.61006 0.76121 0.00665 0.09007 0.90363 
193	3	0.00062 0.46597 1.00000 0.00000 0.00000 1.00000 
194	3	0.22793 0.88466 0.16725 0.08606 0.42146 0.43588 
195	3	0.45869 0.94476 0.14622 0.17277 0.44246 0.44713 
196	3	1.00000 0.95960 0.13482 0.64328 0.49147 0.41094 
197	3	0.01293 0.77765 0.13026 0.01584 0.19405 0.62648 
198	3	0.01011 0.77282 0.14931 0.01206 0.18096 0.66574 
199	3	0.01039 0.92813 0.10992 0.00945 0.17153 0.68206 
200	3	0.00298 0.95428 0.07657 0.00606 0.22103 0.71539 
201	3	0.00408 0.87102 0.15533 0.00635 0.20373 0.74579 
202	3	0.00226 0.82106 0.16959 0.00477 0.12842 0.75476 
203	3	0.00104 0.82258 0.18895 0.00387 0.12406 0.78115 
204	3	0.00748 0.85999 0.09943 0.00890 0.25084 0.70338 
205	3	0.00317 0.61217 0.50781 0.00728 0.06289 0.74016 
206	3	0.00530 0.68359 0.42472 0.00731 0.06880 0.74340 
207	3	0.00264 0.72235 0.39403 0.00560 0.13311 0.75048 
208	3	0.00645 0.81667 0.20925 0.00877 0.19308 0.72209 
209	3	0.00539 0.87602 0.17106 0.00668 0.20945 0.72689 
210	4	0.20838 0.96773 0.05569 0.12262 0.53519 0.47601 
211	4	0.19959 0.95292 0.04382 0.13558 0.53131 0.42925 
212	4	0.17478 0.93469 0.05188 0.13227 0.52769 0.43204 
213	4	0.07609 0.94794 0.07351 0.03978 0.43124 0.58331 
214	4	0.07693 0.86708 0.14863 0.05295 0.41931 0.58794 
215	4	0.16515 0.82658 0.20332 0.07583 0.44871 0.58150 
216	4	0.08429 0.88264 0.09808 0.08584 0.56981 0.46715 
217	4	0.14725 0.87249 0.04056 0.13870 0.62511 0.36360 
218	4	0.07307 0.94132 0.02968 0.06841 0.61536 0.43039 
219	4	0.11191 0.89028 0.07251 0.08769 0.51423 0.50027 
220	4	0.15364 0.94493 0.05603 0.08989 0.48155 0.52902 
221	4	0.06169 0.93063 0.06338 0.04710 0.50148 0.52835 
222	4	0.04012 0.86838 0.14793 0.02723 0.43738 0.63851 
223	4	0.06674 0.98751 0.02411 0.03863 0.52465 0.50925 
224	4	0.08126 0.82563 0.15937 0.02634 0.36332 0.64606 
225	4	0.28996 0.91683 0.09210 0.21919 0.56286 0.46772 
226	4	0.20050 0.95095 0.04505 0.14854 0.55239 0.47192 
227	4	0.07082 0.84363 0.19678 0.03064 0.35961 0.67440 
228	4	0.10318 0.92344 0.13901 0.04884 0.37008 0.63149 
229	4	0.31993 0.86263 0.20070 0.07406 0.25920 0.72912 
230	4	0.26308 0.95333 0.05616 0.15651 0.50210 0.45516 
231	4	0.13580 0.94110 0.07295 0.08363 0.38924 0.58833 
232	4	0.14343 0.91565 0.09230 0.08669 0.43718 0.55003 
233	4	0.12316 0.79583 0.26215 0.05830 0.40484 0.66002 
234	4	0.15580 0.76653 0.25846 0.04202 0.26892 0.73578 
235	4	0.19015 0.87106 0.16515 0.08109 0.46613 0.61992 
236	4	0.17967 0.92054 0.06929 0.15939 0.57126 0.41967 
237	4	0.15657 0.94037 0.05126 0.11013 0.52341 0.46027 
238	4	0.26923 0.87731 0.25281 0.38552 0.70470 0.31841 
239	4	0.41237 0.99561 0.01504 0.75481 1.00000 0.00000 
240	4	0.46078 0.97552 0.01610 0.60904 0.93476 0.06830 
241	4	0.03541 0.79337 0.23155 0.01820 0.31662 0.67843 
242	4	0.04436 0.85637 0.14224 0.02736 0.37522 0.60531 
243	4	0.15807 0.92050 0.11374 0.09410 0.51048 0.46456 
244	4	0.30632 0.96679 0.04363 0.28082 0.73969 0.29228 
245	4	0.04239 0.90014 0.13392 0.01938 0.31932 0.65562 
246	4	0.07138 0.77806 0.29430 0.03121 0.31730 0.67366 
247	4	0.09009 0.78485 0.17401 0.04727 0.37744 0.58864 
248	4	0.12297 0.74217 0.34642 0.04705 0.31825 0.60716 
249	4	0.44058 0.93113 0.09286 0.41044 0.71020 0.24214 
250	4	0.34404 0.93460 0.13879 0.36214 0.57346 0.44367 
251	4	0.07001 0.80754 0.19591 0.05278 0.40667 0.61282 
252	4	0.25860 0.97138 0.04679 0.23881 0.63639 0.37628 
253	4	0.35015 0.89567 0.14839 0.36349 0.62541 0.30730 
254	4	0.40991 0.93665 0.05576 0.38165 0.68720 0.32386 
255	4	0.29850 0.95777 0.05427 0.27448 0.65141 0.36344 
256	4	0.43784 0.90763 0.13762 0.43603 0.63423 0.28784 
257	4	0.18675 0.90657 0.16952 0.10312 0.57704 0.45749 
258	4	0.32044 0.61995 0.30656 0.16269 0.44272 0.58834 
259	4	0.12902 0.74826 0.24456 0.08512 0.44081 0.57979 
260	4	0.24990 0.63444 0.29913 0.13690 0.46552 0.56960 
261	4	0.53939 0.87935 0.20399 0.52618 0.57287 0.43571 
262	4	0.33625 0.80233 0.22907 0.24825 0.48434 0.50804 
263	4	0.50685 0.82521 0.21218 0.35931 0.49745 0.46737 
264	4	0.38316 0.94266 0.03771 0.42080 0.75479 0.27771 
265	4	0.29049 0.90554 0.13467 0.39261 0.65906 0.28684 
266	4	0.33936 0.93073 0.07818 0.42278 0.71102 0.24017 
267	4	0.27456 0.89482 0.15651 0.34726 0.63685 0.30837 
268	4	0.11876 0.87661 0.16377 0.06493 0.52646 0.52867 
269	4	0.11141 0.87120 0.17977 0.07526 0.53977 0.51200 
270	4	0.03329 0.80187 0.26484 0.01271 0.27283 0.71398 
271	4	0.02809 0.79818 0.29025 0.01246 0.26765 0.72483 
272	4	0.05100 0.83706 0.18910 0.02355 0.31263 0.64619 
273	4	0.06920 0.78147 0.26245 0.02306 0.32617 0.69072 
274	4	0.25835 0.92929 0.14481 0.25274 0.72149 0.32428 
275	4	0.41994 0.87595 0.16260 0.19782 0.52331 0.51633 
276	4	0.33964 0.79897 0.12740 0.40423 0.81321 0.21642 
277	4	0.32947 0.83652 0.16290 0.16711 0.53326 0.49489 
278	4	0.28310 0.87912 0.15056 0.18294 0.54936 0.48320 
279	4	0.29019 0.95266 0.07514 0.31636 0.72558 0.31476 
280	5	0.07762 0.97457 0.03525 0.07731 0.61552 0.44579 
281	5	0.01655 0.87109 0.23111 0.00905 0.23728 0.71953 
282	5	0.01381 0.88114 0.17845 0.00587 0.16407 0.74991 
283	5	0.04564 0.96316 0.03875 0.06213 0.46513 0.38414 
284	5	0.04401 0.96999 0.04557 0.03522 0.37586 0.48753 
285	5	0.14301 0.95659 0.05690 0.16569 0.68436 0.32224 
286	5	0.09355 0.97590 0.08351 0.06403 0.40782 0.53883 
287	5	0.01789 0.90751 0.10998 0.00781 0.23197 0.71593 
288	5	0.00854 0.84009 0.12044 0.00921 0.24156 0.69760 
289	5	0.10857 0.98600 0.00890 0.08647 0.59973 0.36590 
290	5	0.10751 0.98597 0.00891 0.07738 0.58255 0.37825 
291	5	0.02319 0.98365 0.01788 0.03521 0.40429 0.43478 
292	5	0.06817 0.97192 0.03404 0.04589 0.46716 0.50592 
293	5	0.04345 0.98931 0.01428 0.04449 0.42183 0.41114 
294	5	0.03563 0.99773 0.00741 0.05305 0.43995 0.33905 
295	5	0.01736 0.98524 0.01856 0.03016 0.38762 0.45712 
296	5	0.01356 0.90341 0.05574 0.01653 0.33378 0.59793 
297	5	0.04486 0.99226 0.00702 0.05368 0.45473 0.38408 
298	5	0.01552 0.98047 0.02767 0.02324 0.34856 0.50864 
299	5	0.01128 0.86357 0.12025 0.00909 0.15907 0.68260 
300	5	0.00527 0.83509 0.17594 0.00575 0.13117 0.73331 
301	5	0.03095 0.94802 0.07766 0.01355 0.31774 0.67808 
302	5	0.03613 0.99485 0.00617 0.03634 0.57267 0.48187 
303	5	0.04866 1.00000 0.00000 0.06415 0.68248 0.35331 
304	5	0.02366 0.96176 0.05073 0.01662 0.37228 0.61862 
305	5	0.00767 0.93637 0.04643 0.01103 0.21976 0.63684 
306	5	0.02057 0.77539 0.35426 0.00373 0.13409 0.82939 
307	5	0.00795 0.59072 0.38722 0.00222 0.05405 0.85446 
308	5	0.00000 0.72794 0.31006 0.00220 0.06434 0.83029 
309	5	0.00019 0.60216 0.41711 0.00160 0.05066 0.86760 
310	5	0.00173 0.91219 0.10276 0.00411 0.14049 0.75922 
311	5	0.00211 0.82466 0.15208 0.00403 0.11890 0.76896 
312	5	0.00829 0.60315 0.34805 0.00257 0.06048 0.83401 
313	5	0.12173 0.82574 0.23237 0.01657 0.21945 0.74426 
314	5	0.05792 0.92875 0.02517 0.06316 0.44505 0.44534 
315	5	0.00358 0.66513 0.28130 0.00272 0.06372 0.81260 
316	5	0.00383 0.57040 0.27766 0.00332 0.06080 0.80733 
317	5	0.02687 0.94005 0.10949 0.01088 0.24584 0.69733 
318	5	0.00573 0.51487 0.32890 0.00254 0.04875 0.82910 
319	5	0.00827 0.91150 0.13280 0.00454 0.16664 0.76773 
320	5	0.00892 0.83768 0.19584 0.00379 0.13885 0.78722 
321	5	0.09849 0.95771 0.00852 0.11699 0.55872 0.28156 
322	5	0.07269 0.76878 0.09149 0.05315 0.35696 0.52088 
323	5	0.02146 0.94012 0.06872 0.01428 0.24408 0.59873 
324	5	0.04051 0.93558 0.06974 0.02066 0.31316 0.55717 
325	5	0.01796 0.91899 0.12399 0.00663 0.19800 0.75158 
326	5	0.01089 0.89974 0.10036 0.00738 0.15632 0.69749 
327	5	0.06543 0.96724 0.08267 0.02753 0.37051 0.60753 
328	5	0.40794 0.98122 0.05910 0.17252 0.44172 0.49017 
329	5	0.02362 0.97515 0.02052 0.01695 0.38903 0.57603 
330	5	0.15795 0.99487 0.00845 0.15684 0.62397 0.28735 
331	5	0.19548 0.98944 0.00459 0.22459 0.70549 0.21915 
332	5	0.07911 0.99132 0.00277 0.08830 0.61517 0.34715 
333	5	0.01443 0.88415 0.11382 0.00637 0.17701 0.73197 
334	5	0.02268 0.94247 0.10025 0.01161 0.24155 0.69698 
335	5	0.03135 0.93229 0.08452 0.01617 0.25895 0.63900 
336	5	0.02182 0.87819 0.10882 0.00857 0.20130 0.70923 
337	5	0.51580 0.90491 0.13667 0.27114 0.33411 0.56433 
338	5	0.05446 0.71327 0.28599 0.01584 0.22129 0.74601 
339	5	0.02908 0.70690 0.29911 0.00597 0.16940 0.80383 
340	5	0.00555 0.74237 0.16737 0.00627 0.10615 0.74529 
341	5	0.04819 0.70135 0.27224 0.00501 0.09329 0.81487 
342	5	0.00324 0.52424 0.34927 0.00321 0.05538 0.82526 
343	5	0.00315 0.50219 0.30165 0.00431 0.07228 0.78870 
344	5	0.16231 0.88333 0.15416 0.05324 0.25800 0.64402 
345	5	0.14445 0.93248 0.11800 0.06776 0.39518 0.62226 
346	5	0.27920 0.94533 0.15883 0.14766 0.33660 0.62384 
347	5	0.00156 0.80658 0.28524 0.00204 0.08307 0.86037 
348	5	0.02687 0.83603 0.27183 0.00311 0.09374 0.84222 
349	5	0.06602 0.91318 0.10588 0.02844 0.33441 0.61498 
