350	5	6
0	1	0.05221 0.89311 0.08642 0.03927 0.42958 0.52896 
1	1	0.27903 0.71400 0.20234 0.20403 0.65142 0.32243 
2	1	0.09376 0.77843 0.23296 0.04293 0.44869 0.58335 
3	1	0.09419 0.67240 0.49962 0.04052 0.40693 0.66078 
4	1	0.11487 0.73333 0.50246 0.05905 0.34970 0.68047 
5	1	0.16438 0.72395 0.34022 0.14026 0.51818 0.51068 
6	1	0.38849 0.70539 0.38722 0.23245 0.56718 0.48101 
7	1	0.23379 0.73786 0.45265 0.11878 0.48405 0.59205 
8	1	0.06205 0.59049 0.38814 0.01737 0.27106 0.80221 
9	1	0.12622 0.69775 0.44086 0.08934 0.48669 0.62571 
10	1	0.07998 0.88529 0.09900 0.05125 0.44107 0.54896 
11	1	0.12643 0.72115 0.37801 0.09958 0.54100 0.58480 
12	1	0.10976 0.69216 0.37145 0.08233 0.55357 0.58915 
13	1	0.25872 0.92749 0.06380 0.06504 0.52427 0.54727 
14	1	0.04312 0.87951 0.13503 0.02373 0.45066 0.62289 
15	1	0.32317 0.87151 0.23840 0.23551 0.60566 0.40314 
16	1	0.15556 0.89346 0.10177 0.15156 0.63414 0.36170 
17	1	0.45987 0.89004 0.20424 0.55269 0.71597 0.25954 
18	1	0.43361 0.85767 0.29848 0.32630 0.55582 0.39653 
19	1	0.22614 0.76617 0.23465 0.13051 0.55136 0.51111 
20	1	0.18734 0.74704 0.39246 0.07964 0.30449 0.69280 
21	1	0.07354 0.81049 0.31014 0.03101 0.30021 0.72843 
22	1	0.27620 0.79291 0.13965 0.26020 0.67196 0.36468 
23	1	0.20167 0.87097 0.13616 0.19305 0.70334 0.37462 
24	1	0.26738 0.90261 0.09018 0.18895 0.75935 0.34226 
25	1	0.33658 0.63305 0.72463 0.08267 0.39724 0.68255 
26	1	0.07434 0.82334 0.14746 0.04941 0.42935 0.58266 
27	1	0.10668 0.75839 0.37302 0.03635 0.41707 0.67341 
28	1	0.42610 0.68870 0.18513 0.34009 0.70341 0.34184 
29	1	0.49921 0.69564 0.15177 0.39589 0.69396 0.32625 
30	1	0.48146 0.78455 0.16501 0.57491 0.74678 0.25286 
31	1	0.57472 0.81835 0.12638 0.63849 0.82564 0.17857 
32	1	0.31259 0.77836 0.20105 0.33962 0.75908 0.31814 
33	1	0.04297 0.91810 0.13604 0.01901 0.26854 0.70605 
34	1	0.10132 0.93208 0.07081 0.07780 0.57287 0.50245 
35	1	0.24298 0.73767 0.18480 0.13153 0.53838 0.48352 
36	1	0.62277 0.71786 0.20331 0.37647 0.61314 0.39870 
37	1	0.12517 0.81591 0.49473 0.07937 0.52293 0.55021 
38	1	0.08787 0.54773 0.46734 0.04176 0.34109 0.71355 
39	1	0.02903 0.67078 0.39623 0.00843 0.14434 0.84576 
40	1	0.10890 0.76999 0.16006 0.04369 0.35669 0.65437 
41	1	0.22174 0.83135 0.12611 0.10219 0.48850 0.56313 
42	1	0.11242 0.90460 0.06741 0.10965 0.66590 0.44101 
43	1	0.21642 0.70869 0.27729 0.12627 0.55494 0.45302 
44	1	0.09517 0.73386 0.10781 0.06579 0.46143 0.43041 
45	1	0.09854 0.78668 0.55787 0.03883 0.28675 0.71405 
46	1	0.11716 0.80014 0.19507 0.06000 0.43944 0.52833 
47	1	0.11675 0.82103 0.13079 0.05989 0.50619 0.48737 
48	1	0.09613 0.75259 0.37796 0.04149 0.42079 0.67039 
49	1	0.04971 0.87014 0.07743 0.04488 0.49280 0.47829 
50	1	0.07077 0.82046 0.09976 0.05506 0.49843 0.47470 
51	1	0.22140 0.76812 0.27386 0.23622 0.64828 0.41224 
52	1	0.19418 0.70575 0.29214 0.10840 0.45004 0.49098 
53	1	0.23729 0.71807 0.29716 0.15684 0.65332 0.44949 
54	1	0.68573 0.63609 0.29396 0.56762 0.73752 0.28557 
55	1	0.87912 0.74658 0.20133 0.71639 0.90592 0.12283 
56	1	0.55323 0.76597 0.19340 0.64381 0.94947 0.06123 
57	1	0.20695 0.91128 0.11297 0.15661 0.63509 0.36679 
58	1	0.13562 0.88501 0.18829 0.09859 0.52963 0.46972 
59	1	0.08673 0.73978 0.41607 0.02019 0.33296 0.73208 
60	1	0.44531 0.87906 0.21888 0.38700 0.58769 0.38080 
61	1	0.28797 0.88669 0.18694 0.19025 0.56932 0.39681 
62	1	0.15194 0.96596 0.02818 0.11257 0.81697 0.28122 
63	1	0.14746 0.94325 0.04499 0.13389 0.81745 0.29140 
64	1	0.30448 0.94190 0.15135 0.13420 0.36619 0.49979 
65	1	0.35913 0.96720 0.11000 0.12825 0.42263 0.41767 
66	1	0.23905 0.97260 0.07183 0.11891 0.52876 0.37804 
67	1	0.31348 0.93333 0.20345 0.24364 0.47789 0.47096 
68	1	0.16388 0.71389 0.34141 0.07541 0.48384 0.61100 
69	1	0.09765 0.83004 0.18834 0.04743 0.46012 0.56290 
70	2	0.01254 0.79221 0.33342 0.00497 0.09524 0.83698 
71	2	0.03930 0.83980 0.30892 0.00982 0.11944 0.79832 
72	2	0.02913 0.83366 0.29403 0.00633 0.11170 0.82342 
73	2	0.07826 0.79392 0.38996 0.01258 0.11461 0.82174 
74	2	0.05280 0.85957 0.30480 0.00960 0.11314 0.80086 
75	2	0.07690 0.52175 0.16802 0.05090 0.18408 0.44475 
76	2	0.03255 0.72433 0.14995 0.02998 0.13175 0.50232 
77	2	0.10908 0.87596 0.07725 0.11651 0.48276 0.30453 
78	2	0.54747 0.94421 0.08916 0.25360 0.44541 0.41579 
79	2	0.62076 0.92387 0.09588 0.34393 0.49317 0.38011 
80	2	0.98779 0.48990 0.65237 1.00000 0.50504 0.44510 
81	2	0.08347 0.94075 0.04575 0.04745 0.47036 0.48418 
82	2	0.26877 0.92396 0.14489 0.11640 0.40318 0.46106 
83	2	0.40590 0.96431 0.07338 0.16338 0.45744 0.40247 
84	2	0.32203 0.90495 0.08982 0.20664 0.47979 0.27630 
85	2	0.15078 0.94271 0.08259 0.09045 0.38147 0.39623 
86	2	0.18996 0.93064 0.10507 0.09177 0.39172 0.48720 
87	2	0.13164 0.92155 0.12518 0.05161 0.31416 0.53806 
88	2	0.15103 0.92450 0.10348 0.06458 0.32500 0.50444 
89	2	0.17667 0.95777 0.08744 0.07832 0.39627 0.47088 
90	2	0.32037 0.93883 0.06030 0.10722 0.37562 0.44607 
91	2	0.76470 0.06022 0.17430 0.96007 0.93818 0.00407 
92	2	0.18503 0.88539 0.12483 0.04643 0.29242 0.63643 
93	2	0.00404 0.79940 0.17573 0.00468 0.10164 0.77238 
94	2	0.00841 0.72771 0.31901 0.00687 0.11057 0.74169 
95	2	0.01960 0.79038 0.16507 0.01265 0.13776 0.66358 
96	2	0.07459 0.90815 0.13574 0.01151 0.15423 0.73328 
97	2	0.02589 0.85187 0.12869 0.01160 0.17283 0.70604 
98	2	0.04152 0.92228 0.09623 0.01866 0.20403 0.62884 
99	2	0.06155 0.91934 0.07494 0.02898 0.24046 0.62035 
100	2	0.12461 0.94443 0.06550 0.05320 0.27020 0.57119 
101	2	0.06463 0.96324 0.04023 0.03256 0.28650 0.55755 
102	2	1.00000 0.04562 0.65814 0.77944 0.48000 0.48752 
103	2	0.01526 0.83062 0.16674 0.00914 0.13177 0.69363 
104	2	0.02457 0.87482 0.11195 0.01302 0.15592 0.64341 
105	2	0.03233 0.90159 0.20159 0.01425 0.13522 0.69627 
106	2	0.01748 0.78323 0.24018 0.00856 0.10110 0.71164 
107	2	0.02247 0.90367 0.08297 0.01556 0.18987 0.62086 
108	2	0.02675 0.90974 0.16087 0.01224 0.15793 0.68859 
109	2	0.07767 0.91486 0.19052 0.02805 0.17264 0.66469 
110	2	0.03532 0.87490 0.10145 0.01456 0.21396 0.64132 
111	2	0.05323 0.72425 0.23961 0.00505 0.07702 0.83919 
112	2	0.41259 0.87370 0.11487 0.11185 0.33390 0.60098 
113	2	0.61287 0.00000 0.51761 0.62437 0.55462 0.42109 
114	2	0.57546 0.12496 0.83268 0.36261 0.28443 0.68785 
115	2	0.24997 0.20334 0.81127 0.10452 0.20637 0.75603 
116	2	0.29134 0.63172 0.39508 0.06774 0.19408 0.78129 
117	2	0.05379 0.93575 0.09449 0.01089 0.19281 0.73502 
118	2	0.11663 0.90311 0.04018 0.03774 0.42505 0.51572 
119	2	0.17411 0.96591 0.05167 0.09225 0.51326 0.45823 
120	2	0.39175 0.81495 0.14401 0.26674 0.53774 0.40745 
121	2	0.33952 0.78625 0.15212 0.22786 0.63305 0.38655 
122	2	0.40733 0.85806 0.17409 0.20154 0.37340 0.59816 
123	2	0.60702 0.03309 0.19898 0.88042 0.86572 0.08399 
124	2	0.20699 0.85504 0.15336 0.06986 0.26222 0.70114 
125	2	0.01542 0.87915 0.15901 0.00649 0.11035 0.76067 
126	2	0.37165 0.52711 0.40862 0.12422 0.25784 0.74412 
127	2	0.49506 0.06106 0.77431 0.23885 0.26510 0.71228 
128	2	0.34806 0.88041 0.07560 0.30006 0.84988 0.26032 
129	2	0.27542 0.88574 0.09170 0.23571 0.76095 0.33797 
130	2	0.38179 0.84955 0.11814 0.35821 0.76119 0.27705 
131	2	0.52954 0.15677 0.73628 0.23980 0.28335 0.69868 
132	2	0.25158 0.68920 0.33041 0.09432 0.29309 0.72618 
133	2	0.29836 0.02142 1.00000 0.08529 0.13678 0.83244 
134	2	0.18151 0.83427 0.21073 0.17914 0.67092 0.40602 
135	2	0.15562 0.90872 0.10169 0.06622 0.29735 0.47443 
136	2	0.09140 0.94586 0.08849 0.03301 0.25221 0.52465 
137	2	0.29053 0.75185 0.30015 0.18972 0.54008 0.48588 
138	2	0.22947 0.82855 0.33943 0.08002 0.27027 0.72694 
139	2	0.28138 0.75640 0.43572 0.04900 0.09691 0.85357 
140	3	0.03233 0.94663 0.09397 0.01443 0.29410 0.68661 
141	3	0.02250 0.92083 0.16495 0.00930 0.28687 0.72523 
142	3	0.10085 0.95287 0.09283 0.04687 0.37655 0.59287 
143	3	0.08621 0.90751 0.16110 0.01830 0.27840 0.72774 
144	3	0.00558 0.58252 0.79773 0.00257 0.02827 0.93470 
145	3	0.00271 0.54942 0.43940 0.00140 0.03296 0.90204 
146	3	0.00182 0.50899 0.72249 0.00036 0.00747 0.96241 
147	3	0.02262 0.80156 0.33274 0.00539 0.16829 0.84361 
148	3	0.04198 0.91363 0.17962 0.00568 0.17941 0.80966 
149	3	0.01941 0.90553 0.18794 0.00509 0.14275 0.81457 
150	3	0.01635 0.89241 0.25243 0.00485 0.12732 0.82958 
151	3	0.03348 0.92761 0.16112 0.00676 0.16393 0.78789 
152	3	0.06066 0.94155 0.11819 0.00984 0.22240 0.75720 
153	3	0.11383 0.87687 0.27926 0.04265 0.25367 0.74247 
154	3	0.00438 0.83515 0.28556 0.00316 0.15154 0.84917 
155	3	0.08306 0.95287 0.12710 0.03340 0.34449 0.63004 
156	3	0.27438 0.96231 0.09407 0.16749 0.46241 0.53521 
157	3	0.81836 0.98514 0.07033 0.39167 0.43040 0.46905 
158	3	0.11210 0.90074 0.09281 0.02457 0.27041 0.65462 
159	3	0.21924 0.92288 0.11119 0.13069 0.44320 0.53932 
160	3	0.10205 0.86640 0.13837 0.03227 0.21917 0.56832 
161	3	0.56229 0.92841 0.04621 0.73446 0.82183 0.10222 
162	3	0.08337 0.97678 0.04165 0.03309 0.30206 0.51934 
163	3	0.39702 0.94675 0.08147 0.25264 0.50842 0.47540 
164	3	0.37357 0.94600 0.15818 0.19500 0.40771 0.53023 
165	3	0.02497 0.84686 0.39981 0.01371 0.19419 0.73134 
166	3	0.30835 0.76194 0.35200 0.14207 0.45979 0.53694 
167	3	0.08294 0.81517 0.29384 0.04720 0.37045 0.61392 
168	3	0.21751 0.94482 0.15274 0.11560 0.48063 0.49632 
169	3	0.27463 0.95887 0.09585 0.18282 0.71274 0.32784 
170	3	0.01510 0.79666 0.31198 0.00632 0.14160 0.78037 
171	3	0.02287 0.74660 0.42275 0.00881 0.15632 0.82952 
172	3	0.06090 0.74291 0.29230 0.02443 0.25659 0.76005 
173	3	0.01975 0.91892 0.06460 0.01039 0.24966 0.69504 
174	3	0.57150 0.75296 0.46273 0.27918 0.38463 0.63099 
175	3	0.17028 0.90991 0.13422 0.05976 0.30776 0.68890 
176	3	0.30260 0.81380 0.35917 0.12034 0.30492 0.70368 
177	3	0.22563 0.83950 0.30440 0.12692 0.47304 0.59507 
178	3	0.13141 0.86178 0.25620 0.04271 0.27550 0.64403 
179	3	0.03895 0.84634 0.31023 0.01896 0.19092 0.71482 
180	3	0.05831 0.86546 0.25513 0.01911 0.22500 0.69443 
181	3	0.09641 0.88557 0.21005 0.03961 0.29800 0.61858 
182	3	0.04719 0.77824 0.51660 0.00848 0.10098 0.89347 
183	3	0.15148 0.94488 0.11202 0.07230 0.37301 0.56440 
184	3	0.01415 0.92337 0.09021 0.01102 0.20457 0.66132 
185	3	0.00995 0.89341 0.08855 0.00894 0.18990 0.70011 
186	3	0.00555 0.75785 0.66787 0.00444 0.08676 0.85282 
187	3	0.00419 0.77705 0.55282 0.00398 0.10216 0.84767 
188	3	0.15371 0.76400 0.67331 0.01599 0.10659 0.86224 
189	3	0.01601 0.84674 0.24649 0.01106 0.22009 0.70574 
190	3	0.06307 0.68165 0.50455 0.00816 0.11628 0.85166 
191	3	0.02708 0.64432 0.61560 0.00455 0.09816 0.91913 
192	3	0.05011 0.62189 0.73830 0.00517 0.08962 0.92184 
193	3	0.00435 0.55560 0.82759 0.00000 0.00000 1.00000 
194	3	0.20832 0.92478 0.16495 0.07989 0.47717 0.45203 
195	3	0.39929 0.94911 0.17714 0.14012 0.52259 0.43739 
196	3	0.93392 0.96853 0.14110 0.48621 0.56109 0.38655 
197	3	0.03175 0.90375 0.19611 0.03201 0.31542 0.58149 
198	3	0.03314 0.88016 0.22976 0.02547 0.29201 0.61951 
199	3	0.08002 0.95686 0.12781 0.06462 0.38826 0.48410 
200	3	0.03972 0.96945 0.08140 0.02108 0.37196 0.60835 
201	3	0.02955 0.89873 0.14339 0.01305 0.31390 0.67912 
202	3	0.00967 0.88078 0.20366 0.00835 0.22389 0.73342 
203	3	0.01428 0.87741 0.20497 0.00978 0.23453 0.73756 
204	3	0.02928 0.92059 0.06747 0.01391 0.33361 0.66825 
205	3	0.06097 0.71181 0.45932 0.07395 0.28488 0.47360 
206	3	0.07213 0.76914 0.33541 0.07834 0.30894 0.48003 
207	3	0.03790 0.79315 0.33800 0.03897 0.31330 0.56236 
208	3	0.01014 0.85209 0.15716 0.01087 0.23356 0.71930 
209	3	0.01365 0.90489 0.14880 0.00824 0.23584 0.72747 
210	4	0.18352 0.96501 0.06099 0.09406 0.52849 0.48907 
211	4	0.18607 0.94940 0.04947 0.11003 0.52475 0.46144 
212	4	0.21335 0.93203 0.05948 0.11762 0.51974 0.47002 
213	4	0.08267 0.94966 0.07393 0.03544 0.43846 0.60395 
214	4	0.07703 0.87104 0.15622 0.04427 0.40716 0.63095 
215	4	0.13186 0.83196 0.21586 0.05984 0.43616 0.62478 
216	4	0.11944 0.88649 0.10173 0.07887 0.56059 0.50158 
217	4	0.15763 0.87341 0.04508 0.13138 0.62662 0.39844 
218	4	0.10181 0.95130 0.03202 0.06700 0.62755 0.45886 
219	4	0.16681 0.88512 0.08316 0.09830 0.51854 0.52766 
220	4	0.20528 0.94153 0.06384 0.07719 0.46904 0.57325 
221	4	0.09919 0.92899 0.06645 0.04167 0.49049 0.57732 
222	4	0.09157 0.86339 0.16307 0.02749 0.42648 0.67932 
223	4	0.06975 0.98732 0.02736 0.03254 0.50811 0.54201 
224	4	0.04744 0.82163 0.17388 0.01810 0.34163 0.71012 
225	4	0.37976 0.91800 0.10041 0.22683 0.56353 0.49081 
226	4	0.22654 0.94538 0.05145 0.12026 0.54609 0.50933 
227	4	0.06679 0.84092 0.21145 0.02518 0.34139 0.72986 
228	4	0.09322 0.91916 0.15256 0.04088 0.35741 0.66365 
229	4	0.30251 0.85536 0.21690 0.05442 0.24078 0.77668 
230	4	0.26017 0.94863 0.06250 0.12755 0.49643 0.47179 
231	4	0.25383 0.93608 0.07798 0.08111 0.37703 0.63033 
232	4	0.10074 0.90988 0.09526 0.05680 0.42224 0.60667 
233	4	0.09983 0.79096 0.28551 0.04195 0.39089 0.71221 
234	4	0.22248 0.74330 0.27850 0.04030 0.24929 0.78432 
235	4	0.25764 0.86184 0.18361 0.07189 0.44998 0.64961 
236	4	0.19212 0.91714 0.07478 0.13864 0.56865 0.43941 
237	4	0.12532 0.93614 0.05720 0.08602 0.51443 0.49549 
238	4	0.30829 0.87687 0.29577 0.37112 0.71375 0.32869 
239	4	0.34746 0.99495 0.01813 0.59441 1.00000 0.00000 
240	4	0.54170 0.97422 0.01835 0.51047 0.93251 0.07037 
241	4	0.05631 0.79543 0.26441 0.01708 0.30396 0.72151 
242	4	0.05200 0.85752 0.16076 0.02403 0.36076 0.65756 
243	4	0.19187 0.92021 0.13611 0.09286 0.49791 0.50445 
244	4	0.39681 0.96645 0.05221 0.25401 0.72688 0.31727 
245	4	0.04741 0.90195 0.15630 0.01635 0.29605 0.70621 
246	4	0.10421 0.77943 0.34138 0.03084 0.30693 0.70841 
247	4	0.15020 0.77748 0.20782 0.05010 0.36939 0.62187 
248	4	0.14391 0.73969 0.39308 0.04790 0.31066 0.65563 
249	4	0.36269 0.92588 0.10161 0.34859 0.70990 0.26020 
250	4	0.49217 0.93477 0.15460 0.37890 0.57164 0.42397 
251	4	0.11398 0.80896 0.21856 0.04765 0.39307 0.64644 
252	4	0.38562 0.97223 0.06215 0.21375 0.62417 0.38040 
253	4	0.45235 0.90399 0.16190 0.33373 0.61867 0.33904 
254	4	0.39607 0.94070 0.06776 0.31322 0.67834 0.35402 
255	4	0.37902 0.95887 0.06575 0.23657 0.64576 0.37139 
256	4	0.51486 0.91465 0.14363 0.37687 0.63078 0.31825 
257	4	0.19261 0.90386 0.19306 0.08856 0.57457 0.49395 
258	4	0.26945 0.62864 0.29909 0.12557 0.43525 0.62122 
259	4	0.17066 0.75294 0.28294 0.07306 0.42639 0.62775 
260	4	0.19230 0.64506 0.33568 0.10803 0.45276 0.61407 
261	4	0.61746 0.87510 0.23922 0.47336 0.56866 0.43632 
262	4	0.33945 0.79756 0.26600 0.20336 0.48043 0.54537 
263	4	0.55684 0.81429 0.24497 0.36100 0.49125 0.49836 
264	4	0.62295 0.94621 0.04482 0.43473 0.74942 0.29170 
265	4	0.42476 0.91125 0.14423 0.34077 0.65546 0.31340 
266	4	0.45965 0.93478 0.08351 0.35966 0.71511 0.26311 
267	4	0.53273 0.90360 0.16744 0.34818 0.63618 0.33382 
268	4	0.07767 0.87426 0.19335 0.05853 0.52348 0.56276 
269	4	0.10720 0.87225 0.20924 0.07013 0.53341 0.54546 
270	4	0.03258 0.80177 0.31365 0.01083 0.25215 0.76772 
271	4	0.02241 0.79942 0.33959 0.01082 0.25076 0.77348 
272	4	0.05755 0.83794 0.22073 0.02206 0.29930 0.68867 
273	4	0.08969 0.78303 0.28743 0.02259 0.31675 0.73515 
274	4	0.21234 0.92850 0.16190 0.21342 0.72846 0.34706 
275	4	0.44064 0.89366 0.14731 0.18672 0.52808 0.53097 
276	4	0.36426 0.79198 0.14548 0.36553 0.82506 0.21583 
277	4	0.29057 0.87373 0.13704 0.14981 0.54245 0.52183 
278	4	0.27740 0.90920 0.14411 0.18517 0.54989 0.50422 
279	4	0.34741 0.96783 0.06633 0.33775 0.73561 0.28512 
280	5	0.07357 0.97444 0.03876 0.06022 0.59768 0.48429 
281	5	0.02068 0.86883 0.27242 0.00940 0.22764 0.75097 
282	5	0.01026 0.87693 0.19681 0.00411 0.14543 0.81046 
283	5	0.04451 0.96312 0.04086 0.05288 0.45258 0.42050 
284	5	0.02854 0.96979 0.05385 0.02917 0.35354 0.53198 
285	5	0.24399 0.95850 0.06568 0.14957 0.66800 0.33437 
286	5	0.09533 0.97907 0.08267 0.05712 0.40906 0.52610 
287	5	0.01643 0.91352 0.10790 0.00665 0.22231 0.75557 
288	5	0.00949 0.83938 0.12675 0.00789 0.22771 0.74881 
289	5	0.11565 0.98759 0.00849 0.06531 0.58080 0.40635 
290	5	0.09327 0.98765 0.00857 0.06207 0.56340 0.41351 
291	5	0.05650 0.98365 0.02444 0.03690 0.38072 0.45720 
292	5	0.05446 0.97372 0.03510 0.03566 0.45069 0.55271 
293	5	0.11571 0.98960 0.01718 0.05016 0.41133 0.42872 
294	5	0.05437 0.99756 0.00772 0.05143 0.43070 0.35772 
295	5	0.03320 0.98556 0.02046 0.02822 0.38139 0.49447 
296	5	0.01683 0.90257 0.05891 0.01489 0.32208 0.64431 
297	5	0.04383 0.99213 0.00781 0.04992 0.44696 0.40954 
298	5	0.02204 0.98039 0.03053 0.02098 0.33743 0.54983 
299	5	0.00767 0.85459 0.13631 0.00769 0.13976 0.73358 
300	5	0.00299 0.82830 0.22482 0.00457 0.10255 0.78929 
301	5	0.04004 0.94792 0.08428 0.01075 0.30038 0.72273 
302	5	0.03172 0.99528 0.00568 0.03016 0.55761 0.51627 
303	5	0.07995 1.00000 0.00000 0.05553 0.66108 0.38640 
304	5	0.02666 0.96334 0.04462 0.01494 0.37153 0.64442 
305	5	0.02232 0.93323 0.05279 0.00979 0.19609 0.67366 
306	5	0.01427 0.77294 0.47032 0.00315 0.10496 0.87228 
307	5	0.01236 0.58781 0.44836 0.00132 0.03020 0.91510 
308	5	0.00191 0.73338 0.41625 0.00157 0.03431 0.88374 
309	5	0.00000 0.60372 0.46558 0.00110 0.02862 0.90260 
310	5	0.00024 0.90986 0.11923 0.00310 0.11613 0.80597 
311	5	0.00153 0.82408 0.17922 0.00303 0.09153 0.82489 
312	5	0.01791 0.59528 0.42421 0.00176 0.03502 0.89549 
313	5	0.10986 0.82395 0.27180 0.01220 0.19426 0.79851 
314	5	0.09999 0.92417 0.02300 0.06556 0.43801 0.45935 
315	5	0.00104 0.65748 0.32533 0.00180 0.03947 0.87294 
316	5	0.00726 0.56326 0.29394 0.00245 0.04188 0.87105 
317	5	0.02833 0.93861 0.13077 0.00990 0.22610 0.71515 
318	5	0.00327 0.51331 0.35229 0.00151 0.02899 0.89883 
319	5	0.01097 0.91007 0.15729 0.00380 0.14233 0.80223 
320	5	0.00837 0.84029 0.22848 0.00283 0.11457 0.83416 
321	5	0.16073 0.95344 0.01027 0.12204 0.52960 0.28279 
322	5	0.11777 0.74139 0.09627 0.05444 0.33901 0.53925 
323	5	0.02485 0.93485 0.07983 0.01337 0.21859 0.63707 
324	5	0.03979 0.93323 0.08002 0.01911 0.29124 0.58845 
325	5	0.01499 0.91838 0.12609 0.00566 0.18695 0.77094 
326	5	0.01115 0.89888 0.11038 0.00681 0.14339 0.73433 
327	5	0.07863 0.96708 0.09239 0.02485 0.35618 0.59218 
328	5	0.30464 0.97949 0.08600 0.13087 0.41325 0.46955 
329	5	0.02488 0.97527 0.01821 0.01597 0.37953 0.60015 
330	5	0.21492 0.99420 0.01213 0.11956 0.58805 0.32501 
331	5	0.24744 0.98869 0.00544 0.16559 0.67994 0.25573 
332	5	0.06340 0.99080 0.00453 0.06748 0.58049 0.38710 
333	5	0.00509 0.88130 0.09447 0.00555 0.17049 0.76530 
334	5	0.01616 0.94215 0.10074 0.00921 0.21847 0.73047 
335	5	0.04099 0.92556 0.08337 0.01337 0.23918 0.67942 
336	5	0.02188 0.87717 0.10524 0.00715 0.18674 0.75219 
337	5	0.42997 0.90171 0.16081 0.18328 0.31643 0.59452 
338	5	0.05776 0.68625 0.33932 0.01428 0.20332 0.78719 
339	5	0.01347 0.68568 0.28004 0.00507 0.15920 0.84072 
340	5	0.00841 0.75538 0.17330 0.00583 0.09192 0.77921 
341	5	0.04599 0.70791 0.29310 0.00446 0.07747 0.85296 
342	5	0.00709 0.54989 0.38606 0.00224 0.03439 0.87375 
343	5	0.00780 0.51677 0.32906 0.00330 0.05316 0.84502 
344	5	0.21452 0.86152 0.19298 0.04961 0.24374 0.67332 
345	5	0.11383 0.92553 0.12520 0.03822 0.37217 0.67444 
346	5	0.25681 0.93864 0.17870 0.10382 0.32478 0.66652 
347	5	0.00019 0.79902 0.26908 0.00155 0.07636 0.88717 
348	5	0.02028 0.81365 0.36953 0.00332 0.06952 0.86129 
349	5	0.06537 0.88827 0.12960 0.02173 0.31154 0.67705 
