350	5	6
0	1	0.06751 0.88639 0.07631 0.04057 0.44854 0.53623 
1	1	0.26711 0.71232 0.20470 0.19744 0.65736 0.33843 
2	1	0.10363 0.77428 0.20924 0.04286 0.46407 0.59184 
3	1	0.10317 0.67063 0.54117 0.04312 0.41222 0.66835 
4	1	0.14170 0.73578 0.53855 0.05750 0.34870 0.69111 
5	1	0.18821 0.73189 0.35784 0.13702 0.51606 0.52731 
6	1	0.40844 0.71303 0.40638 0.22467 0.56535 0.49531 
7	1	0.19312 0.74500 0.44409 0.12394 0.48702 0.59810 
8	1	0.05214 0.58731 0.47607 0.01710 0.26435 0.80724 
9	1	0.15229 0.70251 0.46444 0.09676 0.48529 0.63415 
10	1	0.09715 0.89360 0.10471 0.05010 0.43824 0.57394 
11	1	0.17496 0.72422 0.39745 0.10680 0.53853 0.59481 
12	1	0.16680 0.69396 0.39156 0.08766 0.55247 0.59887 
13	1	0.27109 0.92700 0.06506 0.06416 0.52630 0.55696 
14	1	0.03810 0.87846 0.13588 0.02315 0.45480 0.63430 
15	1	0.32899 0.88047 0.26489 0.23391 0.59710 0.41826 
16	1	0.16762 0.91100 0.11888 0.15224 0.61561 0.37453 
17	1	0.46604 0.89638 0.23295 0.56481 0.70116 0.26985 
18	1	0.44973 0.86796 0.28223 0.32698 0.55014 0.40951 
19	1	0.25750 0.80013 0.26490 0.12162 0.53838 0.53500 
20	1	0.17785 0.76983 0.43159 0.08051 0.29784 0.70501 
21	1	0.09376 0.81430 0.34696 0.02905 0.29906 0.74357 
22	1	0.37205 0.82307 0.15541 0.25916 0.66212 0.38815 
23	1	0.32823 0.88738 0.15081 0.22328 0.69333 0.38343 
24	1	0.39258 0.91320 0.10029 0.22478 0.75462 0.34529 
25	1	0.36027 0.63777 0.74606 0.08055 0.39726 0.69505 
26	1	0.10965 0.83524 0.15461 0.05468 0.43039 0.60138 
27	1	0.08909 0.75055 0.40633 0.03354 0.41733 0.68559 
28	1	0.42008 0.71842 0.17421 0.32289 0.70054 0.37946 
29	1	0.50488 0.73806 0.14164 0.35838 0.69127 0.36802 
30	1	0.53481 0.80913 0.18063 0.54056 0.73539 0.29043 
31	1	0.42606 0.84132 0.13168 0.52672 0.80940 0.22651 
32	1	0.36421 0.80276 0.21614 0.31393 0.74790 0.34983 
33	1	0.05573 0.92597 0.14458 0.01961 0.27162 0.72288 
34	1	0.09111 0.93978 0.06886 0.07629 0.57734 0.51749 
35	1	0.30331 0.75731 0.20033 0.13650 0.53335 0.51231 
36	1	0.58690 0.73587 0.22075 0.34038 0.60709 0.43185 
37	1	0.10978 0.80729 0.54124 0.07488 0.52037 0.56519 
38	1	0.11603 0.56732 0.49121 0.04063 0.33955 0.73092 
39	1	0.03220 0.67328 0.44180 0.00780 0.14531 0.85910 
40	1	0.11257 0.78744 0.21182 0.04326 0.34196 0.67900 
41	1	0.16600 0.85238 0.14089 0.09181 0.48409 0.58683 
42	1	0.12376 0.91632 0.07747 0.11844 0.66499 0.45356 
43	1	0.26661 0.70734 0.30020 0.12596 0.55676 0.46878 
44	1	0.09824 0.73271 0.11599 0.06550 0.46257 0.44434 
45	1	0.11904 0.79091 0.56436 0.03998 0.28983 0.72167 
46	1	0.17132 0.79485 0.20671 0.06959 0.44576 0.53352 
47	1	0.10524 0.81445 0.12971 0.06605 0.51774 0.49154 
48	1	0.09439 0.74608 0.41005 0.03739 0.41969 0.68472 
49	1	0.07616 0.86427 0.07751 0.05136 0.50387 0.47972 
50	1	0.07656 0.81482 0.09705 0.05957 0.51455 0.47705 
51	1	0.31499 0.77477 0.29038 0.24391 0.64385 0.42930 
52	1	0.28813 0.71429 0.30854 0.11190 0.45101 0.50523 
53	1	0.23373 0.71034 0.27887 0.14607 0.65247 0.47076 
54	1	0.83355 0.62653 0.27291 0.62353 0.73088 0.30477 
55	1	0.60782 0.74954 0.20540 0.49349 0.89828 0.16067 
56	1	0.51607 0.77065 0.19817 0.59461 0.93656 0.08647 
57	1	0.25093 0.92344 0.13157 0.16269 0.61975 0.36678 
58	1	0.16270 0.89662 0.21484 0.09959 0.51604 0.47490 
59	1	0.11169 0.73093 0.45759 0.01999 0.33383 0.74318 
60	1	0.58307 0.88921 0.24922 0.39952 0.57011 0.39426 
61	1	0.29800 0.89896 0.21256 0.18822 0.55490 0.39890 
62	1	0.15043 0.96290 0.03170 0.11797 0.83013 0.29938 
63	1	0.19300 0.94467 0.05426 0.15225 0.82161 0.29486 
64	1	0.30423 0.94577 0.16009 0.13478 0.36283 0.48374 
65	1	0.29351 0.96792 0.10619 0.12749 0.42662 0.40828 
66	1	0.41117 0.97294 0.08327 0.16175 0.52909 0.36069 
67	1	0.47078 0.93865 0.20462 0.27482 0.47423 0.46632 
68	1	0.16630 0.71867 0.34016 0.07807 0.48815 0.61944 
69	1	0.11077 0.82639 0.16975 0.04858 0.47655 0.57416 
70	2	0.03823 0.78750 0.35784 0.00520 0.09939 0.84621 
71	2	0.06034 0.83554 0.33051 0.01026 0.12356 0.80729 
72	2	0.06557 0.82876 0.31462 0.00730 0.11584 0.82942 
73	2	0.08491 0.78589 0.41674 0.01305 0.11835 0.82912 
74	2	0.04431 0.85701 0.32511 0.00978 0.11806 0.80861 
75	2	0.06573 0.56681 0.18798 0.03972 0.17579 0.48805 
76	2	0.03872 0.73849 0.15681 0.02423 0.13236 0.54835 
77	2	0.11949 0.86340 0.07515 0.12086 0.48644 0.31684 
78	2	0.36478 0.94718 0.09139 0.21861 0.43653 0.43617 
79	2	0.40449 0.93013 0.09359 0.23596 0.47849 0.41405 
80	2	0.95890 0.48984 0.69093 0.94523 0.49693 0.47083 
81	2	0.09745 0.94388 0.04585 0.04753 0.47423 0.49670 
82	2	0.38123 0.92448 0.13095 0.12241 0.39854 0.49151 
83	2	0.35399 0.96286 0.08186 0.11956 0.43001 0.44065 
84	2	0.26951 0.90066 0.08618 0.18106 0.47007 0.31467 
85	2	0.20026 0.93884 0.09028 0.09246 0.37475 0.42280 
86	2	0.17055 0.93041 0.10229 0.07693 0.37831 0.52010 
87	2	0.12488 0.91660 0.12797 0.04264 0.30395 0.56880 
88	2	0.16022 0.91997 0.11343 0.05757 0.31157 0.52856 
89	2	0.17420 0.95817 0.08841 0.07126 0.38555 0.48734 
90	2	0.22184 0.93620 0.06258 0.07902 0.36491 0.47038 
91	2	0.67699 0.06547 0.17513 1.00000 0.92161 0.01827 
92	2	0.31603 0.88505 0.13009 0.06222 0.29209 0.65380 
93	2	0.00658 0.79154 0.18442 0.00454 0.10546 0.77953 
94	2	0.01036 0.72181 0.33900 0.00618 0.11123 0.75846 
95	2	0.02448 0.79951 0.16435 0.01167 0.14479 0.68582 
96	2	0.05438 0.90205 0.14704 0.01005 0.15319 0.74540 
97	2	0.02898 0.84323 0.14042 0.01056 0.17145 0.72289 
98	2	0.09389 0.91953 0.09411 0.02200 0.21832 0.63561 
99	2	0.06461 0.91981 0.08264 0.02869 0.23905 0.63606 
100	2	0.16627 0.94063 0.07338 0.05356 0.26430 0.58513 
101	2	0.10429 0.96215 0.03665 0.03296 0.29557 0.57195 
102	2	0.95137 0.03704 0.69314 0.59854 0.46565 0.52183 
103	2	0.01862 0.82184 0.17449 0.00859 0.13479 0.70842 
104	2	0.03487 0.86551 0.11533 0.01244 0.15830 0.65662 
105	2	0.04089 0.89561 0.21433 0.01321 0.13871 0.71255 
106	2	0.01832 0.77154 0.24626 0.00797 0.10500 0.72559 
107	2	0.02250 0.89950 0.09083 0.01404 0.18858 0.64060 
108	2	0.02928 0.90668 0.16373 0.01201 0.16215 0.70160 
109	2	0.08547 0.91211 0.20001 0.02647 0.17341 0.68059 
110	2	0.03500 0.86796 0.10156 0.01306 0.21603 0.66232 
111	2	0.03862 0.71300 0.25682 0.00399 0.07849 0.84685 
112	2	0.33593 0.87237 0.11262 0.08079 0.32711 0.62796 
113	2	0.80688 0.00000 0.46306 0.65257 0.55264 0.44454 
114	2	0.62370 0.12560 0.83312 0.28906 0.28300 0.71073 
115	2	0.29892 0.20282 0.80196 0.10568 0.20714 0.76943 
116	2	0.31730 0.63239 0.42665 0.06858 0.19198 0.79147 
117	2	0.05702 0.93419 0.10739 0.00958 0.18954 0.75394 
118	2	0.08540 0.89990 0.03668 0.03751 0.44806 0.52813 
119	2	0.22347 0.96811 0.04748 0.10386 0.51742 0.46182 
120	2	0.45203 0.82349 0.13888 0.29122 0.53719 0.41657 
121	2	0.40675 0.79563 0.14912 0.24753 0.63322 0.39704 
122	2	0.41002 0.85791 0.18396 0.18701 0.37145 0.61696 
123	2	0.58711 0.03212 0.21035 0.91378 0.85789 0.09433 
124	2	0.27855 0.85428 0.16105 0.06583 0.25973 0.71888 
125	2	0.02065 0.87724 0.16638 0.00560 0.11061 0.77751 
126	2	0.31965 0.54274 0.43919 0.12329 0.25907 0.75437 
127	2	0.56409 0.04955 0.80930 0.26456 0.26285 0.71960 
128	2	0.40503 0.89103 0.08035 0.36887 0.84062 0.26095 
129	2	0.41398 0.89613 0.09904 0.26870 0.75619 0.34517 
130	2	0.39239 0.86403 0.12751 0.39723 0.74958 0.27861 
131	2	0.50408 0.14360 0.76439 0.20034 0.28222 0.71644 
132	2	0.19013 0.69388 0.35377 0.08139 0.29251 0.73861 
133	2	0.34912 0.01242 1.00000 0.08310 0.14194 0.84188 
134	2	0.26947 0.83968 0.21558 0.19363 0.66782 0.41415 
135	2	0.14402 0.89681 0.11705 0.06060 0.28500 0.49589 
136	2	0.11240 0.94194 0.09841 0.03168 0.23978 0.54836 
137	2	0.34077 0.75779 0.29361 0.19850 0.53768 0.49384 
138	2	0.21068 0.82149 0.36604 0.06887 0.26769 0.73977 
139	2	0.27385 0.74261 0.46532 0.04166 0.10241 0.86220 
140	3	0.03984 0.94211 0.10722 0.01833 0.28604 0.67360 
141	3	0.01931 0.91872 0.17206 0.00818 0.27934 0.74891 
142	3	0.12972 0.94589 0.10837 0.05607 0.36216 0.57790 
143	3	0.10445 0.89777 0.17427 0.02142 0.27188 0.72401 
144	3	0.01747 0.53420 0.88418 0.00354 0.02985 0.91848 
145	3	0.00421 0.50817 0.52035 0.00095 0.02908 0.91467 
146	3	0.00306 0.46832 0.70033 0.00009 0.01441 0.96725 
147	3	0.03708 0.78978 0.36790 0.00641 0.15890 0.84052 
148	3	0.03748 0.90122 0.19417 0.00494 0.17333 0.82227 
149	3	0.01593 0.90180 0.20098 0.00420 0.14429 0.83288 
150	3	0.01507 0.88928 0.27382 0.00390 0.12719 0.84807 
151	3	0.02606 0.92804 0.17250 0.00552 0.16305 0.80779 
152	3	0.05411 0.93693 0.12884 0.00790 0.21739 0.77764 
153	3	0.10531 0.85808 0.31367 0.03969 0.24388 0.75864 
154	3	0.00938 0.82717 0.32976 0.00303 0.13893 0.85904 
155	3	0.08279 0.94383 0.12918 0.03338 0.35077 0.63275 
156	3	0.29714 0.95547 0.08286 0.15176 0.46657 0.54917 
157	3	0.83234 0.98286 0.07086 0.34841 0.43302 0.48538 
158	3	0.09587 0.88720 0.10044 0.02330 0.27242 0.66313 
159	3	0.24169 0.91406 0.11100 0.12535 0.44598 0.53868 
160	3	0.10975 0.86207 0.13308 0.03265 0.22861 0.57306 
161	3	0.54510 0.94460 0.04266 0.70222 0.80588 0.13911 
162	3	0.17650 0.96343 0.04701 0.04373 0.29863 0.50834 
163	3	0.57014 0.94037 0.08324 0.31233 0.51644 0.47442 
164	3	0.39248 0.94272 0.14543 0.17222 0.41245 0.53473 
165	3	0.03675 0.81990 0.39358 0.01446 0.18762 0.74430 
166	3	0.27415 0.70924 0.34317 0.13405 0.45223 0.53429 
167	3	0.09524 0.78243 0.29344 0.05533 0.35957 0.58731 
168	3	0.23059 0.92907 0.14285 0.11474 0.47787 0.50093 
169	3	0.24796 0.93715 0.09578 0.17304 0.70539 0.35615 
170	3	0.01260 0.76335 0.29498 0.00632 0.14373 0.78810 
171	3	0.02780 0.72590 0.40184 0.00952 0.15650 0.82440 
172	3	0.06672 0.72817 0.33292 0.02233 0.24196 0.76136 
173	3	0.02629 0.90807 0.06627 0.01068 0.24652 0.68488 
174	3	0.59577 0.69651 0.51782 0.24348 0.35882 0.65578 
175	3	0.21149 0.89024 0.17602 0.05971 0.28319 0.70161 
176	3	0.21475 0.76905 0.34558 0.08845 0.28343 0.73036 
177	3	0.31163 0.80271 0.31846 0.14038 0.45855 0.61509 
178	3	0.23063 0.82844 0.26515 0.06939 0.28895 0.59485 
179	3	0.09336 0.81369 0.32101 0.02995 0.20023 0.67638 
180	3	0.06623 0.83272 0.26154 0.02762 0.22647 0.66148 
181	3	0.17980 0.85276 0.21377 0.06042 0.30368 0.58146 
182	3	0.05830 0.72704 0.58066 0.00715 0.09195 0.91349 
183	3	0.24532 0.92905 0.11636 0.11644 0.39141 0.52634 
184	3	0.01543 0.91523 0.10570 0.00903 0.18678 0.68960 
185	3	0.01088 0.88181 0.11108 0.00712 0.17009 0.72767 
186	3	0.00711 0.72492 0.60724 0.00436 0.06881 0.86495 
187	3	0.00563 0.74962 0.50357 0.00422 0.08105 0.85380 
188	3	0.16095 0.75294 0.69262 0.01470 0.08843 0.88163 
189	3	0.02325 0.83751 0.23996 0.00853 0.19535 0.73983 
190	3	0.05428 0.68837 0.59347 0.00861 0.10026 0.83569 
191	3	0.03180 0.65674 0.71740 0.00426 0.09092 0.92843 
192	3	0.05501 0.62690 0.71414 0.00488 0.09416 0.91951 
193	3	0.00612 0.51921 0.91705 0.00000 0.00000 1.00000 
194	3	0.22558 0.91858 0.15085 0.07664 0.45012 0.46769 
195	3	0.43794 0.95584 0.14483 0.13625 0.47681 0.45879 
196	3	1.00000 0.97176 0.12346 0.46274 0.51150 0.43267 
197	3	0.03104 0.88104 0.15207 0.03340 0.27808 0.56491 
198	3	0.02616 0.86281 0.17646 0.02415 0.26528 0.60860 
199	3	0.09715 0.95529 0.11059 0.06480 0.31577 0.49279 
200	3	0.03619 0.96976 0.07483 0.01942 0.31801 0.62525 
201	3	0.02322 0.89224 0.14847 0.01514 0.28633 0.66342 
202	3	0.01269 0.87491 0.17832 0.01054 0.21464 0.70637 
203	3	0.02316 0.87009 0.19142 0.01253 0.21722 0.71139 
204	3	0.02875 0.90828 0.06976 0.01437 0.33018 0.66011 
205	3	0.05712 0.68029 0.48298 0.06323 0.18062 0.50110 
206	3	0.07989 0.74437 0.37279 0.07796 0.21608 0.48954 
207	3	0.03250 0.76602 0.37183 0.03261 0.22540 0.58595 
208	3	0.01066 0.84054 0.17711 0.00909 0.21286 0.74284 
209	3	0.01612 0.89574 0.16964 0.00725 0.21975 0.74195 
210	4	0.17683 0.96902 0.05944 0.10241 0.53615 0.49338 
211	4	0.22394 0.95383 0.04745 0.12728 0.53312 0.46011 
212	4	0.23704 0.93723 0.05274 0.12832 0.53377 0.46699 
213	4	0.10880 0.95185 0.07234 0.03690 0.44662 0.60855 
214	4	0.08889 0.87519 0.15348 0.04576 0.41415 0.63455 
215	4	0.14851 0.84097 0.20917 0.06287 0.44173 0.62833 
216	4	0.12511 0.88971 0.10141 0.07591 0.56661 0.50875 
217	4	0.16966 0.87525 0.04345 0.12875 0.62684 0.40844 
218	4	0.09294 0.93747 0.02823 0.06692 0.62456 0.46263 
219	4	0.17841 0.89437 0.07540 0.09200 0.51647 0.53736 
220	4	0.21638 0.94527 0.06190 0.07789 0.47385 0.57740 
221	4	0.11656 0.93204 0.06514 0.04052 0.49735 0.58927 
222	4	0.06948 0.86820 0.16463 0.02548 0.43450 0.68862 
223	4	0.08731 0.98740 0.02756 0.03374 0.51225 0.55128 
224	4	0.07718 0.83447 0.16726 0.02117 0.35389 0.71150 
225	4	0.37613 0.91790 0.10009 0.20002 0.56332 0.50356 
226	4	0.27773 0.95334 0.04751 0.14215 0.55539 0.50797 
227	4	0.09857 0.84270 0.21967 0.02676 0.34872 0.73184 
228	4	0.10277 0.92554 0.15314 0.04441 0.36972 0.66231 
229	4	0.32760 0.86415 0.22390 0.05463 0.24950 0.77997 
230	4	0.24182 0.95559 0.05936 0.12972 0.50053 0.47358 
231	4	0.20040 0.94337 0.07795 0.07514 0.37972 0.63917 
232	4	0.17297 0.91975 0.09767 0.07279 0.43170 0.60629 
233	4	0.10679 0.79584 0.29455 0.04510 0.39566 0.71754 
234	4	0.19111 0.77245 0.28725 0.03986 0.25970 0.78778 
235	4	0.17617 0.87248 0.18539 0.06276 0.45401 0.65825 
236	4	0.18716 0.92381 0.07353 0.14300 0.57277 0.44937 
237	4	0.18700 0.94283 0.05463 0.10249 0.52413 0.49568 
238	4	0.44354 0.85485 0.30848 0.40100 0.71335 0.33593 
239	4	0.61004 0.99245 0.01995 0.72128 1.00000 0.00000 
240	4	0.55609 0.96723 0.01790 0.51829 0.93933 0.08019 
241	4	0.05277 0.79353 0.26411 0.01962 0.31756 0.71619 
242	4	0.06211 0.85129 0.17460 0.02804 0.36852 0.65100 
243	4	0.22753 0.90796 0.15025 0.10715 0.50942 0.49709 
244	4	0.42443 0.96107 0.05760 0.28956 0.72906 0.31485 
245	4	0.08146 0.89919 0.16451 0.02032 0.30802 0.70542 
246	4	0.10669 0.77575 0.35700 0.03188 0.31350 0.71352 
247	4	0.11133 0.78191 0.20294 0.04731 0.38297 0.63139 
248	4	0.17173 0.72768 0.44917 0.05555 0.31343 0.65524 
249	4	0.50631 0.91253 0.10681 0.39783 0.71082 0.25694 
250	4	0.37093 0.94131 0.15314 0.31668 0.57385 0.44502 
251	4	0.11189 0.80880 0.24194 0.05390 0.39822 0.64327 
252	4	0.46874 0.97093 0.05936 0.25185 0.63412 0.38156 
253	4	0.53411 0.87585 0.17727 0.42106 0.61390 0.33143 
254	4	0.58336 0.93303 0.07210 0.38112 0.67878 0.35100 
255	4	0.44545 0.95733 0.05683 0.28305 0.65757 0.37194 
256	4	0.55477 0.89015 0.15514 0.42970 0.62880 0.31457 
257	4	0.15222 0.89134 0.19069 0.08250 0.58248 0.50695 
258	4	0.72759 0.62645 0.33430 0.27459 0.44568 0.60522 
259	4	0.16815 0.75035 0.29129 0.08165 0.43242 0.62486 
260	4	0.23552 0.63774 0.34971 0.11540 0.45698 0.61626 
261	4	0.45318 0.88287 0.25138 0.38471 0.56926 0.46021 
262	4	0.29576 0.80305 0.30356 0.18983 0.47344 0.55583 
263	4	0.66633 0.83394 0.25006 0.33108 0.49429 0.50923 
264	4	0.48282 0.93778 0.04580 0.41863 0.75007 0.29542 
265	4	0.59126 0.88430 0.15842 0.44931 0.65537 0.30545 
266	4	0.69344 0.91417 0.09142 0.47044 0.71151 0.25774 
267	4	0.53533 0.87207 0.18116 0.37712 0.62961 0.33897 
268	4	0.08879 0.86004 0.19535 0.05645 0.53249 0.58060 
269	4	0.12396 0.85446 0.21531 0.06479 0.54330 0.56403 
270	4	0.04399 0.80125 0.32220 0.01143 0.26179 0.76987 
271	4	0.04099 0.79740 0.34671 0.01183 0.26153 0.77425 
272	4	0.09676 0.83423 0.23389 0.02870 0.31087 0.68171 
273	4	0.07856 0.77812 0.30921 0.02182 0.32102 0.73754 
274	4	0.28128 0.91329 0.17382 0.24405 0.73392 0.34810 
275	4	0.56313 0.88524 0.16270 0.19979 0.51896 0.55060 
276	4	0.46193 0.80452 0.13871 0.35192 0.81190 0.25427 
277	4	0.46633 0.85526 0.15321 0.17352 0.53387 0.53572 
278	4	0.32206 0.89595 0.16514 0.16887 0.53796 0.52463 
279	4	0.46217 0.96264 0.06517 0.36391 0.73808 0.29535 
280	5	0.07504 0.97451 0.04469 0.05868 0.59077 0.50304 
281	5	0.02135 0.87224 0.29131 0.00854 0.22587 0.76152 
282	5	0.01365 0.88327 0.21269 0.00401 0.14524 0.81723 
283	5	0.05691 0.96284 0.04398 0.05125 0.44400 0.43576 
284	5	0.03283 0.97023 0.05393 0.02851 0.35513 0.54324 
285	5	0.16663 0.96020 0.06480 0.12674 0.65878 0.36657 
286	5	0.09386 0.97925 0.08918 0.05376 0.40293 0.54679 
287	5	0.01855 0.91646 0.12402 0.00670 0.21952 0.75821 
288	5	0.00990 0.84044 0.13403 0.00718 0.22675 0.76461 
289	5	0.11538 0.98776 0.00888 0.07049 0.58281 0.40614 
290	5	0.09794 0.98792 0.00800 0.06516 0.57030 0.41610 
291	5	0.06274 0.98307 0.02565 0.03970 0.38398 0.45689 
292	5	0.07557 0.97474 0.03906 0.03785 0.44982 0.55418 
293	5	0.11488 0.98965 0.01689 0.05318 0.42019 0.43346 
294	5	0.06501 0.99719 0.00689 0.05665 0.44511 0.35857 
295	5	0.03412 0.98514 0.02093 0.02755 0.37904 0.51095 
296	5	0.01921 0.90350 0.06220 0.01387 0.32029 0.66291 
297	5	0.04813 0.99204 0.00798 0.04826 0.44471 0.43167 
298	5	0.02487 0.98033 0.03127 0.02016 0.33661 0.56757 
299	5	0.00717 0.86402 0.15042 0.00680 0.13993 0.75161 
300	5	0.00398 0.83548 0.22009 0.00387 0.11129 0.80601 
301	5	0.03843 0.94884 0.08525 0.01007 0.30418 0.73272 
302	5	0.03695 0.99549 0.00535 0.03052 0.56223 0.52774 
303	5	0.09389 1.00000 0.00000 0.05738 0.66567 0.39948 
304	5	0.03300 0.96387 0.05168 0.01373 0.36478 0.66537 
305	5	0.02490 0.93786 0.04658 0.00930 0.21305 0.69061 
306	5	0.01503 0.77619 0.45878 0.00293 0.11224 0.87943 
307	5	0.01076 0.59355 0.40696 0.00093 0.04089 0.92615 
308	5	0.00151 0.72938 0.42866 0.00145 0.03950 0.88865 
309	5	0.00145 0.60748 0.42638 0.00095 0.03975 0.90734 
310	5	0.00173 0.91239 0.12671 0.00280 0.11948 0.81657 
311	5	0.00309 0.82840 0.18007 0.00253 0.09846 0.83969 
312	5	0.01263 0.60438 0.42120 0.00129 0.04115 0.90742 
313	5	0.11712 0.82889 0.26604 0.01124 0.20171 0.81257 
314	5	0.10722 0.93108 0.02537 0.06036 0.43744 0.48935 
315	5	0.00276 0.66818 0.34944 0.00139 0.04209 0.88671 
316	5	0.00711 0.57162 0.31075 0.00204 0.04562 0.88303 
317	5	0.02059 0.94096 0.13273 0.00912 0.22959 0.72532 
318	5	0.00424 0.51666 0.36774 0.00117 0.03357 0.90874 
319	5	0.00942 0.91233 0.15912 0.00344 0.14757 0.81378 
320	5	0.00517 0.84148 0.23106 0.00247 0.12036 0.84449 
321	5	0.16551 0.95868 0.01038 0.11203 0.53591 0.31238 
322	5	0.09755 0.76895 0.10376 0.04832 0.33985 0.56705 
323	5	0.02599 0.94019 0.07815 0.01187 0.23035 0.65907 
324	5	0.03936 0.93568 0.08056 0.01764 0.29947 0.60959 
325	5	0.01533 0.92303 0.13123 0.00532 0.18851 0.77870 
326	5	0.01315 0.89953 0.11852 0.00625 0.14263 0.74885 
327	5	0.06801 0.96826 0.09098 0.02393 0.36264 0.60219 
328	5	0.28611 0.98131 0.07615 0.11501 0.42554 0.48513 
329	5	0.02514 0.97722 0.02002 0.01465 0.38242 0.62163 
330	5	0.19200 0.99467 0.00966 0.11092 0.59662 0.34711 
331	5	0.22147 0.98925 0.00542 0.15386 0.67516 0.28025 
332	5	0.06257 0.99130 0.00415 0.06556 0.58218 0.40721 
333	5	0.00605 0.89153 0.10682 0.00437 0.16911 0.79234 
334	5	0.01725 0.94739 0.10831 0.00847 0.22211 0.75015 
335	5	0.03484 0.93424 0.09620 0.01188 0.23557 0.70623 
336	5	0.02369 0.88409 0.09915 0.00635 0.19643 0.77614 
337	5	0.56310 0.90903 0.16587 0.21065 0.31712 0.61256 
338	5	0.05965 0.72988 0.34259 0.01340 0.20560 0.80525 
339	5	0.02796 0.72526 0.29980 0.00429 0.16110 0.86287 
340	5	0.01132 0.74482 0.18233 0.00495 0.09521 0.79871 
341	5	0.05053 0.70234 0.30124 0.00395 0.08224 0.86387 
342	5	0.00984 0.54005 0.35509 0.00213 0.04448 0.87906 
343	5	0.00977 0.51487 0.35934 0.00293 0.05405 0.85767 
344	5	0.20180 0.88326 0.18141 0.04308 0.24497 0.70329 
345	5	0.12715 0.93331 0.12897 0.04417 0.38246 0.67296 
346	5	0.34800 0.94403 0.19057 0.11858 0.33069 0.66274 
347	5	0.00000 0.81633 0.28536 0.00123 0.07847 0.89412 
348	5	0.02089 0.83218 0.34161 0.00287 0.07790 0.87092 
349	5	0.06695 0.91221 0.12593 0.02463 0.32404 0.67150 
