350	5	6
0	1	0.17385 0.89333 0.08624 0.09100 0.61997 0.45270 
1	1	0.37013 0.71417 0.20312 0.24931 0.75827 0.29312 
2	1	0.12177 0.77799 0.23454 0.07258 0.59483 0.54387 
3	1	0.11494 0.67261 0.50196 0.05894 0.50994 0.66527 
4	1	0.29345 0.73333 0.50911 0.10977 0.44198 0.64582 
5	1	0.38723 0.72435 0.34065 0.19950 0.58388 0.47268 
6	1	0.50474 0.70547 0.38917 0.27029 0.60959 0.45577 
7	1	0.28022 0.73809 0.45570 0.13813 0.52775 0.59210 
8	1	0.08886 0.58954 0.39100 0.02979 0.34881 0.74991 
9	1	0.22408 0.69773 0.44314 0.11558 0.52531 0.61149 
10	1	0.14307 0.88515 0.09954 0.07146 0.57358 0.53644 
11	1	0.20509 0.72110 0.37993 0.12077 0.58619 0.57410 
12	1	0.20961 0.69195 0.37333 0.10756 0.59765 0.57521 
13	1	0.22915 0.92730 0.06448 0.08989 0.72145 0.45649 
14	1	0.06744 0.87951 0.13629 0.04425 0.62264 0.59246 
15	1	0.39086 0.87169 0.23891 0.27800 0.67325 0.40402 
16	1	0.27856 0.89311 0.10219 0.20036 0.75800 0.32364 
17	1	0.81901 0.89045 0.20601 0.61298 0.75745 0.24193 
18	1	0.58829 0.85773 0.30079 0.34027 0.62440 0.40081 
19	1	0.25550 0.76711 0.23528 0.12481 0.59413 0.53117 
20	1	0.28450 0.74741 0.39255 0.10220 0.34183 0.69137 
21	1	0.13296 0.81067 0.31181 0.05369 0.40124 0.70788 
22	1	0.43928 0.79174 0.13994 0.27510 0.72449 0.34520 
23	1	0.35945 0.87155 0.13654 0.22895 0.76308 0.36770 
24	1	0.32779 0.90258 0.09054 0.23023 0.84045 0.31862 
25	1	0.20226 0.63342 0.73007 0.07508 0.49830 0.66365 
26	1	0.13455 0.82309 0.14799 0.07342 0.54841 0.55137 
27	1	0.14935 0.75821 0.37684 0.06160 0.55324 0.64328 
28	1	0.65173 0.68826 0.18660 0.38276 0.74132 0.31140 
29	1	0.72057 0.69546 0.15207 0.42493 0.74104 0.29242 
30	1	0.71421 0.78550 0.16563 0.45680 0.74077 0.28149 
31	1	0.54207 0.82073 0.12664 0.42533 0.81269 0.23942 
32	1	0.54808 0.77916 0.20176 0.38333 0.78651 0.28925 
33	1	0.09185 0.91846 0.13643 0.02892 0.37838 0.70928 
34	1	0.19881 0.93194 0.07126 0.11312 0.68986 0.46795 
35	1	0.28089 0.73750 0.18570 0.14022 0.64148 0.45026 
36	1	0.77302 0.71719 0.20419 0.38253 0.69748 0.34585 
37	1	0.18874 0.81626 0.50007 0.09391 0.59726 0.59761 
38	1	0.23442 0.54918 0.46858 0.08324 0.43004 0.65227 
39	1	0.07478 0.67105 0.39905 0.01880 0.21927 0.80663 
40	1	0.21031 0.76940 0.15953 0.08056 0.47888 0.57028 
41	1	0.26805 0.83156 0.12642 0.12274 0.58477 0.50392 
42	1	0.19054 0.90389 0.06807 0.13976 0.75840 0.40707 
43	1	0.27499 0.70862 0.27901 0.15355 0.66154 0.43321 
44	1	0.25132 0.73211 0.10831 0.12525 0.63014 0.35877 
45	1	0.17553 0.78695 0.56205 0.05979 0.37335 0.72315 
46	1	0.15289 0.79976 0.19541 0.10254 0.58332 0.47493 
47	1	0.17799 0.81946 0.13130 0.10042 0.66961 0.43552 
48	1	0.20185 0.75244 0.38172 0.07418 0.55272 0.62937 
49	1	0.14271 0.86838 0.07861 0.08857 0.69602 0.41603 
50	1	0.18953 0.82040 0.10032 0.11155 0.69949 0.40200 
51	1	0.37398 0.76822 0.27516 0.23027 0.68333 0.40213 
52	1	0.26963 0.70523 0.29270 0.14089 0.55700 0.44999 
53	1	0.29663 0.71840 0.29793 0.17876 0.71258 0.43527 
54	1	0.74973 0.63699 0.29492 0.53916 0.78269 0.25187 
55	1	0.55629 0.74626 0.20157 0.47506 0.96850 0.10221 
56	1	0.77956 0.76617 0.19400 0.60115 0.98686 0.04268 
57	1	0.34628 0.91171 0.11319 0.20260 0.75231 0.33043 
58	1	0.27156 0.88520 0.18911 0.14624 0.65355 0.43076 
59	1	0.08158 0.73979 0.41985 0.03828 0.47412 0.69814 
60	1	0.87121 0.87936 0.22040 0.50392 0.64144 0.35417 
61	1	0.54424 0.88702 0.18682 0.26068 0.67033 0.37104 
62	1	0.15110 0.96582 0.02831 0.12004 0.94649 0.30921 
63	1	0.22199 0.94318 0.04505 0.14211 0.93019 0.30788 
64	1	0.35630 0.94227 0.15256 0.13647 0.46445 0.51337 
65	1	0.33824 0.96780 0.11032 0.14097 0.55388 0.46547 
66	1	0.41281 0.97324 0.07148 0.18672 0.68723 0.37359 
67	1	0.36776 0.93351 0.20536 0.18036 0.50448 0.54852 
68	1	0.23196 0.71396 0.34386 0.09208 0.55771 0.59415 
69	1	0.12331 0.82960 0.18963 0.07832 0.60238 0.52242 
70	2	0.02515 0.79310 0.33684 0.00892 0.18087 0.84767 
71	2	0.03606 0.84028 0.31192 0.01201 0.20940 0.82790 
72	2	0.03157 0.83383 0.29695 0.00954 0.20693 0.83669 
73	2	0.02932 0.79475 0.38971 0.00865 0.18999 0.86327 
74	2	0.01693 0.86033 0.30533 0.00839 0.20261 0.83614 
75	2	0.11878 0.51798 0.16880 0.05604 0.29398 0.54726 
76	2	0.04759 0.72398 0.15066 0.02090 0.23421 0.68450 
77	2	0.14043 0.87560 0.07766 0.07244 0.61998 0.49302 
78	2	0.59528 0.94445 0.08946 0.23970 0.58669 0.47826 
79	2	0.53603 0.92353 0.09643 0.20770 0.60450 0.47494 
80	2	0.89692 0.48556 0.65632 0.55451 0.45621 0.50208 
81	2	0.14425 0.94022 0.04618 0.08936 0.67787 0.43581 
82	2	0.25748 0.92397 0.14622 0.06803 0.50292 0.64959 
83	2	0.23647 0.96462 0.07448 0.07266 0.58281 0.57520 
84	2	0.30847 0.90496 0.08984 0.13557 0.62853 0.42736 
85	2	0.16087 0.94275 0.08312 0.05733 0.52156 0.58090 
86	2	0.24928 0.93133 0.10584 0.06472 0.50332 0.64720 
87	2	0.08584 0.92156 0.12633 0.02807 0.42680 0.71031 
88	2	0.11016 0.92490 0.10391 0.03632 0.44877 0.67120 
89	2	0.20956 0.95814 0.08808 0.07278 0.54506 0.55929 
90	2	0.26830 0.93833 0.06051 0.07856 0.51706 0.55335 
91	2	0.79527 0.05848 0.17408 0.88717 0.93416 0.00000 
92	2	0.19446 0.88549 0.12505 0.05121 0.43713 0.63884 
93	2	0.02730 0.79894 0.17924 0.01187 0.21029 0.74291 
94	2	0.01789 0.72745 0.32149 0.00842 0.19892 0.81121 
95	2	0.04638 0.78951 0.16658 0.01911 0.25771 0.70364 
96	2	0.11767 0.90808 0.13698 0.01854 0.28169 0.73457 
97	2	0.07111 0.85151 0.12917 0.02241 0.31491 0.67846 
98	2	0.08274 0.92244 0.09473 0.02746 0.36454 0.64728 
99	2	0.17083 0.91921 0.07578 0.06063 0.41876 0.55388 
100	2	0.16284 0.94431 0.06556 0.05741 0.43804 0.53775 
101	2	0.16687 0.96335 0.04083 0.05751 0.49059 0.49855 
102	2	0.72414 0.04805 0.66249 0.43587 0.44524 0.51790 
103	2	0.03012 0.83033 0.16814 0.01225 0.24877 0.74978 
104	2	0.03342 0.87491 0.11325 0.01879 0.29106 0.68655 
105	2	0.04464 0.90161 0.20319 0.01276 0.24312 0.78503 
106	2	0.02211 0.78394 0.24000 0.00991 0.18928 0.78917 
107	2	0.05962 0.90327 0.08378 0.02379 0.34396 0.64642 
108	2	0.03591 0.91010 0.16197 0.01378 0.28255 0.75066 
109	2	0.14860 0.91496 0.19223 0.02862 0.27902 0.73813 
110	2	0.05284 0.87499 0.10128 0.02679 0.38029 0.62333 
111	2	0.01714 0.72409 0.23945 0.00971 0.15865 0.77347 
112	2	0.24916 0.87347 0.11566 0.07237 0.47709 0.59794 
113	2	0.87772 0.00000 0.52052 0.53587 0.52585 0.42123 
114	2	0.48180 0.12717 0.83613 0.16573 0.23972 0.73820 
115	2	0.35561 0.20206 0.81391 0.09465 0.18765 0.78730 
116	2	0.27206 0.63123 0.39330 0.06126 0.23484 0.75986 
117	2	0.08378 0.93581 0.09411 0.02432 0.35348 0.68774 
118	2	0.09542 0.90156 0.04074 0.06890 0.63914 0.43319 
119	2	0.30176 0.96624 0.05144 0.11771 0.64566 0.46040 
120	2	0.69740 0.81446 0.14482 0.35191 0.64819 0.38238 
121	2	0.59358 0.78634 0.15298 0.29836 0.72535 0.37132 
122	2	0.44635 0.85741 0.17547 0.15873 0.42046 0.58575 
123	2	1.00000 0.02664 0.19992 1.00000 0.86634 0.04439 
124	2	0.23558 0.85607 0.15143 0.05984 0.36269 0.64941 
125	2	0.04019 0.87921 0.16039 0.01471 0.22728 0.73937 
126	2	0.31449 0.52597 0.41061 0.10109 0.27379 0.70458 
127	2	0.52180 0.06457 0.77866 0.16725 0.23305 0.72700 
128	2	0.55107 0.87979 0.07484 0.37034 0.87910 0.22287 
129	2	0.43192 0.88564 0.09052 0.27076 0.80201 0.30470 
130	2	0.57840 0.84972 0.11832 0.40707 0.80221 0.25918 
131	2	0.35688 0.16025 0.74032 0.12417 0.25563 0.73458 
132	2	0.33645 0.68470 0.33509 0.10383 0.33308 0.68009 
133	2	0.30491 0.01988 1.00000 0.05764 0.10436 0.85383 
134	2	0.34964 0.83404 0.21037 0.19260 0.72574 0.43619 
135	2	0.13307 0.90925 0.10146 0.04074 0.42914 0.65238 
136	2	0.11982 0.94580 0.08913 0.03323 0.41550 0.63886 
137	2	0.40942 0.75190 0.29994 0.18984 0.58639 0.51169 
138	2	0.16410 0.82831 0.34313 0.04755 0.30501 0.76166 
139	2	0.12817 0.75667 0.43557 0.01352 0.12854 0.87525 
140	3	0.03736 0.94688 0.09463 0.02020 0.48802 0.67288 
141	3	0.05473 0.92109 0.16554 0.01680 0.46294 0.73470 
142	3	0.11193 0.95307 0.09250 0.04070 0.55962 0.61612 
143	3	0.03319 0.90789 0.16142 0.01523 0.43870 0.72689 
144	3	0.00652 0.58235 0.79854 0.00152 0.04805 0.96923 
145	3	0.00952 0.54915 0.44154 0.00463 0.07736 0.86965 
146	3	0.01432 0.50871 0.72687 0.00174 0.01860 0.95263 
147	3	0.02751 0.80148 0.33566 0.00843 0.29109 0.82660 
148	3	0.02725 0.91396 0.18105 0.01048 0.32913 0.78307 
149	3	0.05561 0.90559 0.19030 0.01763 0.28493 0.74959 
150	3	0.03424 0.89275 0.25492 0.01599 0.24876 0.78842 
151	3	0.04404 0.92791 0.16288 0.02182 0.31452 0.73086 
152	3	0.07861 0.94190 0.11959 0.02589 0.40094 0.68547 
153	3	0.11353 0.87700 0.28173 0.02667 0.36217 0.76502 
154	3	0.02611 0.83518 0.28738 0.00769 0.27649 0.83076 
155	3	0.07392 0.95301 0.12815 0.02426 0.46799 0.68559 
156	3	0.24693 0.96261 0.09453 0.09322 0.56333 0.56992 
157	3	0.38950 0.98522 0.07216 0.10442 0.52495 0.54168 
158	3	0.11136 0.89957 0.09439 0.03840 0.41616 0.57487 
159	3	0.21400 0.92082 0.11361 0.08100 0.54740 0.53215 
160	3	0.07707 0.86587 0.13911 0.04200 0.34623 0.56236 
161	3	0.45584 0.92802 0.04622 0.39426 0.86807 0.19534 
162	3	0.05899 0.97741 0.04112 0.04247 0.47967 0.53507 
163	3	0.36301 0.94716 0.08150 0.14540 0.61100 0.48374 
164	3	0.40285 0.94674 0.15871 0.10786 0.49239 0.61548 
165	3	0.06463 0.84720 0.40248 0.01701 0.31637 0.79544 
166	3	0.34946 0.76199 0.35373 0.12397 0.55417 0.55085 
167	3	0.10201 0.81512 0.29645 0.04870 0.50962 0.62892 
168	3	0.21390 0.94483 0.15237 0.07937 0.60277 0.55253 
169	3	0.22365 0.95951 0.09607 0.12702 0.79014 0.42943 
170	3	0.02154 0.79617 0.31069 0.01027 0.25566 0.81516 
171	3	0.13180 0.74696 0.42484 0.02575 0.27519 0.79846 
172	3	0.21258 0.74257 0.29457 0.05870 0.39321 0.69649 
173	3	0.06193 0.91826 0.06489 0.03279 0.46060 0.60336 
174	3	0.59891 0.75222 0.46718 0.20778 0.43647 0.63820 
175	3	0.22687 0.91038 0.13579 0.05773 0.43115 0.63937 
176	3	0.20768 0.81411 0.36117 0.06270 0.36430 0.72441 
177	3	0.21571 0.84002 0.30553 0.09532 0.55027 0.60988 
178	3	0.05939 0.86175 0.25858 0.02272 0.40610 0.73188 
179	3	0.04043 0.84651 0.31472 0.01410 0.31660 0.78820 
180	3	0.03679 0.86537 0.25581 0.01591 0.36318 0.75069 
181	3	0.07341 0.88563 0.21047 0.02245 0.44043 0.69654 
182	3	0.02698 0.77885 0.52170 0.00511 0.15961 0.90379 
183	3	0.09918 0.94527 0.11291 0.03126 0.52356 0.63472 
184	3	0.01631 0.92326 0.09066 0.01681 0.38128 0.68592 
185	3	0.03850 0.89293 0.08918 0.02176 0.37243 0.65105 
186	3	0.02226 0.75819 0.67077 0.00536 0.16457 0.91028 
187	3	0.04357 0.77720 0.55542 0.00614 0.18631 0.90018 
188	3	0.09516 0.76403 0.67661 0.01071 0.16801 0.90337 
189	3	0.04174 0.84684 0.24767 0.01735 0.38415 0.74608 
190	3	0.07712 0.68169 0.50734 0.01239 0.20178 0.84555 
191	3	0.06520 0.64465 0.61885 0.00822 0.14073 0.90290 
192	3	0.05465 0.62160 0.74304 0.00671 0.12389 0.92743 
193	3	0.00000 0.55582 0.83474 0.00000 0.00000 1.00000 
194	3	0.16500 0.92503 0.16583 0.06562 0.64865 0.55856 
195	3	0.26655 0.94971 0.17777 0.08728 0.67907 0.54274 
196	3	0.53419 0.96909 0.14184 0.19408 0.70122 0.47903 
197	3	0.11451 0.90408 0.19514 0.05007 0.50708 0.60599 
198	3	0.09989 0.88050 0.22856 0.03986 0.47585 0.64945 
199	3	0.21291 0.95733 0.12874 0.07919 0.59267 0.52387 
200	3	0.05963 0.96979 0.08178 0.02955 0.58945 0.61091 
201	3	0.06878 0.89879 0.14429 0.02740 0.51727 0.67034 
202	3	0.03912 0.88106 0.20482 0.01561 0.39335 0.74125 
203	3	0.04207 0.87743 0.20600 0.01651 0.40735 0.73728 
204	3	0.06769 0.91951 0.06814 0.03915 0.55399 0.58224 
205	3	0.14902 0.71128 0.46019 0.08201 0.45126 0.54213 
206	3	0.17708 0.76939 0.33707 0.09578 0.48844 0.52390 
207	3	0.11140 0.79323 0.33884 0.04980 0.50681 0.60543 
208	3	0.07764 0.85186 0.15651 0.03611 0.42462 0.62842 
209	3	0.03913 0.90497 0.15001 0.01838 0.41350 0.70944 
210	4	0.35362 0.96516 0.06167 0.15890 0.69159 0.43903 
211	4	0.43196 0.94913 0.04999 0.20859 0.71159 0.37122 
212	4	0.46754 0.93164 0.06029 0.21110 0.70133 0.38063 
213	4	0.16735 0.94964 0.07472 0.06213 0.60587 0.53900 
214	4	0.23178 0.87056 0.15808 0.09558 0.57522 0.55917 
215	4	0.25518 0.83540 0.21241 0.10235 0.56729 0.57013 
216	4	0.21669 0.88564 0.10309 0.14210 0.72333 0.43000 
217	4	0.33212 0.87272 0.04559 0.22962 0.78542 0.29770 
218	4	0.23242 0.95059 0.03245 0.13812 0.82975 0.37038 
219	4	0.40789 0.88407 0.08428 0.19515 0.68423 0.43506 
220	4	0.41041 0.94167 0.06424 0.14277 0.62411 0.49459 
221	4	0.19770 0.92809 0.06765 0.09303 0.68234 0.47631 
222	4	0.11823 0.86293 0.16482 0.05027 0.58437 0.62102 
223	4	0.15780 0.98752 0.02769 0.06862 0.71525 0.48594 
224	4	0.10495 0.82158 0.17518 0.03979 0.48635 0.62814 
225	4	0.51521 0.91835 0.10120 0.26654 0.67667 0.44227 
226	4	0.38663 0.94483 0.05222 0.17363 0.68493 0.44165 
227	4	0.14139 0.84115 0.21329 0.04537 0.47194 0.67315 
228	4	0.33302 0.91981 0.15350 0.09334 0.50344 0.61367 
229	4	0.19526 0.85601 0.21810 0.03722 0.35430 0.73290 
230	4	0.36665 0.94871 0.06300 0.17258 0.65060 0.41207 
231	4	0.37594 0.93600 0.07900 0.10880 0.53038 0.54987 
232	4	0.20504 0.91016 0.09598 0.09322 0.56009 0.52489 
233	4	0.18054 0.79204 0.28684 0.05471 0.46054 0.67408 
234	4	0.25324 0.74288 0.28097 0.05112 0.33781 0.73321 
235	4	0.31576 0.86150 0.18526 0.09666 0.53721 0.62055 
236	4	0.30091 0.91691 0.07538 0.19572 0.71237 0.37384 
237	4	0.34007 0.93598 0.05759 0.16274 0.68835 0.40774 
238	4	0.42691 0.87672 0.29697 0.27310 0.71163 0.41278 
239	4	0.34963 0.99563 0.01785 0.28576 1.00000 0.17240 
240	4	0.65786 0.97465 0.01791 0.36249 0.97752 0.16031 
241	4	0.10116 0.79529 0.26635 0.03247 0.45013 0.70811 
242	4	0.10452 0.85761 0.16148 0.04159 0.51983 0.64300 
243	4	0.19033 0.92014 0.13673 0.08210 0.62321 0.54190 
244	4	0.32888 0.96691 0.05236 0.17733 0.82115 0.36781 
245	4	0.05638 0.90207 0.15707 0.02393 0.43849 0.72299 
246	4	0.14682 0.77979 0.34376 0.03676 0.39666 0.75347 
247	4	0.20607 0.77711 0.20866 0.06248 0.48659 0.63476 
248	4	0.14616 0.74005 0.39534 0.05176 0.40899 0.67867 
249	4	0.34739 0.92695 0.10171 0.17982 0.76832 0.41824 
250	4	0.53189 0.93498 0.15577 0.29491 0.63120 0.45347 
251	4	0.16789 0.80886 0.21921 0.06827 0.49944 0.63299 
252	4	0.37331 0.97249 0.06258 0.20648 0.72184 0.39192 
253	4	0.42719 0.90463 0.16227 0.20986 0.66594 0.44850 
254	4	0.42431 0.94081 0.06801 0.27074 0.75937 0.34428 
255	4	0.38194 0.95929 0.06579 0.22104 0.74031 0.36412 
256	4	0.53619 0.91487 0.14389 0.24693 0.67452 0.42801 
257	4	0.22479 0.90438 0.19388 0.07398 0.67447 0.57615 
258	4	0.46595 0.62734 0.29835 0.15503 0.50285 0.59259 
259	4	0.17430 0.75320 0.28474 0.07813 0.50180 0.64887 
260	4	0.25930 0.64405 0.33819 0.11773 0.51436 0.60671 
261	4	0.64698 0.87594 0.23886 0.36165 0.59789 0.48881 
262	4	0.38425 0.79655 0.26672 0.15811 0.51190 0.60451 
263	4	0.61940 0.81355 0.24486 0.24716 0.51545 0.56598 
264	4	0.66582 0.94614 0.04494 0.41095 0.81986 0.25772 
265	4	0.46703 0.91192 0.14456 0.24248 0.70032 0.41212 
266	4	0.49671 0.93492 0.08345 0.28512 0.77851 0.32117 
267	4	0.38122 0.90424 0.16834 0.19968 0.67861 0.45150 
268	4	0.12817 0.87417 0.19440 0.06661 0.63601 0.58311 
269	4	0.14388 0.87287 0.21013 0.06440 0.63497 0.59471 
270	4	0.05512 0.80176 0.31446 0.01728 0.37345 0.78463 
271	4	0.03957 0.79957 0.34030 0.01638 0.36623 0.80032 
272	4	0.06670 0.83795 0.22177 0.02842 0.42187 0.72777 
273	4	0.11017 0.78331 0.29059 0.03032 0.43150 0.73178 
274	4	0.33299 0.92875 0.16229 0.16769 0.77815 0.44215 
275	4	0.30955 0.89472 0.14843 0.14440 0.61749 0.51002 
276	4	0.61541 0.79192 0.14592 0.48670 0.88190 0.16718 
277	4	0.34597 0.87377 0.13760 0.14929 0.63648 0.46830 
278	4	0.24029 0.90936 0.14429 0.14065 0.62789 0.49861 
279	4	0.31660 0.96838 0.06654 0.20550 0.78652 0.35493 
280	5	0.16962 0.97459 0.03906 0.09315 0.74518 0.46379 
281	5	0.03520 0.86912 0.27358 0.01202 0.34609 0.80478 
282	5	0.03093 0.87683 0.19839 0.01030 0.27082 0.78960 
283	5	0.11398 0.96300 0.04126 0.06264 0.65899 0.48469 
284	5	0.09006 0.96996 0.05423 0.03847 0.54971 0.59252 
285	5	0.25239 0.95889 0.06569 0.15198 0.80249 0.38261 
286	5	0.19416 0.97953 0.08331 0.08005 0.55245 0.56712 
287	5	0.03352 0.91332 0.10903 0.01578 0.38007 0.71562 
288	5	0.04816 0.83889 0.12763 0.02601 0.40630 0.65132 
289	5	0.18339 0.98727 0.00864 0.11003 0.79179 0.36140 
290	5	0.18241 0.98734 0.00870 0.10608 0.77914 0.37179 
291	5	0.05416 0.98372 0.02461 0.03087 0.57521 0.58238 
292	5	0.17728 0.97369 0.03556 0.07975 0.66076 0.48445 
293	5	0.11158 0.98962 0.01745 0.04182 0.60947 0.54744 
294	5	0.04672 0.99766 0.00798 0.03283 0.62325 0.53762 
295	5	0.04606 0.98557 0.02072 0.03164 0.59176 0.56508 
296	5	0.08185 0.90208 0.05940 0.04582 0.54222 0.52848 
297	5	0.11178 0.99194 0.00804 0.06299 0.67748 0.45126 
298	5	0.04432 0.98048 0.03093 0.02655 0.54230 0.60589 
299	5	0.04159 0.85438 0.13679 0.02023 0.27830 0.68928 
300	5	0.02079 0.82853 0.22613 0.00932 0.20537 0.79820 
301	5	0.08656 0.94934 0.08284 0.02809 0.48225 0.64733 
302	5	0.09474 0.99521 0.00575 0.07151 0.79179 0.42166 
303	5	0.13812 1.00000 0.00000 0.08052 0.86187 0.37129 
304	5	0.07684 0.96322 0.04489 0.04093 0.58775 0.55725 
305	5	0.05479 0.93288 0.05323 0.02602 0.37733 0.60960 
306	5	0.03940 0.77315 0.47296 0.00511 0.17451 0.90193 
307	5	0.01564 0.58720 0.45126 0.00413 0.06720 0.88029 
308	5	0.00354 0.73306 0.41787 0.00223 0.07539 0.91722 
309	5	0.00277 0.60307 0.46913 0.00310 0.06530 0.89393 
310	5	0.00980 0.90975 0.12024 0.00934 0.25190 0.75864 
311	5	0.01456 0.82376 0.18024 0.00889 0.20383 0.78105 
312	5	0.01464 0.59443 0.42665 0.00442 0.07386 0.87004 
313	5	0.06115 0.82390 0.27358 0.01519 0.31365 0.78658 
314	5	0.21958 0.92222 0.02354 0.14602 0.65507 0.34667 
315	5	0.00910 0.65675 0.32713 0.00553 0.09955 0.83576 
316	5	0.02199 0.56338 0.29510 0.00976 0.11104 0.78647 
317	5	0.07740 0.93884 0.13186 0.01804 0.35344 0.73023 
318	5	0.01518 0.51280 0.35466 0.00703 0.08345 0.81739 
319	5	0.01608 0.90983 0.15882 0.00883 0.27030 0.78511 
320	5	0.01394 0.84011 0.22988 0.00744 0.22378 0.81122 
321	5	0.19830 0.95135 0.01040 0.12800 0.72888 0.33356 
322	5	0.20482 0.74048 0.09690 0.08241 0.47787 0.51768 
323	5	0.04452 0.93477 0.08053 0.02068 0.37444 0.66437 
324	5	0.04445 0.93285 0.08116 0.02378 0.43923 0.64166 
325	5	0.05725 0.92013 0.12357 0.01606 0.32840 0.71937 
326	5	0.03558 0.89855 0.11127 0.01478 0.27838 0.72060 
327	5	0.13183 0.96728 0.09387 0.03468 0.49975 0.64766 
328	5	0.34913 0.98007 0.08644 0.10319 0.54383 0.58027 
329	5	0.06831 0.97452 0.01882 0.04574 0.60661 0.49136 
330	5	0.13731 0.99446 0.01220 0.08257 0.74110 0.45186 
331	5	0.29024 0.98834 0.00548 0.19650 0.85289 0.25887 
332	5	0.19210 0.99038 0.00467 0.12012 0.79667 0.34237 
333	5	0.03211 0.88099 0.09398 0.01856 0.32652 0.66823 
334	5	0.07269 0.94216 0.10191 0.02038 0.37688 0.71329 
335	5	0.07463 0.92544 0.08385 0.02805 0.41000 0.64730 
336	5	0.06346 0.87663 0.10620 0.01999 0.33626 0.67844 
337	5	0.43532 0.90175 0.16210 0.12596 0.36873 0.61498 
338	5	0.07563 0.68543 0.34423 0.01906 0.28458 0.77816 
339	5	0.03015 0.68568 0.27978 0.01287 0.25797 0.77897 
340	5	0.03427 0.75405 0.17559 0.01967 0.19817 0.70084 
341	5	0.01822 0.70908 0.28949 0.00957 0.15217 0.80578 
342	5	0.02181 0.54957 0.38875 0.00721 0.08223 0.84252 
343	5	0.02157 0.51650 0.33097 0.01022 0.11990 0.79209 
344	5	0.16903 0.86164 0.19424 0.05129 0.34467 0.67480 
345	5	0.15597 0.92576 0.12656 0.07031 0.51635 0.61369 
346	5	0.31220 0.93903 0.17990 0.09596 0.41677 0.67890 
347	5	0.01471 0.79889 0.27131 0.00618 0.16516 0.83736 
348	5	0.01353 0.81374 0.37190 0.00448 0.13393 0.89951 
349	5	0.10614 0.88844 0.13019 0.03219 0.44826 0.66344 
