350	5	6
0	1	0.42465 0.92935 0.07185 0.26818 0.80504 0.46628 
1	1	0.51048 0.80357 0.15036 0.34032 0.76364 0.42294 
2	1	0.28046 0.85733 0.18937 0.15266 0.70070 0.61257 
3	1	0.16400 0.72776 0.46235 0.08484 0.49959 0.75895 
4	1	0.23353 0.79544 0.54888 0.12638 0.49025 0.72291 
5	1	0.41804 0.78900 0.37083 0.23140 0.52636 0.60473 
6	1	0.43689 0.79152 0.37501 0.25206 0.57858 0.58423 
7	1	0.18968 0.80342 0.41866 0.09774 0.51014 0.73652 
8	1	0.10391 0.64010 0.47830 0.05095 0.36962 0.81598 
9	1	0.11786 0.75329 0.45409 0.07382 0.48793 0.77171 
10	1	0.24694 0.87599 0.13685 0.16267 0.69318 0.60343 
11	1	0.16773 0.78162 0.32907 0.10909 0.58944 0.68875 
12	1	0.15790 0.75020 0.39183 0.09367 0.56216 0.72259 
13	1	0.14874 0.94456 0.09524 0.12925 0.78264 0.58656 
14	1	0.39202 0.92432 0.07758 0.28393 0.82495 0.39505 
15	1	0.22262 0.90993 0.19741 0.14799 0.70475 0.57535 
16	1	0.48897 0.88745 0.08854 0.33869 0.82144 0.38915 
17	1	0.42002 0.94888 0.15627 0.26750 0.78493 0.47864 
18	1	0.44315 0.92841 0.20774 0.28240 0.74486 0.47849 
19	1	0.19623 0.82203 0.19830 0.11587 0.63295 0.66794 
20	1	0.05956 0.81693 0.33425 0.06087 0.42731 0.77872 
21	1	0.06715 0.79146 0.34226 0.07680 0.50856 0.76073 
22	1	0.72005 0.78162 0.11805 0.57393 0.79100 0.24650 
23	1	0.32625 0.85750 0.12902 0.22677 0.76036 0.51377 
24	1	0.23659 0.91414 0.10105 0.19228 0.80912 0.54675 
25	1	0.24407 0.72831 0.59615 0.20501 0.61626 0.44449 
26	1	0.22059 0.84592 0.18345 0.14482 0.64110 0.63267 
27	1	0.06327 0.83582 0.33210 0.09914 0.66204 0.65952 
28	1	0.22013 0.74153 0.21982 0.18786 0.68067 0.54059 
29	1	0.45423 0.72020 0.20525 0.29849 0.70081 0.45975 
30	1	0.28219 0.81257 0.20469 0.22377 0.71208 0.50041 
31	1	0.41181 0.85246 0.12344 0.38661 0.78797 0.30244 
32	1	0.34367 0.81774 0.21219 0.21966 0.73549 0.51179 
33	1	0.16541 0.90452 0.18782 0.09412 0.60281 0.71953 
34	1	0.26592 0.92839 0.09707 0.14489 0.76971 0.62877 
35	1	0.08290 0.83248 0.18986 0.10563 0.69153 0.64717 
36	1	0.25004 0.79256 0.24085 0.16202 0.66988 0.61113 
37	1	0.29920 0.83448 0.44097 0.23519 0.75163 0.48096 
38	1	0.32037 0.56834 0.60115 0.14290 0.41141 0.79374 
39	1	0.09622 0.65816 0.44737 0.06785 0.33722 0.80448 
40	1	0.23488 0.78351 0.26509 0.11644 0.50805 0.73221 
41	1	0.11299 0.84816 0.18764 0.08999 0.61443 0.72204 
42	1	0.30879 0.92272 0.08273 0.16970 0.79044 0.60207 
43	1	0.35538 0.78846 0.20102 0.20953 0.65847 0.54628 
44	1	0.34114 0.78070 0.10273 0.23100 0.63823 0.46281 
45	1	0.19456 0.83860 0.50847 0.12967 0.50453 0.70545 
46	1	0.09893 0.81516 0.26102 0.10676 0.57339 0.63304 
47	1	0.19883 0.83246 0.18330 0.13969 0.66979 0.58923 
48	1	0.08869 0.82929 0.35215 0.09753 0.64231 0.66942 
49	1	0.25913 0.90800 0.07473 0.20764 0.81286 0.49616 
50	1	0.26584 0.83880 0.12413 0.20944 0.74998 0.51624 
51	1	0.33526 0.85004 0.23654 0.19799 0.65614 0.57783 
52	1	0.29157 0.77490 0.26632 0.20592 0.60591 0.56482 
53	1	0.53568 0.77369 0.25544 0.35480 0.70823 0.44256 
54	1	0.29389 0.71589 0.33304 0.23158 0.70671 0.48718 
55	1	0.43863 0.82178 0.10863 0.37292 0.90989 0.30179 
56	1	0.52825 0.83380 0.08877 0.44032 0.92189 0.22682 
57	1	0.41726 0.90875 0.11389 0.26839 0.79888 0.43052 
58	1	0.15155 0.92416 0.16884 0.14642 0.78716 0.54643 
59	1	0.15208 0.81701 0.35067 0.09020 0.58424 0.70836 
60	1	0.07748 0.92123 0.15292 0.09802 0.72996 0.63190 
61	1	0.50617 0.87785 0.14222 0.35476 0.75695 0.35461 
62	1	0.54363 0.96246 0.02498 0.40477 0.94264 0.28240 
63	1	0.44890 0.93843 0.03976 0.33613 0.92473 0.32128 
64	1	0.52300 0.98337 0.11957 0.44124 0.80702 0.27579 
65	1	0.51740 0.99535 0.03883 0.40901 0.92689 0.25028 
66	1	0.40400 0.99704 0.02673 0.38635 0.92871 0.26374 
67	1	0.35546 0.96263 0.16429 0.25803 0.74656 0.45042 
68	1	0.23974 0.77752 0.35892 0.12622 0.55788 0.69871 
69	1	0.07245 0.87281 0.21534 0.07597 0.60412 0.69234 
70	2	0.23995 0.69665 0.36923 0.19394 0.50769 0.60610 
71	2	0.26189 0.78736 0.29111 0.21738 0.57953 0.57877 
72	2	0.25013 0.78377 0.30585 0.18695 0.54264 0.60539 
73	2	0.46065 0.72122 0.41344 0.26672 0.46183 0.58575 
74	2	0.29479 0.82442 0.29430 0.19038 0.55007 0.59056 
75	2	0.91338 0.34252 0.07565 0.85073 0.80295 0.08392 
76	2	0.44065 0.57534 0.16848 0.27358 0.55750 0.45092 
77	2	0.40489 0.84140 0.02882 0.35172 0.83922 0.31530 
78	2	0.40857 0.88360 0.11591 0.23698 0.67891 0.52487 
79	2	0.42278 0.85535 0.10258 0.25907 0.70768 0.49383 
80	2	0.38008 0.45000 0.59579 0.19983 0.38656 0.64643 
81	2	0.27439 0.92040 0.08592 0.17741 0.77370 0.52023 
82	2	0.38930 0.92013 0.06191 0.23971 0.73310 0.46562 
83	2	0.33930 0.95085 0.05307 0.21969 0.79277 0.48046 
84	2	0.72268 0.89883 0.03714 0.57823 0.86001 0.22148 
85	2	0.47338 0.89885 0.05021 0.30111 0.74383 0.41979 
86	2	0.42770 0.91202 0.06473 0.26256 0.74780 0.46383 
87	2	0.33726 0.91562 0.07539 0.19989 0.72015 0.52688 
88	2	0.39076 0.89891 0.07873 0.23194 0.71310 0.50555 
89	2	0.34310 0.93608 0.06332 0.22589 0.76084 0.47777 
90	2	0.34381 0.89113 0.04692 0.26823 0.78049 0.43147 
91	2	1.00000 0.01291 0.16418 1.00000 0.85017 0.00000 
92	2	0.36447 0.86097 0.15180 0.21828 0.69234 0.54225 
93	2	0.14475 0.76740 0.24194 0.10691 0.41862 0.63146 
94	2	0.16696 0.70776 0.25966 0.11793 0.41811 0.63371 
95	2	0.13005 0.73805 0.14515 0.11648 0.47901 0.59487 
96	2	0.19768 0.87593 0.14997 0.16510 0.59414 0.52949 
97	2	0.28421 0.81306 0.19182 0.20035 0.58388 0.52502 
98	2	0.14497 0.90623 0.10009 0.12023 0.60645 0.56337 
99	2	0.25591 0.88705 0.16488 0.15779 0.57319 0.56824 
100	2	0.18553 0.91736 0.08115 0.17736 0.67053 0.48370 
101	2	0.33517 0.93628 0.08126 0.27044 0.78536 0.39735 
102	2	0.44998 0.00000 0.64876 0.25130 0.33668 0.61571 
103	2	0.20094 0.78948 0.14999 0.14267 0.50332 0.58906 
104	2	0.12497 0.82640 0.11258 0.11913 0.55821 0.56806 
105	2	0.20939 0.88775 0.16121 0.13695 0.54112 0.60877 
106	2	0.24394 0.76690 0.16612 0.15333 0.45284 0.57715 
107	2	0.24551 0.83929 0.12572 0.15417 0.58166 0.53261 
108	2	0.16543 0.88342 0.16800 0.14382 0.58019 0.59506 
109	2	0.27298 0.89795 0.16609 0.17792 0.58233 0.55994 
110	2	0.26893 0.82215 0.15358 0.19262 0.60743 0.54419 
111	2	0.11386 0.61299 0.39303 0.07184 0.26781 0.72444 
112	2	0.39538 0.85467 0.14995 0.23642 0.70902 0.52833 
113	2	0.30992 0.02692 0.53712 0.18657 0.41169 0.61675 
114	2	0.23983 0.07662 0.81717 0.10536 0.16308 0.75976 
115	2	0.10496 0.17265 0.74571 0.07139 0.15623 0.75814 
116	2	0.11751 0.53726 0.48798 0.10070 0.33919 0.68292 
117	2	0.15651 0.89618 0.13664 0.12014 0.62997 0.64665 
118	2	0.18379 0.87119 0.08697 0.14979 0.74963 0.59370 
119	2	0.49513 0.96207 0.06377 0.35082 0.83850 0.35560 
120	2	0.30534 0.82123 0.16296 0.19826 0.67931 0.53492 
121	2	0.51176 0.84799 0.12562 0.35558 0.77976 0.41033 
122	2	0.29571 0.82646 0.20414 0.21526 0.62666 0.53798 
123	2	0.65456 0.45062 0.23670 0.49137 0.72288 0.32569 
124	2	0.12261 0.81605 0.26496 0.10738 0.48948 0.65973 
125	2	0.22192 0.82628 0.23528 0.16856 0.48537 0.57194 
126	2	0.19459 0.52116 0.57904 0.09242 0.29143 0.77124 
127	2	0.20398 0.03846 0.78751 0.08419 0.13800 0.77408 
128	2	0.57576 0.88490 0.09964 0.41935 0.87275 0.31480 
129	2	0.49596 0.89065 0.12377 0.34936 0.83870 0.37542 
130	2	0.52854 0.85401 0.12076 0.37629 0.82501 0.36229 
131	2	0.15676 0.21198 0.76907 0.05039 0.12562 0.87432 
132	2	0.09711 0.64723 0.50362 0.06398 0.37122 0.79674 
133	2	0.09791 0.03028 1.00000 0.03484 0.00000 0.87171 
134	2	0.50089 0.81565 0.17940 0.33685 0.77577 0.41930 
135	2	0.40914 0.89484 0.05415 0.25108 0.74635 0.46257 
136	2	0.24138 0.93057 0.05640 0.15280 0.72982 0.53457 
137	2	0.46871 0.75867 0.27347 0.30389 0.64176 0.47912 
138	2	0.29231 0.70896 0.37328 0.17403 0.46385 0.60082 
139	2	0.25012 0.57129 0.52459 0.12510 0.27509 0.71079 
140	3	0.42103 0.94219 0.12564 0.24934 0.76060 0.55162 
141	3	0.06261 0.91089 0.18632 0.07499 0.67026 0.74951 
142	3	0.55894 0.95166 0.10447 0.37370 0.78873 0.42416 
143	3	0.31289 0.87789 0.19678 0.16523 0.65367 0.66095 
144	3	0.25319 0.57537 0.81690 0.09593 0.18636 0.84376 
145	3	0.00999 0.56355 0.56106 0.01464 0.10437 0.89759 
146	3	0.00009 0.53607 0.81705 0.00000 0.02501 0.98415 
147	3	0.24994 0.79043 0.42478 0.11183 0.48016 0.77509 
148	3	0.25280 0.91863 0.23732 0.11505 0.57768 0.78526 
149	3	0.24425 0.90493 0.32414 0.14899 0.54012 0.71321 
150	3	0.19227 0.88509 0.35134 0.10973 0.45725 0.76931 
151	3	0.25483 0.92765 0.24079 0.13645 0.55877 0.73161 
152	3	0.20194 0.94877 0.20467 0.13948 0.64608 0.71518 
153	3	0.32253 0.84147 0.35193 0.15504 0.52289 0.71933 
154	3	0.12093 0.81803 0.36729 0.05625 0.45155 0.84286 
155	3	0.23179 0.90673 0.19428 0.14154 0.64082 0.65500 
156	3	0.46456 0.91065 0.17751 0.28331 0.67118 0.54823 
157	3	0.44741 0.90963 0.17240 0.29021 0.68313 0.46539 
158	3	0.24684 0.73406 0.20229 0.13953 0.52229 0.67848 
159	3	0.35018 0.75605 0.25449 0.20220 0.58976 0.63587 
160	3	0.61877 0.61153 0.19389 0.43899 0.62217 0.39796 
161	3	0.89623 0.74097 0.05161 0.83680 0.92039 0.04251 
162	3	0.17574 0.92944 0.10324 0.12826 0.62076 0.55056 
163	3	0.53735 0.85673 0.16026 0.35144 0.68753 0.50493 
164	3	0.45717 0.85888 0.20702 0.26813 0.63017 0.59619 
165	3	0.24956 0.84232 0.35950 0.13459 0.52643 0.69450 
166	3	0.66137 0.76401 0.44525 0.48223 0.62553 0.41979 
167	3	0.65238 0.81225 0.38651 0.47552 0.68294 0.39857 
168	3	0.38128 0.95543 0.14674 0.25528 0.74231 0.49130 
169	3	0.38626 0.97305 0.07320 0.28899 0.84633 0.42084 
170	3	0.27430 0.77583 0.32567 0.13052 0.46194 0.71765 
171	3	0.12933 0.77345 0.49599 0.06020 0.40757 0.82416 
172	3	0.12855 0.72582 0.42703 0.06380 0.43452 0.80013 
173	3	0.26163 0.89093 0.13171 0.14512 0.65384 0.63081 
174	3	0.52112 0.76349 0.55278 0.32312 0.54431 0.55829 
175	3	0.28704 0.90022 0.23033 0.15529 0.56437 0.64131 
176	3	0.35462 0.81572 0.40961 0.18327 0.48040 0.67162 
177	3	0.47404 0.85641 0.36492 0.28293 0.62093 0.56301 
178	3	0.64101 0.85435 0.23298 0.46175 0.73291 0.38656 
179	3	0.56828 0.86004 0.27143 0.37659 0.65704 0.46719 
180	3	0.51346 0.86822 0.22218 0.33206 0.67624 0.46800 
181	3	0.55254 0.87326 0.15890 0.38566 0.75363 0.37576 
182	3	0.10093 0.71761 0.65492 0.05641 0.30057 0.84791 
183	3	0.60170 0.91990 0.13411 0.43474 0.79039 0.35276 
184	3	0.12620 0.88870 0.13336 0.10097 0.64039 0.67816 
185	3	0.09114 0.86012 0.16512 0.08239 0.57236 0.72006 
186	3	0.22205 0.74924 0.71338 0.08745 0.32474 0.84164 
187	3	0.13108 0.76282 0.59650 0.04631 0.30048 0.88000 
188	3	0.21214 0.75418 0.73994 0.09876 0.32258 0.82072 
189	3	0.09793 0.84946 0.24837 0.07269 0.56424 0.79268 
190	3	0.24248 0.64897 0.62311 0.10676 0.31302 0.84588 
191	3	0.02717 0.62615 0.79086 0.01291 0.13319 1.00000 
192	3	0.06017 0.61136 0.84330 0.01960 0.11123 0.98193 
193	3	0.05113 0.51207 0.99304 0.01464 0.03341 0.98939 
194	3	0.28928 0.92839 0.10249 0.19620 0.78209 0.50143 
195	3	0.27946 0.94469 0.12908 0.18594 0.78972 0.53592 
196	3	0.29228 0.97059 0.11300 0.24662 0.81536 0.46901 
197	3	0.25929 0.91634 0.21894 0.21758 0.69256 0.54145 
198	3	0.29639 0.88405 0.25860 0.19356 0.64002 0.59694 
199	3	0.65155 0.95317 0.17429 0.48706 0.79808 0.37929 
200	3	0.29935 0.95818 0.14320 0.16555 0.76142 0.64763 
201	3	0.24815 0.87246 0.18699 0.18654 0.71131 0.55340 
202	3	0.18538 0.86561 0.27249 0.12094 0.60085 0.68372 
203	3	0.20771 0.86304 0.28243 0.13607 0.61278 0.67484 
204	3	0.22553 0.90933 0.12104 0.13066 0.69530 0.65912 
205	3	0.81633 0.71570 0.41004 0.69498 0.72655 0.28393 
206	3	0.78797 0.76224 0.34773 0.65538 0.73856 0.30290 
207	3	0.55114 0.79665 0.31476 0.38537 0.75775 0.44025 
208	3	0.21104 0.83445 0.27259 0.12126 0.53934 0.70586 
209	3	0.10156 0.89038 0.21367 0.09219 0.58856 0.71660 
210	4	0.14922 0.97092 0.08671 0.15822 0.81886 0.52787 
211	4	0.28436 0.93527 0.07404 0.23475 0.81823 0.45685 
212	4	0.28818 0.92946 0.08426 0.19674 0.80826 0.50124 
213	4	0.14709 0.96344 0.08747 0.12502 0.74550 0.57541 
214	4	0.05207 0.93016 0.13230 0.06986 0.63888 0.68162 
215	4	0.15180 0.92160 0.17261 0.09113 0.60464 0.66794 
216	4	0.40280 0.94245 0.07564 0.23644 0.77658 0.51870 
217	4	0.55462 0.88399 0.07147 0.38596 0.81124 0.36920 
218	4	0.41644 0.94503 0.06742 0.29912 0.85208 0.42782 
219	4	0.47641 0.90704 0.11553 0.30478 0.77488 0.46053 
220	4	0.13819 0.91730 0.12374 0.14835 0.76117 0.55289 
221	4	0.27730 0.93515 0.12689 0.22600 0.77763 0.47312 
222	4	0.10645 0.86247 0.24746 0.10568 0.67361 0.66734 
223	4	0.28352 0.97069 0.07648 0.19756 0.81772 0.49373 
224	4	0.11817 0.88896 0.18811 0.07304 0.55249 0.70389 
225	4	0.38329 0.91410 0.15860 0.23871 0.76490 0.49308 
226	4	0.17405 0.92959 0.09037 0.14748 0.78397 0.57534 
227	4	0.14870 0.82780 0.37596 0.11662 0.56251 0.67522 
228	4	0.14401 0.93863 0.17897 0.13669 0.76368 0.58298 
229	4	0.18480 0.84649 0.31637 0.11618 0.57155 0.68097 
230	4	0.33701 0.95804 0.05439 0.25103 0.85004 0.42628 
231	4	0.10714 0.93848 0.12908 0.12774 0.70909 0.58439 
232	4	0.15009 0.92689 0.13350 0.09545 0.64583 0.70571 
233	4	0.07294 0.81961 0.38815 0.06609 0.51934 0.75489 
234	4	0.10552 0.73578 0.43421 0.09968 0.49139 0.69888 
235	4	0.19011 0.85028 0.25249 0.15854 0.70148 0.56301 
236	4	0.16750 0.94679 0.06054 0.15077 0.80780 0.52400 
237	4	0.17608 0.92743 0.10141 0.11880 0.73309 0.62276 
238	4	0.55081 0.89685 0.25218 0.35745 0.65738 0.49428 
239	4	0.30899 0.99505 0.00888 0.30808 0.97366 0.25980 
240	4	0.59437 0.95741 0.00000 0.49738 1.00000 0.13000 
241	4	0.17454 0.77437 0.28609 0.11319 0.57973 0.67919 
242	4	0.21011 0.83991 0.19440 0.12730 0.61354 0.64978 
243	4	0.11985 0.91080 0.16072 0.11457 0.65670 0.63074 
244	4	0.21581 0.96169 0.06405 0.16381 0.83215 0.51137 
245	4	0.13888 0.89376 0.18094 0.11102 0.58999 0.66367 
246	4	0.21195 0.76512 0.30142 0.14797 0.53709 0.63420 
247	4	0.37855 0.72239 0.23216 0.22376 0.58147 0.54357 
248	4	0.22220 0.74843 0.41404 0.11630 0.44853 0.69879 
249	4	0.49736 0.91628 0.05131 0.37025 0.86135 0.32261 
250	4	0.36624 0.95613 0.11709 0.30435 0.80811 0.39857 
251	4	0.19633 0.77079 0.29111 0.16806 0.64239 0.56167 
252	4	0.28811 0.93428 0.12427 0.23224 0.82973 0.42663 
253	4	0.38198 0.84536 0.14338 0.32542 0.77195 0.37400 
254	4	0.35749 0.89307 0.12822 0.25361 0.80108 0.45241 
255	4	0.34858 0.91800 0.13181 0.25330 0.81624 0.43228 
256	4	0.41421 0.85659 0.12979 0.34156 0.78539 0.35561 
257	4	0.15025 0.89765 0.16244 0.10790 0.73066 0.64826 
258	4	0.17716 0.54403 0.44086 0.12532 0.52938 0.65956 
259	4	0.21067 0.73217 0.35089 0.13553 0.57334 0.65650 
260	4	0.18464 0.65416 0.44137 0.13265 0.54204 0.68967 
261	4	0.26504 0.86752 0.23710 0.20977 0.72708 0.52641 
262	4	0.37606 0.74602 0.27106 0.21856 0.61006 0.58053 
263	4	0.38410 0.75293 0.23129 0.24305 0.64856 0.51860 
264	4	0.49952 0.92086 0.11031 0.36431 0.84510 0.34813 
265	4	0.47248 0.85858 0.13733 0.35868 0.78848 0.34805 
266	4	0.46974 0.89764 0.10230 0.40162 0.83884 0.28483 
267	4	0.41101 0.86720 0.15795 0.31232 0.77261 0.38720 
268	4	0.15575 0.87193 0.23402 0.10556 0.67843 0.67340 
269	4	0.22663 0.87332 0.22064 0.13416 0.68789 0.63583 
270	4	0.05163 0.78566 0.33772 0.06514 0.49375 0.76618 
271	4	0.05323 0.78030 0.34089 0.06751 0.49327 0.76352 
272	4	0.21133 0.81700 0.19729 0.13642 0.58915 0.61521 
273	4	0.16263 0.76047 0.33505 0.09511 0.52229 0.72373 
274	4	0.33081 0.93292 0.12888 0.20341 0.77196 0.53156 
275	4	0.13421 0.86051 0.25131 0.13006 0.68616 0.64636 
276	4	0.61267 0.81119 0.12460 0.45301 0.86262 0.30309 
277	4	0.44491 0.82800 0.24961 0.26770 0.65561 0.55125 
278	4	0.36708 0.85589 0.21629 0.22022 0.65505 0.58324 
279	4	0.36654 0.93345 0.06152 0.34722 0.86898 0.33595 
280	5	0.19849 0.97899 0.06145 0.13637 0.81867 0.54970 
281	5	0.27474 0.86384 0.26383 0.14643 0.56270 0.65063 
282	5	0.00000 0.87330 0.26062 0.03146 0.40187 0.81091 
283	5	0.25230 0.94865 0.05188 0.19937 0.83011 0.46776 
284	5	0.17647 0.95344 0.06952 0.15446 0.77785 0.52557 
285	5	0.34664 0.96949 0.04732 0.25704 0.88774 0.39766 
286	5	0.38721 0.99677 0.07013 0.31847 0.83566 0.35532 
287	5	0.18695 0.88754 0.18318 0.12453 0.60016 0.64126 
288	5	0.20197 0.83324 0.22565 0.15773 0.58624 0.61670 
289	5	0.36114 0.97429 0.03528 0.28831 0.88862 0.41263 
290	5	0.31855 0.97498 0.03670 0.29193 0.89203 0.40009 
291	5	0.27349 0.95823 0.03819 0.24765 0.85148 0.41696 
292	5	0.25405 0.97779 0.06546 0.17022 0.81254 0.54481 
293	5	0.43381 0.96503 0.02858 0.33663 0.88877 0.34697 
294	5	0.34826 0.97276 0.02024 0.26716 0.89131 0.34887 
295	5	0.50797 0.95616 0.04031 0.37633 0.86948 0.36696 
296	5	0.19880 0.89083 0.13703 0.16429 0.68404 0.56650 
297	5	0.55015 0.95852 0.02880 0.45158 0.90915 0.26382 
298	5	0.38243 0.94998 0.06102 0.31648 0.84039 0.40113 
299	5	0.14536 0.78722 0.25188 0.08753 0.44479 0.69350 
300	5	0.10877 0.78028 0.31350 0.07256 0.39509 0.75323 
301	5	0.16969 0.95974 0.13710 0.10896 0.67437 0.63234 
302	5	0.09885 0.99904 0.02196 0.11545 0.88601 0.53641 
303	5	0.17034 1.00000 0.00442 0.17567 0.93797 0.43634 
304	5	0.28835 0.96500 0.07715 0.20171 0.78974 0.50250 
305	5	0.41610 0.89298 0.11333 0.26222 0.68307 0.47732 
306	5	0.21540 0.77850 0.49336 0.11001 0.40834 0.75568 
307	5	0.04704 0.57756 0.61476 0.02156 0.11470 0.94890 
308	5	0.11396 0.70027 0.46078 0.05001 0.23358 0.85828 
309	5	0.21040 0.63164 0.49177 0.10434 0.26124 0.75447 
310	5	0.14773 0.88700 0.20746 0.12766 0.53703 0.63349 
311	5	0.14267 0.78445 0.31191 0.08404 0.37492 0.74190 
312	5	0.07132 0.57787 0.58622 0.02838 0.12460 0.92988 
313	5	0.08933 0.82085 0.35408 0.10082 0.48899 0.73040 
314	5	0.74089 0.86352 0.07483 0.58967 0.81176 0.27692 
315	5	0.10381 0.63986 0.48363 0.03662 0.16220 0.91405 
316	5	0.23577 0.53569 0.51435 0.10177 0.21956 0.79873 
317	5	0.32940 0.94876 0.14068 0.18409 0.63903 0.60509 
318	5	0.06675 0.50757 0.63191 0.02607 0.07863 0.96547 
319	5	0.23872 0.91246 0.20302 0.15064 0.58858 0.61251 
320	5	0.16361 0.82983 0.32996 0.11515 0.46134 0.69467 
321	5	0.89414 0.83646 0.00385 0.82583 0.96539 0.05685 
322	5	0.19540 0.70991 0.12857 0.12998 0.59086 0.62971 
323	5	0.52943 0.89265 0.11032 0.34290 0.70844 0.44909 
324	5	0.45709 0.87975 0.09708 0.29981 0.74422 0.41598 
325	5	0.31487 0.94361 0.14987 0.17310 0.60606 0.62161 
326	5	0.21273 0.84916 0.19755 0.14530 0.50463 0.64987 
327	5	0.44738 0.99078 0.03910 0.33252 0.86030 0.36357 
328	5	0.44327 0.98444 0.04192 0.38287 0.88598 0.28283 
329	5	0.38444 0.95552 0.06851 0.25939 0.79847 0.44421 
330	5	0.50356 0.98694 0.01345 0.39392 0.92651 0.26012 
331	5	0.69323 0.98376 0.00903 0.55933 0.93736 0.18017 
332	5	0.40396 0.98026 0.02459 0.28929 0.89202 0.38041 
333	5	0.29319 0.85222 0.20390 0.15949 0.54415 0.65402 
334	5	0.13733 0.92488 0.16914 0.12595 0.63377 0.63810 
335	5	0.13537 0.89430 0.16952 0.14074 0.61222 0.64004 
336	5	0.16791 0.83713 0.23143 0.12195 0.52221 0.69350 
337	5	0.09599 0.86429 0.24993 0.06085 0.45286 0.78358 
338	5	0.16144 0.68922 0.37945 0.09016 0.40882 0.72699 
339	5	0.14487 0.67382 0.40563 0.08018 0.37565 0.76693 
340	5	0.29710 0.73992 0.31309 0.17265 0.40661 0.57684 
341	5	0.30359 0.67175 0.44280 0.15354 0.33209 0.65799 
342	5	0.14401 0.51664 0.52458 0.08046 0.18190 0.74412 
343	5	0.22103 0.48557 0.47025 0.09235 0.20091 0.75453 
344	5	0.18455 0.80540 0.28431 0.09167 0.44478 0.77896 
345	5	0.21207 0.92036 0.20977 0.11848 0.61541 0.71518 
346	5	0.17674 0.93627 0.22363 0.13817 0.57471 0.68092 
347	5	0.12883 0.78529 0.38046 0.08967 0.36528 0.75572 
348	5	0.37882 0.78721 0.42440 0.20036 0.42555 0.66756 
349	5	0.21091 0.86136 0.19087 0.12119 0.59807 0.69290 
